# evidence
1.98337715e-01
2.02170127e-01
1.95470585e-01
1.89444927e-01
2.10235960e-01
1.61677023e-01
1.95248385e-01
1.97311778e-01
2.17077342e-01
2.06443629e-01
1.85456912e-01
2.18767604e-01
2.20982240e-01
2.05279464e-01
1.90120706e-01
1.94751830e-01
2.12565302e-01
2.09518244e-01
1.95731826e-01
1.88324186e-01
1.96772184e-01
2.38773482e-01
2.19669929e-01
1.80531124e-01
1.99010652e-01
2.18082024e-01
1.82299101e-01
2.02149387e-01
2.00602464e-01
1.86604751e-01
2.31162469e-01
1.82906007e-01
1.84620718e-01
2.17057532e-01
2.17213964e-01
2.09868315e-01
1.69752320e-01
2.03118592e-01
2.16654613e-01
1.91608012e-01
2.34799855e-01
2.06249424e-01
2.03756487e-01
1.78066745e-01
1.96648041e-01
1.79834558e-01
1.88108260e-01
1.78533577e-01
2.25104688e-01
2.02024942e-01
1.85850540e-01
1.92593085e-01
2.03538974e-01
2.03810727e-01
1.92053962e-01
1.71382230e-01
2.36478106e-01
1.83837221e-01
1.96353535e-01
1.71522498e-01
2.13990332e-01
2.08291735e-01
2.03144436e-01
2.12517539e-01
1.95270292e-01
1.95637164e-01
1.91484500e-01
2.04564377e-01
1.96908016e-01
2.01227216e-01
2.02600654e-01
1.99248390e-01
2.06253656e-01
1.99861318e-01
2.13245237e-01
2.09494824e-01
2.13834162e-01
1.92748135e-01
1.77917719e-01
2.09574970e-01
2.06800491e-01
2.00951313e-01
2.03079871e-01
2.09305141e-01
2.04287287e-01
2.04618160e-01
2.33224019e-01
2.33379930e-01
1.78570716e-01
2.03188166e-01
2.01784056e-01
2.15636305e-01
1.95901241e-01
1.90855819e-01
2.17245745e-01
1.98190458e-01
2.22196264e-01
2.09908300e-01
2.44445702e-01
1.83601715e-01
