  0.720473026437532E-015  0.651909072556807E+002  0.999207040118882E+001
  0.903637880351463E-015  0.647312102197904E+002  0.202460235905721E-001
  0.123910718465769E-014  0.640931192764357E+002  0.996257307234624E+001
  0.138623584336110E-014  0.638620618171775E+002  0.995632711578231E+001
  0.157929216033718E-014  0.635946368381457E+002  0.994908155513961E+001
  0.177728771542999E-014  0.633517578580377E+002  0.994248557890219E+001
  0.188697965749894E-014  0.632253241995386E+002  0.609538968080969E-001
  0.195895149833525E-014  0.631438048307769E+002  0.993682633086903E+001
  0.232481506239052E-014  0.627946870255095E+002  0.992730081283814E+001
  0.241888075712156E-014  0.627087025587064E+002  0.750499945889049E-001
  0.449827470332807E-014  0.614612690027753E+002  0.989063023667943E+001
  0.899709823162448E-014  0.600681970573095E+002  0.985181550138344E+001
  0.101348153926972E-013  0.598233925605877E+002  0.155060117602595E+000
  0.105282634485977E-013  0.597405633144526E+002  0.984260976130628E+001
  0.132197159907683E-013  0.592786158282483E+002  0.170420763208590E+000
  0.180873571764116E-013  0.586449525585132E+002  0.188393246891834E+000
  0.220509339303989E-013  0.582420134574302E+002  0.199881738577785E+000
  0.264697569415117E-013  0.578700621219105E+002  0.210528712413944E+000
  0.463846935297386E-013  0.567414731613217E+002  0.243085813708958E+000
  0.531126208017118E-013  0.564639274693301E+002  0.251151419256757E+000
  0.669479001738441E-013  0.559942716338201E+002  0.264854010080531E+000
  0.746298069178357E-013  0.557703655008403E+002  0.972858912350243E+001
  0.846790302119183E-013  0.555110539009208E+002  0.972097569796363E+001
  0.138555896813521E-012  0.545195866457463E+002  0.969166751068566E+001
  0.188523279409065E-012  0.538970357332712E+002  0.326899582491385E+000
  0.248775273387178E-012  0.533357232031259E+002  0.965624845171936E+001
  0.252611359293177E-012  0.532984632110182E+002  0.965512603062910E+001
  0.258244705416915E-012  0.532476967755919E+002  0.346404023055500E+000
  0.319261105754378E-012  0.528168378447939E+002  0.359425407240243E+000
  0.360217088581003E-012  0.525687870801718E+002  0.366951185870489E+000
  0.380373058951103E-012  0.524532402366343E+002  0.370464192557397E+000
  0.414153098261152E-012  0.522764182508253E+002  0.375849271689337E+000
  0.423116821688358E-012  0.522269374564540E+002  0.962264182033955E+001
  0.497389574046087E-012  0.518968313660211E+002  0.961255299340027E+001
  0.632038410493765E-012  0.514110225895304E+002  0.959763425814455E+001
  0.108104296629218E-011  0.503309042188394E+002  0.956415381749528E+001
  0.123015034227477E-011  0.500658284251778E+002  0.955587023786220E+001
  0.241394707980411E-011  0.487109192273398E+002  0.486896898029111E+000
  0.245841471851025E-011  0.486677566099314E+002  0.951172872387731E+001
  0.249485271668685E-011  0.486316750752889E+002  0.489420756716179E+000
  0.294713380897161E-011  0.482918126715038E+002  0.500273984573122E+000
  0.525289963380165E-011  0.471292628363920E+002  0.537760738964621E+000
  0.564702040016542E-011  0.469779116403767E+002  0.945731682678925E+001
  0.573716920191548E-011  0.469395803101237E+002  0.543931398681804E+000
  0.817843172660276E-011  0.462238557429688E+002  0.567355956240959E+000
  0.105368380516693E-010  0.457104459803071E+002  0.941570103316004E+001
  0.175221176234687E-010  0.446866175118903E+002  0.938155388909505E+001
  0.234500909517392E-010  0.440971410791047E+002  0.638330527483136E+000
  0.549029666464706E-010  0.423890994771031E+002  0.930308402823211E+001
  0.901170241333890E-010  0.413913604778565E+002  0.926816176698629E+001
  0.112594068138174E-009  0.409393450184269E+002  0.925216236708405E+001
  0.190835199090296E-009  0.398774470580010E+002  0.785879033557222E+000
  0.267929170936283E-009  0.391921666089663E+002  0.918922058783393E+001
  0.272188528529081E-009  0.391539664532566E+002  0.918782420621091E+001
  0.312251677547857E-009  0.388726817217700E+002  0.822485545341998E+000
  0.652351800204227E-009  0.373924772099174E+002  0.912243644860055E+001
  0.723637340660343E-009  0.371784088918882E+002  0.911435227610336E+001
  0.104123807591613E-008  0.364440025406701E+002  0.913620233210513E+000
  0.105951710681256E-008  0.364025413965203E+002  0.915210622579685E+000
  0.106150477149270E-008  0.363921373113670E+002  0.915609898656191E+000
  0.153328987000596E-008  0.356500253880246E+002  0.944289858261806E+000
  0.212670547207237E-008  0.349890530342368E+002  0.902982477328444E+001
  0.218574414144365E-008  0.349276328877401E+002  0.972597379206650E+000
  0.221689729467414E-008  0.348926727784269E+002  0.902602264777806E+001
  0.272809747471501E-008  0.344710254637502E+002  0.990695593255874E+000
  0.301098484359813E-008  0.342670443930321E+002  0.900116646675045E+001
  0.331878749028742E-008  0.340657242395608E+002  0.100689789446425E+001
  0.386675019677193E-008  0.337534388406323E+002  0.101947220689471E+001
  0.441083743146857E-008  0.334834829537191E+002  0.896959320605966E+001
  0.461438968188729E-008  0.333865972787146E+002  0.103434598940819E+001
  0.501659850867893E-008  0.332127966914756E+002  0.104143225917574E+001
  0.521786867835613E-008  0.331274673048350E+002  0.104492074494793E+001
  0.591379803462649E-008  0.328704132224287E+002  0.105546760367693E+001
  0.595332341373674E-008  0.328504349420624E+002  0.499723696526743E+001
  0.595491073863010E-008  0.328432461762233E+002  0.499254066517294E+001
  0.625261902211190E-008  0.327390221837742E+002  0.497232684994965E+001
  0.629019676814306E-008  0.327203827367794E+002  0.502992704739145E+001
  0.646071361859380E-008  0.326602323044914E+002  0.496366128507525E+001
  0.716529949434570E-008  0.324465565621699E+002  0.494610515967924E+001
  0.724216897498084E-008  0.324185592146337E+002  0.494413335012541E+001
  0.787971154982859E-008  0.322431625261752E+002  0.493273056382260E+001
  0.123280601049395E-007  0.313413335947106E+002  0.511473342909571E+001
  0.139587024805740E-007  0.310862276665069E+002  0.512679274563543E+001
  0.148893992252748E-007  0.309504793846119E+002  0.886387146185010E+001
  0.149140801801310E-007  0.309405113105849E+002  0.113655643110533E+001
  0.149624981211607E-007  0.309273733303162E+002  0.513417381273030E+001
  0.149602835835339E-007  0.309210137837888E+002  0.486553229866205E+001
  0.155728920556657E-007  0.308340926326065E+002  0.486152616686397E+001
  0.165473680937298E-007  0.307060463571733E+002  0.485565649479814E+001
  0.171480818399128E-007  0.306280722576283E+002  0.115001846334028E+001
  0.172223405205988E-007  0.306127745030230E+002  0.884931988721395E+001
  0.173490719188187E-007  0.305914557133298E+002  0.884839742449888E+001
  0.176851059102571E-007  0.305464325369571E+002  0.884644776007188E+001
  0.206753985588075E-007  0.302273335433530E+002  0.116742981261349E+001
  0.214047221783681E-007  0.301513438788246E+002  0.882924988598421E+001
  0.220621635954700E-007  0.300841832455314E+002  0.517252459101247E+001
  0.224420635657079E-007  0.300433817675405E+002  0.482563634278762E+001
  0.225965801709833E-007  0.300230031088000E+002  0.517528201218404E+001
  0.252108916570406E-007  0.297973924590254E+002  0.881370419809995E+001
  0.256007694991790E-007  0.297600442791589E+002  0.881205607237380E+001
  0.311617062258916E-007  0.293602535653006E+002  0.520515444666405E+001
  0.356627155350405E-007  0.290837664174472E+002  0.878194914393001E+001
  0.401797258688811E-007  0.288385972842194E+002  0.522879600698605E+001
  0.438709504569959E-007  0.286561620171085E+002  0.523711102952569E+001
  0.440767230135841E-007  0.286401475568549E+002  0.523784228743723E+001
  0.465873523335852E-007  0.285226974269518E+002  0.875657954931555E+001
  0.484589537073797E-007  0.284372657884429E+002  0.475287356073391E+001
  0.514249408337938E-007  0.283117978868581E+002  0.125305186492025E+001
  0.544180326919560E-007  0.281919977121987E+002  0.125854665330560E+001
  0.555986693878071E-007  0.281424147583039E+002  0.873917408159447E+001
  0.570837164691772E-007  0.280830399156699E+002  0.873644075950449E+001
  0.633953413771180E-007  0.278666413783511E+002  0.527345830947110E+001
  0.650937542597971E-007  0.278071093481358E+002  0.527622561296617E+001
  0.682198288292366E-007  0.277066404399790E+002  0.471909503595936E+001
  0.714434594402773E-007  0.276076426759459E+002  0.128560128531526E+001
  0.721462235123645E-007  0.275814099320262E+002  0.871317416332535E+001
  0.870207209950434E-007  0.271998517098931E+002  0.469530934130314E+001
  0.891491394873245E-007  0.271448672713156E+002  0.530729023366478E+001
  0.908828144805730E-007  0.270996912274486E+002  0.130947028385978E+001
  0.917901359354189E-007  0.270731678143044E+002  0.868927409707544E+001
  0.997771816123645E-007  0.268996428824247E+002  0.468106907138065E+001
  0.101997496505089E-006  0.268489697964415E+002  0.867862303457089E+001
  0.113145030772943E-006  0.266348698461835E+002  0.533158768902330E+001
  0.118089606747236E-006  0.265426677429073E+002  0.133603877340050E+001
  0.121503865384373E-006  0.264790074414406E+002  0.466091779734844E+001
  0.121812445575802E-006  0.264672789525686E+002  0.866033272483931E+001
  0.126749859774154E-006  0.263811573610406E+002  0.465619579156081E+001
  0.133543344218801E-006  0.262700806512784E+002  0.534918057259485E+001
  0.139007645733799E-006  0.261832193991805E+002  0.464660311078244E+001
  0.141322424531214E-006  0.261435337354607E+002  0.535532680919413E+001
  0.144884856258689E-006  0.260870874482186E+002  0.535807565605602E+001
  0.148923806264515E-006  0.260254409168179E+002  0.463891705264612E+001
  0.171132477735038E-006  0.257407789919213E+002  0.137504930429605E+001
  0.181219159850654E-006  0.256195851186297E+002  0.461898026317813E+001
  0.193699332632432E-006  0.254797295417823E+002  0.861204740980112E+001
  0.195335646634871E-006  0.254562495243184E+002  0.538911231894322E+001
  0.201260597493886E-006  0.253898314849579E+002  0.539241462951431E+001
  0.211379970483825E-006  0.252850624074153E+002  0.460236248129177E+001
  0.216475815140313E-006  0.252307638054334E+002  0.459964894096724E+001
  0.265877928131986E-006  0.248129913176356E+002  0.142138708494355E+001
  0.267805752693975E-006  0.247918864820840E+002  0.542245435912932E+001
  0.299883776371080E-006  0.245589647555724E+002  0.543431144638919E+001
  0.323599505507090E-006  0.244000858362119E+002  0.855754738565324E+001
  0.374426449055880E-006  0.241016527982862E+002  0.854214285086925E+001
  0.375230791682195E-006  0.240907054277131E+002  0.145842515809467E+001
  0.388541493113297E-006  0.240143324748536E+002  0.453760735369494E+001
  0.403091158733087E-006  0.239341513562434E+002  0.453342984591982E+001
  0.402480691510502E-006  0.239305270008421E+002  0.546675925487199E+001
  0.401435977904585E-006  0.239290695424709E+002  0.146683619545833E+001
  0.505649666201757E-006  0.234608219486603E+002  0.149146705818302E+001
  0.601470201791469E-006  0.231071005201844E+002  0.448965671508424E+001
  0.615425054383251E-006  0.230545725798832E+002  0.448683307589929E+001
  0.664089878321251E-006  0.228957083500587E+002  0.847826028180788E+001
  0.674558622386121E-006  0.228577705998807E+002  0.447620597431191E+001
  0.727970903795774E-006  0.226987100279866E+002  0.553243935075130E+001
  0.732285713057982E-006  0.226802350955860E+002  0.446655318923571E+001
  0.832536074317493E-006  0.224169679209263E+002  0.845212086002149E+001
  0.928492194482055E-006  0.221921414992628E+002  0.556031842804646E+001
  0.936815770565366E-006  0.221676365741182E+002  0.156168085022125E+001
  0.951269896364417E-006  0.221303586372737E+002  0.156375576355373E+001
  0.978289692662189E-006  0.220676870361644E+002  0.843274912338051E+001
  0.984178375190606E-006  0.220490288144101E+002  0.443170700610577E+001
  0.100205115385543E-005  0.220063788824855E+002  0.842932177831271E+001
  0.102582167711549E-005  0.219528335531993E+002  0.842632166542938E+001
  0.110780853994267E-005  0.217923982773215E+002  0.841729455270695E+001
  0.113026167631005E-005  0.217456118924096E+002  0.558534874660298E+001
  0.121591153835401E-005  0.215928666023000E+002  0.559401319535982E+001
  0.123785828133998E-005  0.215504337001167E+002  0.440357031309723E+001
  0.123416331258062E-005  0.215497569860063E+002  0.159646829657384E+001
  0.130457660614266E-005  0.214321308306205E+002  0.160318896852129E+001
  0.144102882206227E-005  0.212265177107287E+002  0.561501515324884E+001
  0.147211124685710E-005  0.211771815815173E+002  0.838213211300660E+001
  0.147831916465439E-005  0.211621097012095E+002  0.838125945316398E+001
  0.148362999144989E-005  0.211482820431702E+002  0.838045834840047E+001
  0.153974245299012E-005  0.210673796982412E+002  0.837576192579964E+001
  0.157716011562447E-005  0.210127027770758E+002  0.162742119749230E+001
  0.165146732381901E-005  0.209139705063257E+002  0.563318785179867E+001
  0.174078588436025E-005  0.208019699480520E+002  0.563975908285390E+001
  0.182537067156942E-005  0.207004215575026E+002  0.835425535773788E+001
  0.182146131784114E-005  0.206980539239374E+002  0.564588450135296E+001
  0.190263587630496E-005  0.206041960892230E+002  0.834855904543962E+001
  0.190994620984536E-005  0.205898708066322E+002  0.165229103519251E+001
  0.200165028155650E-005  0.204894214228081E+002  0.565826695083571E+001
  0.206629026719392E-005  0.204192000887795E+002  0.166246041592555E+001
  0.211684771785592E-005  0.203641981114840E+002  0.566575420498539E+001
  0.225727652829816E-005  0.202290806232015E+002  0.432611954208939E+001
  0.235159619722111E-005  0.201405544033764E+002  0.567923172251668E+001
  0.247775224003404E-005  0.200293838953467E+002  0.431401733604403E+001
  0.250570958537625E-005  0.200002879798106E+002  0.831224471861427E+001
  0.267506935722972E-005  0.198628257078077E+002  0.569616249215831E+001
  0.282320882106021E-005  0.197483725077906E+002  0.170320405382812E+001
  0.282817790158431E-005  0.197381998568058E+002  0.829616823825083E+001
  0.290451391103919E-005  0.196782774873138E+002  0.829246451507635E+001
  0.299538782796713E-005  0.196100065729771E+002  0.828823180229246E+001
  0.299763656404552E-005  0.196018500903847E+002  0.828772518000654E+001
  0.301170005036062E-005  0.195858334023818E+002  0.171327024238094E+001
  0.325633798140405E-005  0.194229807716153E+002  0.827656454917868E+001
  0.337930417317768E-005  0.193421920374656E+002  0.827149158501180E+001
  0.338301602941779E-005  0.193333408460097E+002  0.827093456169973E+001
  0.368644968762009E-005  0.191548928206143E+002  0.574034807228743E+001
  0.393812233564446E-005  0.190161568513460E+002  0.174919017393662E+001
  0.426620617230612E-005  0.188494594653458E+002  0.424010227038505E+001
  0.434555822123091E-005  0.188059453315812E+002  0.423729195402292E+001
  0.435003239288702E-005  0.187972316176821E+002  0.576327157983551E+001
  0.436961623743566E-005  0.187815922454621E+002  0.176428365551180E+001
  0.445593985833993E-005  0.187358110292345E+002  0.176725108418671E+001
  0.452835265599944E-005  0.186969150180327E+002  0.423022214622021E+001
  0.460541338447315E-005  0.186565110117807E+002  0.422759190611578E+001
  0.472042044792846E-005  0.186005245530200E+002  0.177606207132692E+001
  0.470496567112338E-005  0.186004277664843E+002  0.422393160290867E+001
  0.473341251646906E-005  0.185817163305504E+002  0.177729204727809E+001
  0.488793905704672E-005  0.185108120517852E+002  0.178194004538078E+001
  0.495804863164360E-005  0.184756734948673E+002  0.821574992656389E+001
  0.499806730783869E-005  0.184529398007025E+002  0.178574694034821E+001
  0.498664899407250E-005  0.184508585392653E+002  0.578588406979297E+001
  0.501044266860281E-005  0.184346827024849E+002  0.178695038965469E+001
  0.529998605193467E-005  0.183156672810113E+002  0.179482495473763E+001
  0.590465115887559E-005  0.180929393338063E+002  0.180970154239773E+001
  0.591408984217510E-005  0.180830892728195E+002  0.581036374932441E+001
  0.613749857778727E-005  0.180022743953526E+002  0.418418918609400E+001
  0.658238344829888E-005  0.178556595260895E+002  0.582575741463611E+001
  0.669097975029419E-005  0.178162771309997E+002  0.182844357126032E+001
  0.675060412552834E-005  0.177918781756719E+002  0.816988915409488E+001
  0.674536863856344E-005  0.177867743138604E+002  0.816954008694828E+001
  0.683636037926647E-005  0.177533200537764E+002  0.583275052638418E+001
  0.716227738322503E-005  0.176535194356680E+002  0.816038925989007E+001
  0.729138305860902E-005  0.176111333608465E+002  0.815746337414917E+001
  0.754012653495108E-005  0.175373863492552E+002  0.584764504563802E+001
  0.775554647407678E-005  0.174743921735412E+002  0.185202662377216E+001
  0.775745416636585E-005  0.174672446982434E+002  0.414747517474571E+001
  0.800072527766406E-005  0.173988331415478E+002  0.185730431548510E+001
  0.806098688644685E-005  0.173771699728989E+002  0.814117804063396E+001
  0.817633593561576E-005  0.173420981344683E+002  0.813871674540961E+001
  0.833876058894563E-005  0.172961016057710E+002  0.413548068315412E+001
  0.833720384252761E-005  0.172898194364139E+002  0.186496201183063E+001
  0.854260040133406E-005  0.172344887189898E+002  0.186886856652301E+001
  0.886831202707228E-005  0.171529951012583E+002  0.412535298509611E+001
  0.891647358282447E-005  0.171355074144538E+002  0.187589088115346E+001
  0.893655203945691E-005  0.171243532208630E+002  0.187668497735523E+001
  0.951942441960053E-005  0.169913285407376E+002  0.811380101062953E+001
  0.100287259564555E-004  0.168804345930091E+002  0.810580724343928E+001
  0.102152526840065E-004  0.168369222250096E+002  0.589734516696260E+001
  0.101888848757321E-004  0.168354357577799E+002  0.810254698131468E+001
  0.101915551369745E-004  0.168282560944529E+002  0.589797409289493E+001
  0.106751930002289E-004  0.167288741363139E+002  0.190521235549009E+001
  0.112433052651127E-004  0.166185181053845E+002  0.591330638096027E+001
  0.113933838752401E-004  0.165853426029306E+002  0.591575143935224E+001
  0.125911423178876E-004  0.163787655207542E+002  0.593110215263249E+001
  0.130990105457577E-004  0.162930236997759E+002  0.193753874577683E+001
  0.130778947557247E-004  0.162895947492276E+002  0.593779696636717E+001
  0.132040565891923E-004  0.162637377329117E+002  0.806025381962396E+001
  0.146651931040138E-004  0.160471766121688E+002  0.804378560188783E+001
  0.152505970087045E-004  0.159622374712292E+002  0.596274491075276E+001
  0.155948655957908E-004  0.159109357286300E+002  0.403329078257398E+001
  0.155806058017328E-004  0.159061097656935E+002  0.403291707667286E+001
  0.156795427850925E-004  0.158867943207048E+002  0.803141999984202E+001
  0.161577870969996E-004  0.158200482379870E+002  0.802622991714296E+001
  0.167228601159107E-004  0.157446435659172E+002  0.802033479569604E+001
  0.168572808972059E-004  0.157219759625268E+002  0.198144402276281E+001
  0.169013759026874E-004  0.157100956447791E+002  0.801762243878857E+001
  0.173122155113767E-004  0.156554054280309E+002  0.198668613290536E+001
  0.173332751611489E-004  0.156463184027187E+002  0.401259620244321E+001
  0.175478204218999E-004  0.156150594707436E+002  0.801012357663818E+001
  0.176762585853466E-004  0.155938185573097E+002  0.400843993075263E+001
  0.177841165425288E-004  0.155749963500748E+002  0.800694564936411E+001
  0.179575900882965E-004  0.155489264862082E+002  0.199512768843268E+001
  0.179714266131267E-004  0.155407304769452E+002  0.800421959803250E+001
  0.188284470742160E-004  0.154409033323764E+002  0.799623524227040E+001
  0.188656101895086E-004  0.154303040931603E+002  0.799538373488167E+001
  0.190075481125716E-004  0.154086575701588E+002  0.799364245882850E+001
  0.193986524276223E-004  0.153612671263649E+002  0.398981961234518E+001
  0.195795934166289E-004  0.153360430052091E+002  0.601222117576957E+001
  0.199978394001246E-004  0.152871146928710E+002  0.201619185019604E+001
  0.207174017974415E-004  0.152097595608304E+002  0.602250235064388E+001
  0.209724757458228E-004  0.151786302094246E+002  0.797494664380635E+001
  0.212874051681873E-004  0.151421652454305E+002  0.602805012267483E+001
  0.213086356435579E-004  0.151335160079264E+002  0.602876229169594E+001
  0.214324908830336E-004  0.151152691950129E+002  0.203026643042359E+001
  0.215145859854910E-004  0.151009674411240E+002  0.796855300079096E+001
  0.216275379356823E-004  0.150838392927841E+002  0.796713722480669E+001
  0.216913577610691E-004  0.150712906841147E+002  0.603390133308156E+001
  0.216750917537402E-004  0.150661354350169E+002  0.203432831958059E+001
  0.224895191084367E-004  0.149857085999048E+002  0.395898566243072E+001
  0.229553556295839E-004  0.149380492461846E+002  0.395500157285332E+001
  0.229400255602436E-004  0.149327297542515E+002  0.204544414231456E+001
  0.232979164213986E-004  0.148951127607130E+002  0.204860199365596E+001
  0.233579351268101E-004  0.148833115247072E+002  0.204959483970546E+001
  0.239729507743093E-004  0.148246771781842E+002  0.205454324621863E+001
  0.241165593202080E-004  0.148060764588189E+002  0.794388153820930E+001
  0.258518512842921E-004  0.146604538755617E+002  0.606854267684879E+001
  0.257752178591531E-004  0.146597357605623E+002  0.606860435557595E+001
  0.258737394556988E-004  0.146454500773768E+002  0.606983219947023E+001
  0.263592044088920E-004  0.146016165097690E+002  0.207360981960927E+001
  0.267007874955587E-004  0.145692098660539E+002  0.207641259031429E+001
  0.270264745684137E-004  0.145383065539218E+002  0.392090671264219E+001
  0.276541075468360E-004  0.144857362801083E+002  0.608367149472517E+001
  0.280211583081470E-004  0.144527094865218E+002  0.391344055231051E+001
  0.284251213578183E-004  0.144174270456227E+002  0.791034523784165E+001
  0.285978869798361E-004  0.143986524169561E+002  0.790869384914519E+001
  0.302020491324058E-004  0.142828429550249E+002  0.789844031385803E+001
  0.302396618022246E-004  0.142736981882105E+002  0.389762566522764E+001
  0.598330592315286E-004  0.127794426854966E+002  0.210975141360854E+001
  0.630838090296973E-004  0.126609326176966E+002  0.387953449888235E+001
  0.632747006597157E-004  0.126548897551871E+002  0.387898468514685E+001
  0.635421865475389E-004  0.126464528256777E+002  0.212178353010150E+001
  0.635805249643344E-004  0.126323847013984E+002  0.212306598417196E+001
  0.669586046884622E-004  0.125159881691839E+002  0.213374956106102E+001
  0.694205858098130E-004  0.124437704470808E+002  0.214044488982645E+001
  0.763308516563521E-004  0.122539829385293E+002  0.384170599739893E+001
  0.781914799096285E-004  0.122058159670338E+002  0.383711544640989E+001
  0.797543026829758E-004  0.121531211593535E+002  0.383206436132620E+001
  0.801420648036723E-004  0.121172766412466E+002  0.217138912721833E+001
  0.833657082159968E-004  0.120384042762331E+002  0.382096065684654E+001
  0.851165113193706E-004  0.119837215011935E+002  0.218438541204591E+001
  0.842550074199153E-004  0.119779234112512E+002  0.218495431926011E+001
  0.843344128488250E-004  0.119760394155733E+002  0.218513926196909E+001
  0.853487973732150E-004  0.119521266994650E+002  0.218749031525344E+001
  0.923102437297874E-004  0.117953091800090E+002  0.220308018929506E+001
  0.941365156343732E-004  0.117561273712988E+002  0.379297673061722E+001
  0.950230494823041E-004  0.117107133783451E+002  0.221161820389626E+001
  0.101791309721560E-003  0.115466124328881E+002  0.377155019613415E+001
  0.103004352981304E-003  0.115097180348025E+002  0.223228481748702E+001
  0.106169692037009E-003  0.114491831686605E+002  0.376138099718750E+001
  0.106796046937128E-003  0.114374187090970E+002  0.376014387411074E+001
  0.111872319972798E-003  0.113311661155676E+002  0.374887802370170E+001
  0.112946546510373E-003  0.112986752466563E+002  0.225460094220777E+001
  0.113538388791564E-003  0.112882225668334E+002  0.225572362217662E+001
  0.113085101026864E-003  0.112827552330138E+002  0.374368847858143E+001
  0.113700013038203E-003  0.112719094855617E+002  0.225747913592787E+001
  0.113984805434113E-003  0.112669062087277E+002  0.225801839019490E+001
  0.114589328826697E-003  0.112426752197788E+002  0.373936442371618E+001
  0.113902720396342E-003  0.112410431476477E+002  0.226081218928057E+001
  0.128817472250064E-003  0.109812878088253E+002  0.371051936307507E+001
  0.128879135666139E-003  0.109666787311652E+002  0.370887256462567E+001
  0.130239276917826E-003  0.109456820952196E+002  0.229350099000234E+001
  0.131545040493973E-003  0.108983324946677E+002  0.229888309459878E+001
  0.131994220678450E-003  0.108915148293614E+002  0.229966144716261E+001
  0.137176037904241E-003  0.108145010087495E+002  0.369148526903504E+001
  0.137159703440912E-003  0.108008982905447E+002  0.368990973495067E+001
  0.137992230590440E-003  0.107887954544439E+002  0.368850489366713E+001
  0.139505430492838E-003  0.107530458252822E+002  0.368433840162430E+001
  0.139346531213533E-003  0.107413878221875E+002  0.368297420701118E+001
  0.138726158232796E-003  0.107363743949430E+002  0.231761329212577E+001
  0.141327816508601E-003  0.106714357179026E+002  0.232526936429641E+001
  0.143653620728730E-003  0.106387900005924E+002  0.232915119737206E+001
  0.144148770768851E-003  0.106179708493931E+002  0.366836146791646E+001
  0.144997523700589E-003  0.105922919752722E+002  0.233471928335770E+001
  0.145090035813119E-003  0.105910163312449E+002  0.366512730277124E+001
  0.147299518615527E-003  0.105467540478335E+002  0.234021794238861E+001
  0.148512997692245E-003  0.105303451967312E+002  0.365778943999545E+001
  0.149951134560994E-003  0.105110712157935E+002  0.234455884290082E+001
  0.149881442053233E-003  0.104977660325836E+002  0.234618482649458E+001
  0.152156876461187E-003  0.104676310819180E+002  0.365011744246669E+001
  0.154209282212448E-003  0.104408339126171E+002  0.235318848038143E+001
  0.155070519012770E-003  0.104152547775089E+002  0.364364002384405E+001
  0.156351666484611E-003  0.103700217672075E+002  0.363799310234967E+001
  0.156713019773498E-003  0.103510678069653E+002  0.236438803896796E+001
  0.162306245195908E-003  0.102241889728174E+002  0.361943680189615E+001
  0.166280877188193E-003  0.101758020995688E+002  0.361315581365878E+001
  0.165658690430751E-003  0.101691653646473E+002  0.238771071033692E+001
  0.165944528822259E-003  0.101657174070195E+002  0.361183862334416E+001
  0.166754996973304E-003  0.101559732421934E+002  0.361056321101381E+001
  0.169193166355533E-003  0.100983705133310E+002  0.360296848841835E+001
  0.170366308742794E-003  0.100845508777033E+002  0.239886785452359E+001
  0.171842527667212E-003  0.100529586098773E+002  0.240308703023563E+001
  0.175090302200780E-003  0.100155119443261E+002  0.359187298213783E+001
  0.174774136661673E-003  0.100046861698547E+002  0.359040791243792E+001
  0.173566250553022E-003  0.100041159111145E+002  0.240966936241555E+001
  0.181860141580622E-003  0.989631828568293E+001  0.242446317094228E+001
  0.181144408850412E-003  0.988976456313148E+001  0.357462513519127E+001
  0.181962656255795E-003  0.988075070612827E+001  0.242663115809012E+001
  0.180485419244855E-003  0.986806766334813E+001  0.357159648531831E+001
  0.182497216895878E-003  0.976077857787556E+001  0.244362217122477E+001
  0.182025930253254E-003  0.972442613932537E+001  0.244887397250301E+001
  0.182114906441131E-003  0.970970299858688E+001  0.354898469529346E+001
  0.182026214778251E-003  0.966972019186229E+001  0.245687299221037E+001
  0.185301330614351E-003  0.962049561752488E+001  0.246417258870367E+001
  0.185468841489728E-003  0.961868845072046E+001  0.353555753006360E+001
  0.187440666075092E-003  0.958388562018417E+001  0.246966669431195E+001
  0.186440630855181E-003  0.958093267512725E+001  0.247011232896688E+001
  0.189446073849181E-003  0.954894955888941E+001  0.247496319622825E+001
  0.193570028479366E-003  0.950587968293626E+001  0.248156729929300E+001
  0.198013932073574E-003  0.943289695678629E+001  0.249295441134119E+001
  0.198034510918611E-003  0.943268911508995E+001  0.350701279501305E+001
  0.199242865488746E-003  0.942052272084568E+001  0.350508944873939E+001
  0.199371450790766E-003  0.939145417351057E+001  0.350046416820212E+001
  0.199374522684318E-003  0.936383671370159E+001  0.349602982781765E+001
  0.202939065908085E-003  0.930099765185424E+001  0.251421060099131E+001
  0.203733152716366E-003  0.927953512850198E+001  0.348224198951653E+001
  0.201637402760777E-003  0.927300385257355E+001  0.348115728437208E+001
  0.201987999404538E-003  0.926952937618971E+001  0.251942074942534E+001
  0.203310865837794E-003  0.924282168651606E+001  0.347611257674537E+001
  0.199612379282422E-003  0.922548190995469E+001  0.347319004795674E+001
  0.199456895303217E-003  0.921366239978390E+001  0.252881245787057E+001
  0.200330862191955E-003  0.920491807718206E+001  0.253029944832726E+001
  0.198120834845353E-003  0.920025841470722E+001  0.253109375964304E+001
  0.196379634735614E-003  0.917804483249815E+001  0.346510094505629E+001
  0.195569540264742E-003  0.915999601713355E+001  0.346198601562592E+001
  0.197243785394361E-003  0.914294715286520E+001  0.345902424810785E+001
  0.196210362838005E-003  0.911410780072255E+001  0.345397022370212E+001
  0.197312298069552E-003  0.908987767977984E+001  0.255031995301401E+001
  0.199687719180992E-003  0.906594368122425E+001  0.344540173426742E+001
  0.198733935529511E-003  0.906240451902793E+001  0.344476559999287E+001
  0.197444381631891E-003  0.904928033599842E+001  0.255760134533173E+001
  0.196297112774199E-003  0.902209924377959E+001  0.343745582050909E+001
  0.197358413523675E-003  0.901131516226731E+001  0.256452079055905E+001
  0.196823394808777E-003  0.900379929342665E+001  0.343409630595159E+001
  0.197525938155407E-003  0.899667318435374E+001  0.256721896369047E+001
  0.198834743170629E-003  0.898346491386882E+001  0.256966745171721E+001
  0.199845661629918E-003  0.897332224707388E+001  0.257155715034048E+001
  0.199302080686551E-003  0.895245349722543E+001  0.257547170241712E+001
  0.199994207723054E-003  0.894552002201142E+001  0.342321970584364E+001
  0.199284187637557E-003  0.893943169429508E+001  0.257793272221154E+001
  0.198445609616469E-003  0.890851982101804E+001  0.341616689831777E+001
  0.197518934797796E-003  0.890485166591752E+001  0.258453883161076E+001
  0.197170607135068E-003  0.889535244811413E+001  0.341362798211776E+001
  0.197232007672912E-003  0.886875533767646E+001  0.259154857091598E+001
  0.196622289905931E-003  0.883636125478342E+001  0.340205660877281E+001
  0.196564644335240E-003  0.882416810300795E+001  0.339962308788885E+001
  0.196275920064410E-003  0.881432836943135E+001  0.339764840626056E+001
  0.195558235904574E-003  0.880887518877425E+001  0.339654980279459E+001
  0.196626129638503E-003  0.879798340963131E+001  0.260565362758920E+001
  0.196111285015416E-003  0.879036528438830E+001  0.260720213672338E+001
  0.196555310358736E-003  0.878584210326916E+001  0.339187555730820E+001
  0.196346288262297E-003  0.877502505863764E+001  0.261033896105131E+001
  0.196686224521299E-003  0.874575862328388E+001  0.338360539049649E+001
  0.197685792278464E-003  0.873562027821847E+001  0.261851479660739E+001
  0.198376238286718E-003  0.872864716133881E+001  0.338002008066253E+001
  0.198399449862962E-003  0.872841315933755E+001  0.262002918350674E+001
  0.197717701720512E-003  0.872218267328044E+001  0.337865676227610E+001
  0.199374776742539E-003  0.870549049469913E+001  0.337511357619314E+001
  0.198156640122571E-003  0.870454617481861E+001  0.262508787181057E+001
  0.198460061693060E-003  0.870148607545019E+001  0.262574141564344E+001
  0.198460403693587E-003  0.870148262891057E+001  0.337425784763748E+001
  0.197117126787012E-003  0.868839856384082E+001  0.262854948363600E+001
  0.196534424678670E-003  0.868103047662402E+001  0.263013976673290E+001
  0.198019936110580E-003  0.866597026085771E+001  0.263341173282580E+001
  0.198017359981406E-003  0.865261830361239E+001  0.263633718299704E+001
  0.196180501191989E-003  0.864459032914595E+001  0.263810751796162E+001
  0.197037698277265E-003  0.863587050443496E+001  0.264004028475100E+001
  0.195275618567222E-003  0.860085343970194E+001  0.335209127544553E+001
  0.194701244416812E-003  0.858060064726382E+001  0.265254090966740E+001
  0.193816535965110E-003  0.857667985142412E+001  0.265344482095861E+001
  0.193574987265351E-003  0.856614459383759E+001  0.265588541020968E+001
  0.190318082380609E-003  0.854846518253812E+001  0.333997962453454E+001
  0.190338080583230E-003  0.854825503800786E+001  0.333993017220277E+001
  0.189403894424021E-003  0.854523349735469E+001  0.266078166990963E+001
  0.189508303279071E-003  0.854413130156025E+001  0.266104170737067E+001
  0.431417179232055E-003  0.641140686408448E+001  0.324743355685843E+001
  0.431486458758559E-003  0.641108571802087E+001  0.324732970240033E+001
  0.432708679656356E-003  0.640542856186080E+001  0.324549304817820E+001
  0.428846461769615E-003  0.639755325104691E+001  0.324291312639214E+001
  0.425103126289373E-003  0.638928077599917E+001  0.324017325197857E+001
  0.425356902186214E-003  0.638808718243392E+001  0.323977534484497E+001
  0.410349690223057E-003  0.638249593246966E+001  0.323790253466754E+001
  0.405775700935410E-003  0.637943618686983E+001  0.323687139275410E+001
  0.406237747128351E-003  0.637716013469897E+001  0.323610143658591E+001
  0.406580546717077E-003  0.637547316671784E+001  0.323552913509999E+001
  0.381707437635047E-003  0.632551385400108E+001  0.321790016853199E+001
  0.372731203923203E-003  0.632491258716998E+001  0.321767930713160E+001
  0.373491952812724E-003  0.632083472308224E+001  0.321617544379336E+001
  0.373868482424457E-003  0.631881947247042E+001  0.321542836953698E+001
  0.369449931823887E-003  0.631805699848409E+001  0.321514503611181E+001
  0.368854578540070E-003  0.629674233016784E+001  0.320706771750553E+001
  0.371517091195788E-003  0.628235753268125E+001  0.320143354247765E+001
  0.368222832329192E-003  0.627532567560899E+001  0.319862118442788E+001
  0.364168144682534E-003  0.627262579687096E+001  0.319753074268440E+001
  0.364247051270814E-003  0.627219249131101E+001  0.319735517580205E+001
  0.364718536064133E-003  0.626960534663776E+001  0.319630364812743E+001
  0.356646715084915E-003  0.626373017832091E+001  0.319389454695128E+001
  0.356927000762159E-003  0.626215901231277E+001  0.319324520375973E+001
  0.357517869280962E-003  0.625885088496359E+001  0.319187081174653E+001
  0.357529902958474E-003  0.625878356818852E+001  0.319184274215164E+001
  0.348418454009327E-003  0.625846217902144E+001  0.319170867338106E+001
  0.341470103806449E-003  0.624746547786540E+001  0.318706347389204E+001
  0.338037864140793E-003  0.624219186256278E+001  0.318479438523976E+001
  0.338065196439325E-003  0.624203015763854E+001  0.318472436771651E+001
  0.334711498052149E-003  0.623616295760871E+001  0.318216569387096E+001
  0.335410501973521E-003  0.623199055810615E+001  0.318032403085302E+001
  0.335712922455576E-003  0.623018808487088E+001  0.317952259018139E+001
  0.332066935098921E-003  0.622553730530026E+001  0.317743797692190E+001
  0.330025759752135E-003  0.621137854994089E+001  0.317093517717731E+001
  0.330291329396606E-003  0.620976980975740E+001  0.317018059926819E+001
  0.314727186820128E-003  0.620102012554734E+001  0.316601652596555E+001
  0.307573405635624E-003  0.619572009173671E+001  0.316344259384863E+001
  0.308155984902312E-003  0.619193544575757E+001  0.316157951023353E+001
  0.305815012293843E-003  0.618138006628953E+001  0.315626604689574E+001
  0.296297612619093E-003  0.616816961449467E+001  0.314934994183207E+001
  0.296666145550238E-003  0.616568357400050E+001  0.314801229221310E+001
  0.271598021336590E-003  0.614697524894802E+001  0.313752929374420E+001
  0.271765889127209E-003  0.614573948195852E+001  0.313680856668886E+001
  0.271870720823489E-003  0.614496814540274E+001  0.313635677493449E+001
  0.272613800761617E-003  0.613950918104285E+001  0.313311549786915E+001
  0.269477085162992E-003  0.613841202975756E+001  0.313245448866424E+001
  0.263295739145771E-003  0.613662787789085E+001  0.313137247530830E+001
  0.261186528091924E-003  0.612876162534765E+001  0.312649160787072E+001
  0.249776070746691E-003  0.612396664289942E+001  0.312342175525410E+001
  0.249967581075790E-003  0.612243377429549E+001  0.312242414260829E+001
  0.247188482756487E-003  0.612140189486820E+001  0.312174797733436E+001
  0.247320643452409E-003  0.612033286950900E+001  0.312104348775352E+001
  0.247635207282593E-003  0.611779071248979E+001  0.311935150105659E+001
  0.244877207217160E-003  0.611623800044422E+001  0.311830615739331E+001
  0.242221800716268E-003  0.611409172152942E+001  0.311684580544805E+001
  0.242226729279173E-003  0.611405102731651E+001  0.311681794030344E+001
  0.239386700772187E-003  0.611339619852965E+001  0.311636863224615E+001
  0.231359187581495E-003  0.610974980363208E+001  0.311383424523063E+001
  0.231443988546702E-003  0.610901687032021E+001  0.311331798646874E+001
  0.229170681385052E-003  0.610480615750497E+001  0.311030526735787E+001
  0.229241676416961E-003  0.610418667130424E+001  0.310985506003264E+001
  0.229243196473587E-003  0.610417340974019E+001  0.310984540210918E+001
  0.229522761671687E-003  0.610173586852562E+001  0.310805556797405E+001
  0.217015047826284E-003  0.609255764093709E+001  0.310103212041737E+001
  0.214637714026798E-003  0.609091900597039E+001  0.309972616387568E+001
  0.199172541300371E-003  0.608039372066890E+001  0.309089148537195E+001
  0.194952788970346E-003  0.607926404596101E+001  0.308989168014815E+001
  0.191007344672904E-003  0.607667515331698E+001  0.308755736026636E+001
  0.185267567793695E-003  0.607352010124970E+001  0.308462554582423E+001
  0.179762574465108E-003  0.607101599502345E+001  0.308222424222727E+001
  0.176253969691601E-003  0.606919939050272E+001  0.308043736250358E+001
  0.176366189129858E-003  0.606792641232224E+001  0.307916118226539E+001
  0.176522168096994E-003  0.606615838598643E+001  0.307735378829718E+001
  0.174705710366502E-003  0.606590291317968E+001  0.307708912319416E+001
  0.175045872618256E-003  0.606201258214980E+001  0.307294024917742E+001
  0.175083480706147E-003  0.606158293421906E+001  0.307246748430259E+001
  0.167933571609351E-003  0.606074876084704E+001  0.307154067753120E+001
  0.166243977557697E-003  0.606024726769419E+001  0.307097766998969E+001
  0.166245202355452E-003  0.606023253280560E+001  0.307096106013154E+001
  0.162945571492896E-003  0.605865954556941E+001  0.306916497738887E+001
  0.161365986098096E-003  0.605741644566370E+001  0.306771187571090E+001
  0.159735666927420E-003  0.605700011839560E+001  0.306721819507686E+001
  0.153474593061284E-003  0.605532679240841E+001  0.306519626976631E+001
  0.148987244464641E-003  0.605496954841023E+001  0.306475642479116E+001
  0.147569102152863E-003  0.605439323435625E+001  0.306404048956009E+001
  0.147573527825652E-003  0.605433325423355E+001  0.306396551792540E+001
  0.146198597467302E-003  0.605315377509448E+001  0.306247296072072E+001
  0.143379987650282E-003  0.605248370396375E+001  0.306160892338205E+001
  0.137977963351431E-003  0.605161278882138E+001  0.306046745420073E+001
  0.136679879471198E-003  0.605137876905347E+001  0.306015704326720E+001
  0.136683570706994E-003  0.605132475691990E+001  0.306008517215819E+001
  0.136689739724336E-003  0.605123449181927E+001  0.305996486885819E+001
  0.135400686116119E-003  0.605067265440676E+001  0.305921056925227E+001
  0.134092827458576E-003  0.605057255541345E+001  0.305907516967599E+001
  0.132793008670567E-003  0.605054163000351E+001  0.305903327541868E+001
  0.130242583012286E-003  0.605049116895919E+001  0.305896485257818E+001
  0.130294296391462E-003  0.604969721794583E+001  0.305787764402106E+001
  0.130298344975999E-003  0.604963507368088E+001  0.305779168274966E+001
  0.130314631425802E-003  0.604938510224739E+001  0.305744460954414E+001
  0.127765806143793E-003  0.604928548673762E+001  0.305730571249112E+001
  0.125297866747836E-003  0.604907876792699E+001  0.305701639829395E+001
  0.124126880464137E-003  0.604834554721256E+001  0.305597815967059E+001
  0.121787981784699E-003  0.604755456214432E+001  0.305483608984225E+001
  0.115160203763134E-003  0.604623166125537E+001  0.305287090510816E+001
  0.114123989296249E-003  0.604587585578514E+001  0.305232975952284E+001
  0.112083779035102E-003  0.604525530645432E+001  0.305137232561202E+001
  0.111094827439568E-003  0.604471530112640E+001  0.305052439991055E+001
  0.109121006115915E-003  0.604420411003793E+001  0.304970839377977E+001
  0.104434927804957E-003  0.604308705951172E+001  0.304787688720011E+001
  0.104445531120553E-003  0.604288400910366E+001  0.304753638882668E+001
  0.101774593039104E-003  0.604228967725881E+001  0.304652542495783E+001
  0.101775115285941E-003  0.604227941447158E+001  0.304650777485054E+001
  0.992098551662481E-004  0.604138498436745E+001  0.304494290049482E+001
  0.959145263052606E-004  0.604114170483038E+001  0.304450774740376E+001
  0.943332592416684E-004  0.604105484052454E+001  0.304435133921341E+001
  0.920762056387681E-004  0.604010414976524E+001  0.304260200427838E+001
  0.920818312036907E-004  0.603998195982403E+001  0.304237192912696E+001
  0.913284286048429E-004  0.603995203443007E+001  0.304231539099321E+001
  0.906164240957934E-004  0.603914430983942E+001  0.304075973969990E+001
  0.906168037584589E-004  0.603913593030174E+001  0.304074328968523E+001
  0.898747025047294E-004  0.603898464839924E+001  0.304044515483930E+001
  0.869953098019441E-004  0.603852960086620E+001  0.303953483204326E+001
  0.823312482008872E-004  0.603803638016990E+001  0.303852385797503E+001
  0.817227181715119E-004  0.603742966945599E+001  0.303724263576943E+001
  0.798859834302148E-004  0.603691387386465E+001  0.296388232254920E+001
  0.798884283195567E-004  0.603685266533156E+001  0.303598184624426E+001
  0.792840776311866E-004  0.603671430635225E+001  0.303567290039310E+001
  0.792841285305357E-004  0.603671302237861E+001  0.303567002083927E+001
  0.792848808310518E-004  0.603669404513913E+001  0.296437256635180E+001
  0.780694998736537E-004  0.603658166928830E+001  0.296462580188578E+001
  0.774747333885404E-004  0.603643276024966E+001  0.303503581661731E+001
  0.768839570564730E-004  0.603629792509145E+001  0.296527342774289E+001
  0.762954667909867E-004  0.603622125356745E+001  0.296545050829768E+001
  0.751329261627183E-004  0.603616067578360E+001  0.303440893679660E+001
  0.751357383177423E-004  0.603608581905857E+001  0.303423445421601E+001
  0.739915962899234E-004  0.603600557912470E+001  0.296595356896754E+001
  0.739932206075494E-004  0.603596167414417E+001  0.303394310930311E+001
  0.734287843985136E-004  0.603583249961915E+001  0.296636271792847E+001
  0.728671741713942E-004  0.603574393717875E+001  0.303342598921043E+001
  0.723075360814050E-004  0.603571963432480E+001  0.296663222665409E+001
  0.717519343061955E-004  0.603570263008929E+001  0.296667301963301E+001
  0.701298071976751E-004  0.603545739347172E+001  0.296726699278141E+001
  0.701305376468161E-004  0.603543656223416E+001  0.303268205568139E+001
  0.685563398630489E-004  0.603521209066378E+001  0.296787211005528E+001
  0.680489739962097E-004  0.603497414977428E+001  0.303152983935862E+001
  0.670351576743307E-004  0.603491925226260E+001  0.296860975998638E+001
  0.660433222413195E-004  0.603488054959477E+001  0.303129144837267E+001
  0.660445039921281E-004  0.603484476277497E+001  0.303119982131506E+001
  0.655522752414492E-004  0.603482521546783E+001  0.296885034059658E+001
  0.645820247098997E-004  0.603479752067077E+001  0.296892154905052E+001
  0.641051844842216E-004  0.603474931361302E+001  0.296904588905850E+001
  0.631670173295868E-004  0.603460505127110E+001  0.296942100378573E+001
  0.631678817786273E-004  0.603457768119216E+001  0.296949269273041E+001
  0.631689514942449E-004  0.603454381250668E+001  0.296958163700714E+001
  0.627013875533557E-004  0.603442112741130E+001  0.296990602731601E+001
  0.627020361019593E-004  0.603440044062032E+001  0.296996107016975E+001
  0.627053781168073E-004  0.603429384357836E+001  0.302975368512695E+001
  0.622321200419620E-004  0.603423655181341E+001  0.302959924148084E+001
  0.617613917957009E-004  0.603421300270408E+001  0.297046447497082E+001
  0.612976026027986E-004  0.603407922011415E+001  0.302917091058504E+001
  0.608343386164461E-004  0.603404266835321E+001  0.302907049608467E+001
  0.590370793584812E-004  0.603386515630180E+001  0.297142217967753E+001
  0.590384192830417E-004  0.603381976417300E+001  0.302845046702210E+001
  0.585979033276741E-004  0.603381740015656E+001  0.297155618114344E+001
  0.581612170041279E-004  0.603379637357812E+001  0.297161538130262E+001
  0.577289048355925E-004  0.603373654946880E+001  0.302821550497695E+001
  0.577295759066256E-004  0.603371330055617E+001  0.297185049032252E+001
  0.572988399268387E-004  0.603359737925076E+001  0.297218188564590E+001
  0.572999236223744E-004  0.603355955351854E+001  0.302770912068369E+001
  0.573026862235868E-004  0.603346312984314E+001  0.302742931973270E+001
  0.568659371220534E-004  0.603343935504245E+001  0.297264010941382E+001
  0.564334816625582E-004  0.603338138636038E+001  0.297281013748183E+001
  0.564350209238599E-004  0.603332683575444E+001  0.302702888319570E+001
  0.564365312824643E-004  0.603327331089100E+001  0.302686999346216E+001
  0.559997018304542E-004  0.603324963067646E+001  0.302679939764862E+001
  0.560013851669822E-004  0.603318951209821E+001  0.302661933022841E+001
  0.555639025327892E-004  0.603318849750313E+001  0.302661628085584E+001
  0.551317605951556E-004  0.603311771850365E+001  0.297359731516153E+001
  0.542774529516857E-004  0.603310119832531E+001  0.302635258124256E+001
  0.538594693723619E-004  0.603299826596166E+001  0.302603822881769E+001
  0.534469962329162E-004  0.603280957940446E+001  0.297454809416153E+001
  0.522295510257518E-004  0.603255944459988E+001  0.297534684721832E+001
  0.522297553264900E-004  0.603255162142949E+001  0.302462775334484E+001
  0.518291964078105E-004  0.603250498964055E+001  0.297552419258564E+001
  0.514320765557825E-004  0.603244408220145E+001  0.297572408686932E+001
  0.510372067038070E-004  0.603241424076317E+001  0.297582262776473E+001
  0.510372103423437E-004  0.603241409817948E+001  0.302417690043850E+001
  0.510421384956555E-004  0.603222098749169E+001  0.302352923298297E+001
  0.502515589730030E-004  0.603219028326227E+001  0.297657539481530E+001
  0.498640411868457E-004  0.603210889299118E+001  0.302314497104523E+001
  0.490981321649670E-004  0.603205878563848E+001  0.302297112335636E+001
  0.487206518176092E-004  0.603205067438520E+001  0.302294285744472E+001
  0.479804770267495E-004  0.603189844190808E+001  0.297759425271524E+001
  0.479815853246155E-004  0.603185224457389E+001  0.302224018745241E+001
  0.476134765693329E-004  0.603181106410304E+001  0.302209156089059E+001
  0.476143585480419E-004  0.603177401700613E+001  0.297804300733078E+001
  0.472453878666930E-004  0.603176839218305E+001  0.302193648913077E+001
  0.472456237240295E-004  0.603175840785407E+001  0.302190004709462E+001
  0.465146741331269E-004  0.603169216102173E+001  0.297834330196975E+001
  0.457994759744763E-004  0.603167416018332E+001  0.302159010040335E+001
  0.454478623547254E-004  0.603164379365807E+001  0.297852271452471E+001
  0.454486517107219E-004  0.603160905718859E+001  0.302134750468488E+001
  0.447510323123455E-004  0.603153796804810E+001  0.297892058601875E+001
  0.440690950406831E-004  0.603147966803429E+001  0.302085698184261E+001
  0.437337125254540E-004  0.603143289394053E+001  0.297932320536009E+001
  0.437339760293679E-004  0.603142084359745E+001  0.297936988168506E+001
  0.433981292854848E-004  0.603139464615184E+001  0.302052827782330E+001
  0.433985613333066E-004  0.603137473535484E+001  0.302045053698243E+001
  0.433985918259978E-004  0.603137333011560E+001  0.297955496088063E+001
  0.433986842593055E-004  0.603136907038250E+001  0.297957163571659E+001
  0.433987255368498E-004  0.603136716813475E+001  0.297957908651269E+001
  0.430567081478635E-004  0.603125489719654E+001  0.298002375516913E+001
  0.430567102107862E-004  0.603125480137303E+001  0.298002413892268E+001
  0.427122654152736E-004  0.603125438527828E+001  0.298002580538242E+001
  0.427126820536184E-004  0.603123487630076E+001  0.301989590445840E+001
  0.423697421744258E-004  0.603116325626102E+001  0.298039418943632E+001
  0.423701605011226E-004  0.603114350987550E+001  0.298047492929141E+001
  0.420260224409284E-004  0.603112757733073E+001  0.301945968085588E+001
  0.416843562944652E-004  0.603112715353950E+001  0.298054206145511E+001
  0.413455594855439E-004  0.603112229706409E+001  0.301943796121896E+001
  0.410104596326052E-004  0.603107143587518E+001  0.301922749453583E+001
  0.406781666351861E-004  0.603101610451500E+001  0.301899588188255E+001
  0.406783855967407E-004  0.603100533898728E+001  0.301895048928287E+001
  0.406784607367420E-004  0.603100164464539E+001  0.298106511290348E+001
  0.406796675167953E-004  0.603094231289431E+001  0.301868252844734E+001
  0.396803812225121E-004  0.603089022608579E+001  0.301845814128840E+001
  0.384119937527878E-004  0.603081812598263E+001  0.298185704094374E+001
  0.378025138247633E-004  0.603080573213736E+001  0.298191177321918E+001
  0.375031496615954E-004  0.603077075941844E+001  0.298206711643247E+001
  0.375035272055776E-004  0.603075062553181E+001  0.301784283865268E+001
  0.372044698611774E-004  0.603069843363572E+001  0.298239272344137E+001
  0.369075266149882E-004  0.603066090637444E+001  0.298256406509513E+001
  0.369076460580640E-004  0.603065443382569E+001  0.301740621205796E+001
  0.369079173500157E-004  0.603063973275513E+001  0.298266148660016E+001
  0.369079669751106E-004  0.603063704362688E+001  0.301732610130400E+001
  0.366061726098308E-004  0.603059716174826E+001  0.301714096513671E+001
  0.366061925365573E-004  0.603059607304001E+001  0.298286411681594E+001
  0.360063344368249E-004  0.603058255219225E+001  0.298292735647720E+001
  0.360064512834414E-004  0.603057606186611E+001  0.298295779636686E+001
  0.360067374851862E-004  0.603056016468117E+001  0.301696741450792E+001
  0.357068917360768E-004  0.603054837999704E+001  0.301691175938871E+001
  0.354097817458436E-004  0.603052310767365E+001  0.298320821528603E+001
  0.354101911612623E-004  0.603049998338247E+001  0.298331874862936E+001
  0.351127148607962E-004  0.603049495208525E+001  0.301665710478254E+001
  0.342431252787764E-004  0.603043808752164E+001  0.301638172181302E+001
  0.342435290638178E-004  0.603041450423842E+001  0.298373385465933E+001
  0.331309475170030E-004  0.603035237680112E+001  0.298404233430994E+001
  0.328618417787654E-004  0.603033706666647E+001  0.298411927354525E+001
  0.325949277909056E-004  0.603032139192721E+001  0.301580156683526E+001
  0.320692943533823E-004  0.603031570396949E+001  0.301577274361723E+001
  0.315563945161109E-004  0.603030246588718E+001  0.301570545599607E+001
  0.313041239958067E-004  0.603029092514924E+001  0.301564655968494E+001
  0.303266667650599E-004  0.603023838692656E+001  0.298462441173985E+001
  0.300899671683570E-004  0.603022326638769E+001  0.298470328701563E+001
  0.296235689240842E-004  0.603021564577778E+001  0.301525680603995E+001
  0.296235804227956E-004  0.603021486945612E+001  0.298474726519359E+001
  0.293923241817752E-004  0.603020275870430E+001  0.298481091843511E+001
  0.291627556171013E-004  0.603019871463820E+001  0.298483223324917E+001
  0.291628043869342E-004  0.603019536997538E+001  0.301515011558231E+001
  0.289334067658183E-004  0.603017941880823E+001  0.298493434981778E+001
  0.287059635721828E-004  0.603015301945866E+001  0.298507519114085E+001
  0.284801046234085E-004  0.603014092252442E+001  0.301485982536920E+001
  0.284810817143051E-004  0.603007230801973E+001  0.298551427981586E+001
  0.282550679990269E-004  0.603007042405328E+001  0.301447531190063E+001
  0.282554922341608E-004  0.603004039532008E+001  0.301430839115028E+001
  0.280298053435609E-004  0.603001491890003E+001  0.301416523314675E+001
  0.278057310701081E-004  0.603000311055880E+001  0.301409838627306E+001
  0.278057754407325E-004  0.602999991908803E+001  0.298591973508129E+001
  0.271441920822726E-004  0.602996610575393E+001  0.301388681845223E+001
  0.271442083764476E-004  0.602996490518992E+001  0.298612009955067E+001
  0.269274228913492E-004  0.602993755876083E+001  0.298627862223286E+001
  0.254895424494911E-004  0.602985991885483E+001  0.301326098875911E+001
  0.252950542268120E-004  0.602985292638947E+001  0.301321873777677E+001
  0.251021391632282E-004  0.602983882766766E+001  0.298686686507640E+001
  0.249107191786712E-004  0.602982281856210E+001  0.298696474871618E+001
  0.249107620797832E-004  0.602981937417539E+001  0.298698590478911E+001
  0.249108210861081E-004  0.602981463676472E+001  0.298701505916643E+001
  0.247186901313560E-004  0.602973565161451E+001  0.298751116240724E+001
  0.245271479131814E-004  0.602972949232537E+001  0.298755067961071E+001
  0.241504285170239E-004  0.602967803576749E+001  0.298788585418222E+001
  0.239646843898604E-004  0.602967566562091E+001  0.301209848360093E+001
  0.237804459540719E-004  0.602966681040258E+001  0.298796021302059E+001
  0.232401244097124E-004  0.602965449232260E+001  0.298804234229825E+001
  0.230641409814188E-004  0.602964771813602E+001  0.298808774967276E+001
  0.228894300717087E-004  0.602964619506928E+001  0.298809798264241E+001
  0.227161654896213E-004  0.602963385217490E+001  0.301181876279819E+001
  0.227161871291822E-004  0.602963194696333E+001  0.301180585957182E+001
  0.218750523749890E-004  0.602961315744800E+001  0.298832215782879E+001
  0.218750542863194E-004  0.602961298269822E+001  0.301167664497238E+001
  0.217118293157214E-004  0.602961098349391E+001  0.298833706018529E+001
  0.212330960763507E-004  0.602959175191445E+001  0.298846973060125E+001
  0.209232994770032E-004  0.602957496614090E+001  0.298858678885504E+001
  0.207707255919597E-004  0.602956043326336E+001  0.301131088538684E+001
  0.206193993670588E-004  0.602953279785360E+001  0.298888629392721E+001
  0.206195027736820E-004  0.602952276784622E+001  0.298895872917225E+001
  0.203186317386965E-004  0.602950863258794E+001  0.301093837374413E+001
  0.201703440442015E-004  0.602950630381328E+001  0.298907867149928E+001
  0.200231251055033E-004  0.602950531995607E+001  0.301091411925291E+001
  0.197331697642910E-004  0.602948151444395E+001  0.301073820828296E+001
  0.194493471543714E-004  0.602947041992397E+001  0.301065523317115E+001
  0.194493674405615E-004  0.602946833387149E+001  0.298936044053851E+001
  0.194493781414013E-004  0.602946723349258E+001  0.301063128237366E+001
  0.193076343410599E-004  0.602944418926643E+001  0.301045643766899E+001
  0.191667461201392E-004  0.602943965885170E+001  0.301042171878189E+001
  0.190268625845684E-004  0.602943758590975E+001  0.298959420586134E+001
  0.184833205288986E-004  0.602942864922676E+001  0.298966313962665E+001
  0.179666049476393E-004  0.602939521162374E+001  0.301007475388751E+001
  0.178409704822599E-004  0.602939452459148E+001  0.298993070306659E+001
  0.177162598919523E-004  0.602938871737124E+001  0.298997694729667E+001
  0.177163030774288E-004  0.602938384214089E+001  0.300998406473532E+001
  0.175915576956139E-004  0.602938187347817E+001  0.300996827781529E+001
  0.175915803114029E-004  0.602937930227045E+001  0.299005237870802E+001
  0.173438785814064E-004  0.602937157540441E+001  0.299011471442994E+001
  0.172218571820996E-004  0.602935780324149E+001  0.300977319419302E+001
  0.171006318900349E-004  0.602935132483691E+001  0.300972001954741E+001
  0.171006397126242E-004  0.602935040994820E+001  0.300971248669539E+001
  0.169794183187522E-004  0.602934337331766E+001  0.300965435326270E+001
  0.169794569744118E-004  0.602933882008563E+001  0.300961654926659E+001
  0.168582213614485E-004  0.602933333639544E+001  0.299042917822932E+001
  0.167378130757876E-004  0.602933243051744E+001  0.300956324677538E+001
  0.165005068785166E-004  0.602931914711920E+001  0.299054852682550E+001
  0.165005114405956E-004  0.602931859415699E+001  0.299055320841686E+001
  0.165005228331284E-004  0.602931721328721E+001  0.299056490953677E+001
  0.165006063438507E-004  0.602930709112177E+001  0.299065112918157E+001
  0.165006350150969E-004  0.602930361594993E+001  0.300931908568928E+001
  0.162615712982557E-004  0.602929427844686E+001  0.300923857984723E+001
  0.161438049052088E-004  0.602928547255682E+001  0.299083799065778E+001
  0.160268249455551E-004  0.602928495668885E+001  0.299084249617458E+001
  0.160268372472140E-004  0.602928342155582E+001  0.299085591693897E+001
  0.157946135397509E-004  0.602927717940287E+001  0.300908930748495E+001
  0.154561897675763E-004  0.602927300861011E+001  0.300905252361022E+001
  0.154563118664386E-004  0.602925720932427E+001  0.300891180666195E+001
  0.153451235935858E-004  0.602925613857408E+001  0.299109781049693E+001
  0.151259438318282E-004  0.602925134024568E+001  0.300885896412704E+001
  0.151261049988585E-004  0.602923003034615E+001  0.299133560957251E+001
  0.150173340390047E-004  0.602922337943176E+001  0.299139723793326E+001
  0.150174356674090E-004  0.602920984466450E+001  0.299152403678533E+001
  0.149086586341869E-004  0.602920381267508E+001  0.300841883804982E+001
  0.146942790060626E-004  0.602918564963969E+001  0.300824443742448E+001
  0.144844191216675E-004  0.602917758756453E+001  0.300816583225529E+001
  0.143809603151350E-004  0.602917740259068E+001  0.299183598011980E+001
  0.142782626917667E-004  0.602917410782580E+001  0.300813167007592E+001
  0.141762800743959E-004  0.602917340619102E+001  0.299187523559357E+001
  0.140750369152231E-004  0.602917113490394E+001  0.300810236945134E+001
  0.139745053747678E-004  0.602917049981723E+001  0.299190390360406E+001
  0.138748094922974E-004  0.602915291202978E+001  0.299207960033457E+001
  0.136780506338166E-004  0.602914604701627E+001  0.300785075338415E+001
  0.133911635592381E-004  0.602913633362907E+001  0.300775114099651E+001
  0.132975289652594E-004  0.602913484366213E+001  0.299226425232855E+001
  0.132045400867769E-004  0.602913471725692E+001  0.300773444032906E+001
  0.132045590423885E-004  0.602913184618412E+001  0.300770468659679E+001
  0.129296132036581E-004  0.602910877632470E+001  0.300746130136419E+001
  0.128398552498042E-004  0.602910394344084E+001  0.299259069796607E+001
  0.127507396325699E-004  0.602909609380665E+001  0.300732405728813E+001
  0.125749217689861E-004  0.602908744049985E+001  0.300722892011799E+001
  0.125749280194035E-004  0.602908644639176E+001  0.299278208972231E+001
  0.124015071296796E-004  0.602908218992031E+001  0.300717057831318E+001
  0.123159840860494E-004  0.602908144426366E+001  0.300716225441338E+001
  0.123160282391429E-004  0.602907427422933E+001  0.299291828532142E+001
  0.120630040993298E-004  0.602906682439721E+001  0.299300294993230E+001
  0.118185358591407E-004  0.602905800548916E+001  0.299310451710459E+001
  0.117386904261478E-004  0.602905638025978E+001  0.300687660146152E+001
  0.115039896534065E-004  0.602904368274950E+001  0.299327273859463E+001
  0.114273330999764E-004  0.602903725763096E+001  0.299334958444537E+001
  0.113511525813714E-004  0.602903695773865E+001  0.300664680707414E+001
  0.112754885077653E-004  0.602903513485691E+001  0.300662483080549E+001
  0.112003393861374E-004  0.602903142036652E+001  0.300657982254620E+001
  0.112003399488537E-004  0.602903131988451E+001  0.299342139926603E+001
  0.109778373463162E-004  0.602902754724269E+001  0.300653256189607E+001
  0.109051467709162E-004  0.602902565195722E+001  0.300650931019778E+001
  0.108329321727762E-004  0.602902474418817E+001  0.299350185594165E+001
  0.108329349642694E-004  0.602902422881655E+001  0.299350820388926E+001
  0.107607203783363E-004  0.602902330313567E+001  0.299351962132255E+001
  0.105483789558802E-004  0.602901548834808E+001  0.300638317646540E+001
  0.104790249435535E-004  0.602900723992123E+001  0.300627894843849E+001
  0.104100849808120E-004  0.602900704956072E+001  0.300627652258907E+001
  0.104100972581767E-004  0.602900469081774E+001  0.300624638590978E+001
  0.103411817479721E-004  0.602899975303163E+001  0.300618282226468E+001
  0.102727203308028E-004  0.602899523033582E+001  0.299387597682664E+001
  0.102046950953342E-004  0.602899404950641E+001  0.300610857815873E+001
  0.101371227657623E-004  0.602899238578930E+001  0.300608675056032E+001
  0.100699912181514E-004  0.602899204502660E+001  0.300608227016440E+001
  0.100033396334691E-004  0.602898462771363E+001  0.300598391512947E+001
  0.987173356776044E-005  0.602898121914924E+001  0.299406182940849E+001
  0.987175071882274E-005  0.602897774437000E+001  0.300589117181015E+001
  0.980638472491340E-005  0.602897573778534E+001  0.300586385979972E+001
  0.974149216247292E-005  0.602896539380783E+001  0.299427900224177E+001
  0.967698234623545E-005  0.602896469588529E+001  0.300571122996753E+001
  0.954967731517024E-005  0.602895973570801E+001  0.300564132248482E+001
  0.948686903137393E-005  0.602895582700775E+001  0.299441438209894E+001
  0.948687168649930E-005  0.602895526726038E+001  0.300557759515892E+001
  0.942410720627314E-005  0.602894200663190E+001  0.299461596181298E+001
  0.936169700012241E-005  0.602894177166357E+001  0.300538054572207E+001
  0.929970471042538E-005  0.602894054502612E+001  0.299463772340557E+001
  0.929970641727896E-005  0.602894017794922E+001  0.299464320263864E+001
  0.917654178117056E-005  0.602893793672768E+001  0.299467677893334E+001
  0.917654384242369E-005  0.602893748748374E+001  0.300531646531958E+001
  0.911537324952999E-005  0.602893609070978E+001  0.299470459447630E+001
  0.905462648086926E-005  0.602893114597487E+001  0.299477983122156E+001
  0.893472240568335E-005  0.602892560525218E+001  0.299486544583774E+001
  0.887556056699804E-005  0.602892368799272E+001  0.299489540550771E+001
  0.881678429762710E-005  0.602892317138018E+001  0.299490350837101E+001
  0.875840657775290E-005  0.602892052703667E+001  0.299494518724739E+001
  0.870040738184816E-005  0.602891972324354E+001  0.299495792452828E+001
  0.870041002573550E-005  0.602891911548189E+001  0.300503242319356E+001
  0.864241525317287E-005  0.602891727318534E+001  0.299499694935555E+001
  0.864242350277724E-005  0.602891536408928E+001  0.299502756997219E+001
  0.858442383965495E-005  0.602891462340386E+001  0.299503950096127E+001
  0.858442582780023E-005  0.602891416020561E+001  0.299504697678246E+001
  0.852642772398222E-005  0.602891304053431E+001  0.300493490542832E+001
  0.852643089747100E-005  0.602891229614562E+001  0.300492282331548E+001
  0.846843865334531E-005  0.602890977214874E+001  0.299511836606305E+001
  0.841083112515027E-005  0.602890955861022E+001  0.299512186677807E+001
  0.835362108876204E-005  0.602890800194861E+001  0.300485253726144E+001
  0.835362621044307E-005  0.602890677573080E+001  0.299516772072159E+001
  0.829641960715529E-005  0.602890436153324E+001  0.299520785523861E+001
  0.829642357794069E-005  0.602890340430478E+001  0.300477613806975E+001
  0.823921068606295E-005  0.602890247643586E+001  0.299523942904333E+001
  0.818238870372437E-005  0.602890243724830E+001  0.299524008762433E+001
  0.807030955082342E-005  0.602890036456628E+001  0.300472494832780E+001
  0.790676177273380E-005  0.602889035344656E+001  0.299544770853908E+001
  0.785334464722668E-005  0.602888858591227E+001  0.299547887712399E+001
  0.780029663621814E-005  0.602888470695353E+001  0.299554804327723E+001
  0.774759385835989E-005  0.602888420895544E+001  0.299555700112906E+001
  0.769525300627815E-005  0.602888219340814E+001  0.300440655777198E+001
  0.764327062250245E-005  0.602887890450725E+001  0.300434643845645E+001
  0.754069354292961E-005  0.602887435399999E+001  0.299573814053550E+001
  0.749009491556357E-005  0.602887166935127E+001  0.299578883599232E+001
  0.739023260722309E-005  0.602887014737775E+001  0.300418215094609E+001
  0.729235864691973E-005  0.602886742801184E+001  0.300412980483689E+001
  0.724406603933192E-005  0.602886710822296E+001  0.300412360543322E+001
  0.719609224825172E-005  0.602886706481046E+001  0.299587723687686E+001
  0.719611502917791E-005  0.602886073334907E+001  0.300399801725193E+001
  0.719611508131928E-005  0.602886071885753E+001  0.299600227273298E+001
  0.710016976469514E-005  0.602885990635282E+001  0.300398143473474E+001
  0.705284346796706E-005  0.602885759001766E+001  0.299606538325602E+001
  0.695943195214517E-005  0.602885654698710E+001  0.300391335201996E+001
  0.691334306405748E-005  0.602885652811409E+001  0.300391296618315E+001
  0.686756941241768E-005  0.602885359337313E+001  0.300385249864333E+001
  0.677721413735911E-005  0.602885138586664E+001  0.299619361789119E+001
  0.677721848981058E-005  0.602885010143030E+001  0.300377929026979E+001
  0.673233808848789E-005  0.602884955471623E+001  0.300376769965546E+001
  0.668775630499711E-005  0.602884858668946E+001  0.300374708905822E+001
  0.664346819373927E-005  0.602884808526563E+001  0.299626363162996E+001
  0.659947226222254E-005  0.602884791961980E+001  0.300373282001492E+001
  0.655576756337079E-005  0.602884779287107E+001  0.300373010260806E+001
  0.651235194533543E-005  0.602884777407838E+001  0.300372969953712E+001
  0.646922397972459E-005  0.602884771442130E+001  0.300372841970591E+001
  0.646922726254892E-005  0.602884669951641E+001  0.300370657911311E+001
  0.642610063480873E-005  0.602884621586064E+001  0.299630387448821E+001
  0.642610354280031E-005  0.602884531080450E+001  0.300367648402918E+001
  0.638297944414732E-005  0.602884402205055E+001  0.300364833306930E+001
  0.634014652658907E-005  0.602884217015006E+001  0.299639250362357E+001
  0.629759932594773E-005  0.602884086224520E+001  0.300357837467688E+001
  0.625533780744239E-005  0.602883950379439E+001  0.300354787446207E+001
  0.621335981538561E-005  0.602883817089863E+001  0.300351769098663E+001
  0.617165974841780E-005  0.602883806250713E+001  0.299648477493784E+001
  0.613024198013382E-005  0.602883715978880E+001  0.300349462048062E+001
  0.608910473965309E-005  0.602883541137195E+001  0.300345436327097E+001
  0.604823990824250E-005  0.602883486795686E+001  0.300344175524889E+001
  0.604824064821194E-005  0.602883462326769E+001  0.300343606299808E+001
  0.600737475193382E-005  0.602883442531493E+001  0.300343145107573E+001
  0.596678874958142E-005  0.602883296134666E+001  0.299660285096561E+001
  0.592648071291653E-005  0.602883022665776E+001  0.300333212714898E+001
  0.588644361688136E-005  0.602882795276545E+001  0.300327707927405E+001
  0.584667425202008E-005  0.602882661770847E+001  0.299675567580986E+001
  0.580717028509648E-005  0.602882641491320E+001  0.300323931971389E+001
  0.576793351444853E-005  0.602882611448894E+001  0.300323189175666E+001
  0.576793763802971E-005  0.602882468465980E+001  0.300319630281177E+001
  0.576793966745972E-005  0.602882398096646E+001  0.299682135866606E+001
  0.576794198602999E-005  0.602882317701568E+001  0.300315834269908E+001
  0.572816640736953E-005  0.602882201378516E+001  0.300312873963781E+001
  0.568866222485000E-005  0.602882186844576E+001  0.300312502118678E+001
  0.564944292560748E-005  0.602881731789198E+001  0.299699372841989E+001
  0.564944414849437E-005  0.602881688496903E+001  0.300299472889271E+001
  0.564944421197259E-005  0.602881686249665E+001  0.300299412851429E+001
  0.560994352878369E-005  0.602881475206715E+001  0.300293719880847E+001
  0.557071489382717E-005  0.602881412759760E+001  0.300292014070079E+001
  0.553175958445285E-005  0.602881386047309E+001  0.300291281338061E+001
  0.541731341516221E-005  0.602881237301627E+001  0.300287167001917E+001
  0.534310469506900E-005  0.602881197896922E+001  0.299713932854545E+001
  0.530650900651038E-005  0.602881163262403E+001  0.300285096929840E+001
  0.530651001173726E-005  0.602881125375846E+001  0.300284031819508E+001
  0.526991381658041E-005  0.602881109223256E+001  0.300283576503011E+001
  0.526991919411564E-005  0.602880905138990E+001  0.299722240599078E+001
  0.523332259468143E-005  0.602880902783468E+001  0.299722308450896E+001
  0.519698071928326E-005  0.602880878052935E+001  0.299723021827713E+001
  0.519698534394342E-005  0.602880700078132E+001  0.300271789093005E+001
  0.516064306604123E-005  0.602880689344952E+001  0.299728527017576E+001
  0.508896902552733E-005  0.602880628129182E+001  0.300269662989427E+001
  0.501878049876448E-005  0.602880462772157E+001  0.299735288051887E+001
  0.498416884950943E-005  0.602880437490237E+001  0.300263946783925E+001
  0.494979552439602E-005  0.602880427261165E+001  0.300263636567254E+001
  0.491566311698740E-005  0.602880259900183E+001  0.299741491849472E+001
  0.488176314994988E-005  0.602880212462103E+001  0.299742964098594E+001
  0.484809616011568E-005  0.602880198343801E+001  0.300256596106321E+001
  0.484809616103263E-005  0.602880198305974E+001  0.299743405073038E+001
  0.484809686079756E-005  0.602880169438359E+001  0.299744306678423E+001
  0.484809783058453E-005  0.602880129431449E+001  0.300254438527249E+001
  0.481395692289862E-005  0.602880103409931E+001  0.300253619044731E+001
  0.474663127710879E-005  0.602880001313839E+001  0.299749622120818E+001
  0.474663131981502E-005  0.602879999514406E+001  0.300250320377622E+001
  0.471320732316724E-005  0.602879872871191E+001  0.300246239720629E+001
  0.468001639476038E-005  0.602879844133661E+001  0.299754695700116E+001
  0.464705859860691E-005  0.602879841302561E+001  0.299754788046928E+001
  0.451886742219410E-005  0.602879684469008E+001  0.300240040757125E+001
  0.451886885743691E-005  0.602879620946782E+001  0.300237914290189E+001
  0.451887073456600E-005  0.602879537867199E+001  0.300235104096407E+001
  0.451887076477448E-005  0.602879536530206E+001  0.299764941402499E+001
  0.451887099223227E-005  0.602879526463188E+001  0.299765284274128E+001
  0.451887116017029E-005  0.602879519030445E+001  0.299765537746991E+001
  0.451887123721600E-005  0.602879515620492E+001  0.300234345874376E+001
  0.448636179725529E-005  0.602879496671719E+001  0.300233698113957E+001
  0.445408595194002E-005  0.602879490437549E+001  0.299766515392903E+001
  0.439045701747400E-005  0.602879451040854E+001  0.300232130813603E+001
  0.439045712369780E-005  0.602879446202004E+001  0.300231963990810E+001
  0.439045716645866E-005  0.602879444254105E+001  0.300231896801695E+001
  0.435864239838533E-005  0.602879437879184E+001  0.299768323225368E+001
  0.432705840184981E-005  0.602879420838962E+001  0.300231087611837E+001
  0.429570451047853E-005  0.602879346145994E+001  0.300228487191889E+001
  0.429570581855935E-005  0.602879285244196E+001  0.299773655200847E+001
  0.429570672238579E-005  0.602879243163738E+001  0.299775147424357E+001
  0.423299849786339E-005  0.602879109805757E+001  0.299779943295779E+001
  0.423299927148472E-005  0.602879073253830E+001  0.300218723849271E+001
  0.420187652181092E-005  0.602878966398236E+001  0.299785220036469E+001
  0.417098137972588E-005  0.602878918025411E+001  0.300212970579041E+001
  0.417098182818841E-005  0.602878896521479E+001  0.300212161270322E+001
  0.410964589030166E-005  0.602878797720979E+001  0.299791597512926E+001
  0.407942878380481E-005  0.602878754676190E+001  0.299793256487412E+001
  0.404943327524035E-005  0.602878740288178E+001  0.300206186012642E+001
  0.390484259256440E-004  0.530581676090649E-002  0.300127838021707E+001
  0.390484302043131E-004  0.530559761410499E-002  0.300126459182790E+001
  0.390484327269800E-004  0.530546840702036E-002  0.300125639140304E+001
  0.390484425551896E-004  0.530496502147091E-002  0.300122391898004E+001
  0.390484447580899E-004  0.530485219238209E-002  0.300121652168724E+001
  0.390484448960841E-004  0.530484512453093E-002  0.300121605680761E+001
  0.390484465036866E-004  0.530476278565633E-002  0.300121062791121E+001
  0.390484466830890E-004  0.530475359694876E-002  0.300121002055609E+001
  0.390484594299129E-004  0.530410072478917E-002  0.300116605754602E+001
  0.390484611502919E-004  0.530401260971184E-002  0.300115999646045E+001
  0.390484696776308E-004  0.530357585303994E-002  0.300112947364765E+001
  0.390484751590056E-004  0.530329510583357E-002  0.300110941027926E+001
  0.390484754497710E-004  0.530328021329944E-002  0.300110833585264E+001
