  0.279281297601237E-012  0.586508449454341E+002  0.314070249092113E-001
  0.560885605656285E-012  0.572363493552874E+002  0.993022609321105E+001
  0.794065459543063E-012  0.565211508388719E+002  0.893654996361326E-001
  0.196992518918463E-010  0.500789101004187E+002  0.272174001781657E+000
  0.232245156881231E-010  0.497297538958087E+002  0.282433131674896E+000
  0.456279283883632E-009  0.437540599236023E+002  0.464441156615513E+000
  0.792103313024600E-009  0.426309857771885E+002  0.500126646240038E+000
  0.957875604184126E-009  0.422310329334826E+002  0.512958719714098E+000
  0.143664999886671E-008  0.414004295265754E+002  0.539821594936460E+000
  0.279891387254970E-008  0.400466940136625E+002  0.941575663150801E+001
  0.494829505851640E-008  0.388871700612352E+002  0.937704780563760E+001
  0.658773192429514E-008  0.382949373288394E+002  0.935703182691775E+001
  0.270407071836082E-007  0.354507680989313E+002  0.925843573216462E+001
  0.414275770031549E-007  0.345776607048404E+002  0.922729314937737E+001
  0.665894137827639E-007  0.336085623582614E+002  0.919220871219205E+001
  0.215495359340550E-006  0.312398741720991E+002  0.896006433464026E+000
  0.254716660028269E-006  0.308855486797637E+002  0.909047766054821E+001
  0.427149138791381E-006  0.298316851517014E+002  0.904975088358589E+001
  0.130976183697436E-005  0.275708497451777E+002  0.104047326639381E+001
  0.129845156496977E-005  0.275682948158279E+002  0.895942242281275E+001
  0.156769065561055E-005  0.271715318224575E+002  0.500988462627256E+001
  0.157363649681995E-005  0.271440600317074E+002  0.498318522986729E+001
  0.162284221757075E-005  0.270625795974972E+002  0.893866495199363E+001
  0.180482956184231E-005  0.268301047468341E+002  0.494969065526734E+001
  0.215949544470873E-005  0.264513872006425E+002  0.891327755764597E+001
  0.219096113783744E-005  0.264025551003791E+002  0.507754252276883E+001
  0.272679810190296E-005  0.259450789563904E+002  0.510160292380004E+001
  0.518369974127869E-005  0.246403963493284E+002  0.116400640622537E+001
  0.547851147975824E-005  0.245098668892489E+002  0.516841547597673E+001
  0.589142275389432E-005  0.243446380548335E+002  0.882306092856555E+001
  0.674085163889745E-005  0.240553598926755E+002  0.481110467054406E+001
  0.708559235448122E-005  0.239357048237109E+002  0.880502682314770E+001
  0.704119961654773E-005  0.239283740035231E+002  0.519461745022495E+001
  0.906749740213635E-005  0.234026378419351E+002  0.478162572906685E+001
  0.103199421969959E-004  0.231239734736302E+002  0.476896459683532E+001
  0.103039133345443E-004  0.231071816129246E+002  0.123207519431486E+001
  0.107295073275421E-004  0.230063331878237E+002  0.523639882029896E+001
  0.138069332539494E-004  0.224820860550458E+002  0.873940875854304E+001
  0.185148182037568E-004  0.218753843538384E+002  0.128872253649414E+001
  0.207359439743980E-004  0.216288892464129E+002  0.469976682219047E+001
  0.258609926919328E-004  0.211672543018031E+002  0.532212290917337E+001
  0.259671381405673E-004  0.211391615177619E+002  0.467653611095150E+001
  0.396238324031342E-004  0.202740629667297E+002  0.463471518523319E+001
  0.465194681482297E-004  0.199332820465562E+002  0.861794134255167E+001
  0.476759525009176E-004  0.198642689138481E+002  0.538546818608811E+001
  0.532468759518168E-004  0.196233442422094E+002  0.860254302258704E+001
  0.701136580366260E-004  0.190530866280300E+002  0.457382034272217E+001
  0.721503246926371E-004  0.189759176184823E+002  0.143010959635837E+001
  0.737940858255300E-004  0.189109633466248E+002  0.856657690393702E+001
  0.818457993237273E-004  0.186839459042587E+002  0.144505935638356E+001
  0.148072606116014E-003  0.174783137336054E+002  0.849162302806902E+001
  0.151719976446216E-003  0.174097454194142E+002  0.551205873444382E+001
  0.188223289248883E-003  0.169586599471940E+002  0.553651268173890E+001
  0.208465945808204E-003  0.167344658222685E+002  0.554881980996573E+001
  0.224176772504105E-003  0.165692467502575E+002  0.444204327971275E+001
  0.268049693199755E-003  0.161918711243212E+002  0.842095335615928E+001
  0.299789951324504E-003  0.159481510996807E+002  0.840716496418786E+001
  0.344072038136779E-003  0.156527124750517E+002  0.839026726081613E+001
  0.368057773502359E-003  0.154980340725016E+002  0.561866203502501E+001
  0.420339651940072E-003  0.152124870898044E+002  0.436470034636149E+001
  0.527803316186035E-003  0.147372651730388E+002  0.166344791041459E+001
  0.573644204810528E-003  0.145507932217315E+002  0.432534372564525E+001
  0.631376331416886E-003  0.143391070847083E+002  0.431250379238542E+001
  0.631847954319935E-003  0.143177130288984E+002  0.568880087105580E+001
  0.109034837945587E-002  0.132066048637087E+002  0.424155782811209E+001
  0.110145230040270E-002  0.131664395565053E+002  0.176103293444508E+001
  0.123062483287112E-002  0.129247539897998E+002  0.577673809017172E+001
  0.133461390799844E-002  0.127426133122360E+002  0.578870846146711E+001
  0.132781410526725E-002  0.127329286150283E+002  0.421065174173016E+001
  0.137197802120987E-002  0.126475890545889E+002  0.820499929843264E+001
  0.138163477407339E-002  0.126136605782696E+002  0.820274467490488E+001
  0.155263838712385E-002  0.123603834122805E+002  0.581422160294766E+001
  0.167423536092038E-002  0.121896809685566E+002  0.582579473012421E+001
  0.185130500320820E-002  0.119687118319674E+002  0.815905261036922E+001
  0.185440539509067E-002  0.119454645594657E+002  0.584255307239119E+001
  0.264996029816013E-002  0.112116027875300E+002  0.589443882731170E+001
  0.265852235643582E-002  0.111852505152544E+002  0.810365263689696E+001
  0.274055885346831E-002  0.111045670587912E+002  0.590221140926554E+001
  0.272381833928027E-002  0.110969207243177E+002  0.809723123195603E+001
  0.273434347103922E-002  0.110693067370117E+002  0.190478397637234E+001
  0.304550787713570E-002  0.108338534395681E+002  0.192211985322123E+001
  0.331023189898541E-002  0.106472516393084E+002  0.593605953042464E+001
  0.424350367652282E-002  0.101306089380717E+002  0.197564337724580E+001
  0.444216839896398E-002  0.100192015392556E+002  0.401561868177795E+001
  0.481525489777602E-002  0.983800818405171E+001  0.800124441068961E+001
  0.488686328407420E-002  0.978858420165203E+001  0.200271241221339E+001
  0.491318033057306E-002  0.975794191029803E+001  0.399482650052183E+001
  0.523735614236508E-002  0.961025052713400E+001  0.398287799081740E+001
  0.593559658975774E-002  0.934004841424821E+001  0.396063354447484E+001
  0.594969711735469E-002  0.931540221252916E+001  0.395857885147502E+001
  0.593130490839320E-002  0.930169369643931E+001  0.795743409795098E+001
  0.606307971139073E-002  0.923784576796866E+001  0.395208423123442E+001
  0.602619868989030E-002  0.923014803010703E+001  0.395143719987573E+001
  0.615910721945427E-002  0.916661652266496E+001  0.394608017848196E+001
  0.697072391420266E-002  0.889914136960003E+001  0.792318561493609E+001
  0.707365271907021E-002  0.884992487553123E+001  0.391891079032434E+001
  0.734285776537435E-002  0.875532199144716E+001  0.791063745756501E+001
  0.735327079257928E-002  0.873258710604538E+001  0.209136200967812E+001
  0.736835668818823E-002  0.870858746794280E+001  0.209347749318632E+001
  0.742298687806523E-002  0.867391318190948E+001  0.390345734243230E+001
  0.750698732479396E-002  0.863150710071492E+001  0.210030549818102E+001
  0.155082461397706E-001  0.723720836184648E+001  0.389752443370430E+001
  0.164576576645299E-001  0.703672639492588E+001  0.212052686545376E+001
  0.163808624221465E-001  0.696607003060344E+001  0.387302232279431E+001
  0.173187525323381E-001  0.681511248024110E+001  0.214092214087487E+001
  0.172421035844704E-001  0.678437842644054E+001  0.385621102505810E+001
  0.190991217674062E-001  0.657980227088320E+001  0.216312179228890E+001
  0.224088418236502E-001  0.626017576685000E+001  0.380574493103989E+001
  0.224775010172749E-001  0.621281869467193E+001  0.219897081055186E+001
  0.235915059392636E-001  0.611607494410489E+001  0.220869174005498E+001
  0.271206869405197E-001  0.579514799971162E+001  0.375816914415868E+001
  0.292434726400912E-001  0.552067799476705E+001  0.227136754782458E+001
  0.319786600220478E-001  0.530144775041529E+001  0.229584915588570E+001
  0.330900343988216E-001  0.511427419855924E+001  0.368255449816840E+001
  0.343529244937834E-001  0.500052804352632E+001  0.366908987301009E+001
  0.363044513369635E-001  0.481308906793130E+001  0.235370980042287E+001
  0.369451406045143E-001  0.474000514619556E+001  0.363717940534180E+001
  0.364522847356813E-001  0.472876873257286E+001  0.363576707087745E+001
  0.374993235257983E-001  0.467213122127618E+001  0.237140015383025E+001
  0.403484562352560E-001  0.452567073900989E+001  0.360967539678260E+001
  0.412319631873963E-001  0.448234948609288E+001  0.239603585456146E+001
  0.412674652054546E-001  0.444022274945882E+001  0.240164190394560E+001
  0.414206883466806E-001  0.439240522994452E+001  0.240806959193537E+001
  0.421207575385607E-001  0.435888483430928E+001  0.241261737794694E+001
  0.422289086528826E-001  0.427211213861367E+001  0.357544305832865E+001
  0.422399573243622E-001  0.419157826257321E+001  0.243586411813097E+001
  0.403083073003578E-001  0.416865853610399E+001  0.243912377749001E+001
  0.406088398703801E-001  0.411570576714144E+001  0.244672819162452E+001
  0.417768684190552E-001  0.402089532610746E+001  0.353938856437417E+001
  0.440874236653685E-001  0.387513540641754E+001  0.248268149440867E+001
  0.440951080859337E-001  0.387478683758278E+001  0.248273540115944E+001
  0.442792442523041E-001  0.386645245422534E+001  0.351597399534908E+001
  0.438345734537296E-001  0.384703357153779E+001  0.248704567196827E+001
  0.453268816644858E-001  0.374047348405368E+001  0.349605698125218E+001
  0.458273832439126E-001  0.364006899942134E+001  0.252040870409498E+001
  0.461754366897534E-001  0.362493663254337E+001  0.347706040750347E+001
  0.463359242700708E-001  0.361799747438387E+001  0.252410466791336E+001
  0.501150859603298E-001  0.338117777047691E+001  0.343426399168794E+001
  0.540313992188382E-001  0.319108598617154E+001  0.339770658655331E+001
  0.544178728282209E-001  0.317683138627958E+001  0.260517118518886E+001
  0.545916426284728E-001  0.317045506411312E+001  0.339353472713160E+001
  0.548294126517425E-001  0.316176312098024E+001  0.339176379434205E+001
  0.552791369896073E-001  0.314542553992457E+001  0.338841325619547E+001
  0.554525380735338E-001  0.313916170527862E+001  0.261287903176782E+001
  0.543991483763090E-001  0.313356186413651E+001  0.261403799479446E+001
  0.544016888909309E-001  0.313346846358239E+001  0.261405735481341E+001
  0.517287309414204E-001  0.310231622361252E+001  0.262056968099736E+001
  0.507487490030131E-001  0.309755658103290E+001  0.262157454609170E+001
  0.498141525984653E-001  0.309171984069157E+001  0.262281046447298E+001
  0.503239218587554E-001  0.307135701000387E+001  0.337284566887797E+001
  0.517422268828769E-001  0.301576967404975E+001  0.263927861298725E+001
  0.517980801664857E-001  0.301361193314215E+001  0.336024253011434E+001
  0.519936999928021E-001  0.300607299093903E+001  0.264143557099081E+001
  0.525394454608775E-001  0.293812865144617E+001  0.334307048172617E+001
  0.516744324815728E-001  0.292426986970995E+001  0.333982341054441E+001
  0.506378273455401E-001  0.291773737499912E+001  0.266171794135618E+001
  0.511190697206113E-001  0.285175890227154E+001  0.332230140484318E+001
  0.497436003631318E-001  0.276832474437112E+001  0.330087992671466E+001
  0.487679593772706E-001  0.276299561732441E+001  0.329945962995426E+001
  0.478290110636946E-001  0.275693219696753E+001  0.329783539533649E+001
  0.475808499102682E-001  0.272239051312871E+001  0.271159186332381E+001
  0.460786607747970E-001  0.265463540666514E+001  0.273104194329438E+001
  0.427650388833344E-001  0.263713025409379E+001  0.326369985183053E+001
  0.429390797604914E-001  0.258860195719129E+001  0.324854191668820E+001
  0.421280677648619E-001  0.258633284275464E+001  0.324781046394610E+001
  0.400826576579018E-001  0.256702689759575E+001  0.324149756689408E+001
  0.388097576680927E-001  0.251725419412638E+001  0.277559536042974E+001
  0.380915010755947E-001  0.251723095397374E+001  0.277560364567079E+001
  0.374844944843197E-001  0.251197433058032E+001  0.277748558677405E+001
  0.363129802695713E-001  0.246535898924360E+001  0.279492876974228E+001
  0.359869926551306E-001  0.244735738325054E+001  0.319792410798214E+001
  0.343854756016096E-001  0.243218434001311E+001  0.319169315481398E+001
  0.329178703923217E-001  0.241683489325884E+001  0.318517654852020E+001
  0.331373971913567E-001  0.240354132166131E+001  0.317934152521446E+001
  0.325930875322607E-001  0.240247693918750E+001  0.317886609927664E+001
  0.321470726657723E-001  0.239584573816885E+001  0.282412479052619E+001
  0.317980100809847E-001  0.238349223623634E+001  0.282983675779342E+001
  0.313422286344223E-001  0.237817810123482E+001  0.316764625673725E+001
  0.308762011288345E-001  0.237395053201686E+001  0.283438340565288E+001
  0.309256943015620E-001  0.237074718797938E+001  0.316406194341510E+001
  0.305768863242976E-001  0.235864969157347E+001  0.284194709160476E+001
  0.301667253397592E-001  0.235087594146814E+001  0.315406791306220E+001
  0.297805335781237E-001  0.234186158119180E+001  0.285068615539365E+001
  0.284327189908753E-001  0.233190376291173E+001  0.314387971805059E+001
  0.279843359493870E-001  0.233008079812386E+001  0.285713748252163E+001
  0.275256525399779E-001  0.232951962899987E+001  0.285745207177788E+001
  0.270678729429371E-001  0.232944712264409E+001  0.285749276922382E+001
  0.262305184031871E-001  0.232562221596753E+001  0.314034359891083E+001
  0.262382001276712E-001  0.232503659278068E+001  0.285999062158073E+001
  0.258810861525236E-001  0.231883021910112E+001  0.286358296933074E+001
  0.254623819985157E-001  0.231783656313522E+001  0.286416693590265E+001
  0.241139669523414E-001  0.229546386416289E+001  0.312194666648376E+001
  0.237392360084665E-001  0.229478719580842E+001  0.287849805544854E+001
  0.233877311108865E-001  0.229262178048598E+001  0.312006771455389E+001
  0.227270058913952E-001  0.228643972215162E+001  0.288412452052009E+001
  0.223810027759671E-001  0.228562579930743E+001  0.311531218101150E+001
  0.220462249142224E-001  0.228427133964917E+001  0.288563136118539E+001
  0.220552280214954E-001  0.228345475817180E+001  0.311379601270663E+001
  0.220809473757782E-001  0.228112384871149E+001  0.311214538329453E+001
  0.217515496523351E-001  0.227866305420844E+001  0.288962400680497E+001
  0.214402330655784E-001  0.227497360574557E+001  0.289233130390067E+001
  0.211153206998370E-001  0.227299322444578E+001  0.289381296165838E+001
  0.208005200476866E-001  0.227051395836281E+001  0.310430246659830E+001
  0.204679251437051E-001  0.227023082659250E+001  0.289591492203375E+001
  0.625629623389874E-001  0.686606037325643E-001  0.310068962295810E+001
  0.626910373023819E-001  0.645705145251114E-001  0.309738575819006E+001
  0.628825954479124E-001  0.584686509436214E-001  0.309223712769386E+001
  0.630004229134944E-001  0.547246193331392E-001  0.308893054968646E+001
  0.630819911898840E-001  0.521368424937021E-001  0.308657134845448E+001
  0.631387357786602E-001  0.503385770594286E-001  0.308489332072515E+001
  0.590181127592371E-001  0.473329694996831E-001  0.308201206432095E+001
  0.591443531918811E-001  0.430595149925141E-001  0.307773175652870E+001
  0.550287864010561E-001  0.390929357704683E-001  0.307353620399170E+001
  0.550294416535504E-001  0.390691210132834E-001  0.307351029136359E+001
  0.508869573797113E-001  0.355070939937078E-001  0.306952581256791E+001
  0.510193700976315E-001  0.303096623634289E-001  0.306326333497677E+001
  0.510740868409185E-001  0.281658717556161E-001  0.306049167756917E+001
  0.466094031085429E-001  0.204954272169233E-001  0.304931502741500E+001
  0.466949914966297E-001  0.168262147449966E-001  0.304295227506703E+001
  0.420385929944685E-001  0.162028499606329E-001  0.304177510703679E+001
  0.420491518382054E-001  0.157005725448924E-001  0.304080190168873E+001
  0.420570578463465E-001  0.153245713818909E-001  0.304005789554304E+001
  0.420613191333327E-001  0.151219385141215E-001  0.303965115050656E+001
  0.420714444034782E-001  0.146405436439778E-001  0.303866769397405E+001
  0.420840023573379E-001  0.140436504214378E-001  0.303741239957106E+001
  0.420912955715882E-001  0.136970777594727E-001  0.303666382434703E+001
  0.421080526877443E-001  0.129010090618609E-001  0.303488359247744E+001
  0.421175658369693E-001  0.124492154421903E-001  0.303383161310054E+001
