  0.414633791812529E-012  0.582652922814957E+002  0.314070249092113E-001
  0.832716431224798E-012  0.568507966913489E+002  0.993022609321105E+001
  0.117890591051250E-011  0.561355981749334E+002  0.893654996361326E-001
  0.292464106187615E-010  0.496933574364802E+002  0.272174001781657E+000
  0.344801785349960E-010  0.493442012318703E+002  0.282433131674896E+000
  0.677413100079126E-009  0.433685072596638E+002  0.464441156615513E+000
  0.117599281802105E-008  0.422454331132501E+002  0.500126646240038E+000
  0.142210594572166E-008  0.418454802695442E+002  0.512958719714098E+000
  0.213291631646633E-008  0.410148768626369E+002  0.539821594936460E+000
  0.415539558824660E-008  0.396611413497240E+002  0.941575663150801E+001
  0.734646523323356E-008  0.385016173972967E+002  0.937704780563760E+001
  0.978044821001587E-008  0.379093846649009E+002  0.935703182691775E+001
  0.401458710237032E-007  0.350652154349928E+002  0.925843573216462E+001
  0.615052761712300E-007  0.341921080409019E+002  0.922729314937737E+001
  0.988616902329890E-007  0.332230096943229E+002  0.919220871219205E+001
  0.319934269601373E-006  0.308543215081606E+002  0.896006433464026E+000
  0.378164007015398E-006  0.304999960158252E+002  0.909047766054821E+001
  0.634165153942413E-006  0.294461324877629E+002  0.904975088358589E+001
  0.194453234606289E-005  0.271852970812392E+002  0.104047326639381E+001
  0.192774059878882E-005  0.271827421518895E+002  0.895942242281275E+001
  0.232746527070702E-005  0.267859791585191E+002  0.500988462627256E+001
  0.233629273859458E-005  0.267585073677689E+002  0.498318522986729E+001
  0.240934580283127E-005  0.266770269335587E+002  0.893866495199363E+001
  0.267953254023661E-005  0.264445520828956E+002  0.494969065526734E+001
  0.320608573625268E-005  0.260658345367040E+002  0.891327755764597E+001
  0.325280114385792E-005  0.260170024364407E+002  0.507754252276883E+001
  0.404832921577710E-005  0.255595262924519E+002  0.510160292380004E+001
  0.769595779525795E-005  0.242548436853900E+002  0.116400640622537E+001
  0.813364879013138E-005  0.241243142253105E+002  0.516841547597673E+001
  0.874667575881027E-005  0.239590853908950E+002  0.882306092856555E+001
  0.100077767436919E-004  0.236698072287370E+002  0.481110467054406E+001
  0.105195945822740E-004  0.235501521597724E+002  0.880502682314770E+001
  0.104536870925265E-004  0.235428213395847E+002  0.519461745022495E+001
  0.134620214901257E-004  0.230170851779967E+002  0.478162572906685E+001
  0.153214583331540E-004  0.227384208096917E+002  0.476896459683532E+001
  0.152976611506221E-004  0.227216289489861E+002  0.123207519431486E+001
  0.159295174639699E-004  0.226207805238853E+002  0.523639882029896E+001
  0.204984047895737E-004  0.220965333911073E+002  0.873940875854304E+001
  0.274879461764191E-004  0.214898316899000E+002  0.128872253649414E+001
  0.307855311141992E-004  0.212433365824744E+002  0.469976682219047E+001
  0.383944129162649E-004  0.207817016378646E+002  0.532212290917337E+001
  0.385520013055665E-004  0.207536088538235E+002  0.467653611095150E+001
  0.588273544149520E-004  0.198885103027912E+002  0.463471518523319E+001
  0.690649307242306E-004  0.195477293826177E+002  0.861794134255167E+001
  0.707819003045261E-004  0.194787162499097E+002  0.538546818608811E+001
  0.790527481349519E-004  0.192377915782709E+002  0.860254302258704E+001
  0.104093944489910E-003  0.186675339640916E+002  0.457382034272217E+001
  0.107117672986925E-003  0.185903649545438E+002  0.143010959635837E+001
  0.109558075968504E-003  0.185254106826864E+002  0.856657690393702E+001
  0.121512018201730E-003  0.182983932403202E+002  0.144505935638356E+001
  0.219835365507032E-003  0.170927610696670E+002  0.849162302806902E+001
  0.225250418370025E-003  0.170241927554757E+002  0.551205873444382E+001
  0.279444906619286E-003  0.165731072832555E+002  0.553651268173890E+001
  0.309498080668678E-003  0.163489131583300E+002  0.554881980996573E+001
  0.332823092767167E-003  0.161836940863190E+002  0.444204327971275E+001
  0.397958838061153E-003  0.158063184603828E+002  0.842095335615928E+001
  0.445081877421146E-003  0.155625984357423E+002  0.840716496418786E+001
  0.510825089451623E-003  0.152671598111132E+002  0.839026726081613E+001
  0.546435409546320E-003  0.151124814085631E+002  0.561866203502501E+001
  0.624055478222250E-003  0.148269344258660E+002  0.436470034636149E+001
  0.783600950730018E-003  0.143517125091003E+002  0.166344791041459E+001
  0.851658431247628E-003  0.141652405577930E+002  0.432534372564525E+001
  0.937370187708936E-003  0.139535544207698E+002  0.431250379238542E+001
  0.938070380648016E-003  0.139321603649599E+002  0.568880087105580E+001
  0.161878108864971E-002  0.128210521997702E+002  0.424155782811209E+001
  0.163526647770266E-002  0.127808868925668E+002  0.176103293444508E+001
  0.182704192917554E-002  0.125392013258614E+002  0.577673809017172E+001
  0.198142886771191E-002  0.123570606482975E+002  0.578870846146711E+001
  0.197133356947952E-002  0.123473759510898E+002  0.421065174173016E+001
  0.203690133963048E-002  0.122620363906505E+002  0.820499929843264E+001
  0.205123819673759E-002  0.122281079143311E+002  0.820274467490488E+001
  0.230511798425559E-002  0.119748307483420E+002  0.581422160294766E+001
  0.248564641473493E-002  0.118041283046182E+002  0.582579473012421E+001
  0.274853210678551E-002  0.115831591680290E+002  0.815905261036922E+001
  0.275313509042020E-002  0.115599118955273E+002  0.584255307239119E+001
  0.393425229693549E-002  0.108260501235915E+002  0.589443882731170E+001
  0.394696392037417E-002  0.107996978513159E+002  0.810365263689696E+001
  0.406875905711894E-002  0.107190143948528E+002  0.590221140926554E+001
  0.404390532386039E-002  0.107113680603793E+002  0.809723123195603E+001
  0.405953141600486E-002  0.106837540730732E+002  0.190478397637234E+001
  0.452150032937295E-002  0.104483007756296E+002  0.192211985322123E+001
  0.491452172359510E-002  0.102616989753699E+002  0.593605953042464E+001
  0.630009970262780E-002  0.974505627413327E+001  0.197564337724580E+001
  0.659504643867019E-002  0.963364887531711E+001  0.401561868177795E+001
  0.714894772388036E-002  0.945245552011325E+001  0.800124441068961E+001
  0.725526081033266E-002  0.940303153771357E+001  0.200271241221339E+001
  0.729433230159561E-002  0.937238924635957E+001  0.399482650052183E+001
  0.777561854314391E-002  0.922469786319554E+001  0.398287799081740E+001
  0.881225825652947E-002  0.895449575030975E+001  0.396063354447484E+001
  0.883319254491289E-002  0.892984954859070E+001  0.395857885147502E+001
  0.880588663002703E-002  0.891614103250085E+001  0.795743409795098E+001
  0.900152553138384E-002  0.885229310403020E+001  0.395208423123442E+001
  0.894677027952135E-002  0.884459536616857E+001  0.395143719987573E+001
  0.914409236320781E-002  0.878106385872650E+001  0.394608017848196E+001
  0.103490556404924E-001  0.851358870566157E+001  0.792318561493609E+001
  0.105018684532927E-001  0.846437221159277E+001  0.391891079032434E+001
  0.109015425814312E-001  0.836976932750870E+001  0.791063745756501E+001
  0.109170022380258E-001  0.834703444210692E+001  0.209136200967812E+001
  0.109393994488414E-001  0.832303480400433E+001  0.209347749318632E+001
  0.110205059281176E-001  0.828836051797102E+001  0.390345734243230E+001
  0.111452168344341E-001  0.824595443677646E+001  0.210030549818102E+001
  0.230242517365997E-001  0.685165569790802E+001  0.389752443370430E+001
  0.244337915227673E-001  0.665117373098742E+001  0.212052686545376E+001
  0.243197777924670E-001  0.658051736666498E+001  0.387302232279431E+001
  0.257122123594515E-001  0.642955981630264E+001  0.214092214087487E+001
  0.255984158246824E-001  0.639882576250208E+001  0.385621102505810E+001
  0.283554299794752E-001  0.619424960694474E+001  0.216312179228890E+001
  0.332691917979190E-001  0.587462310291154E+001  0.380574493103989E+001
  0.333711263779998E-001  0.582726603073347E+001  0.219897081055186E+001
  0.350250290520038E-001  0.573052228016643E+001  0.220869174005498E+001
  0.402646126299664E-001  0.540959533577316E+001  0.375816914415868E+001
  0.434161973990815E-001  0.513512533082859E+001  0.227136754782458E+001
  0.474769817238441E-001  0.491589508647683E+001  0.229584915588570E+001
  0.491269789700720E-001  0.472872153462078E+001  0.368255449816840E+001
  0.510019233835147E-001  0.461497537958786E+001  0.366908987301009E+001
  0.538992494191702E-001  0.442753640399284E+001  0.235370980042287E+001
  0.548504460179395E-001  0.435445248225710E+001  0.363717940534180E+001
  0.541187296464298E-001  0.434321606863440E+001  0.363576707087745E+001
  0.556732113372909E-001  0.428657855733772E+001  0.237140015383025E+001
  0.599031641083721E-001  0.414011807507143E+001  0.360967539678260E+001
  0.612148589508306E-001  0.409679682215442E+001  0.239603585456146E+001
  0.612675668710923E-001  0.405467008552036E+001  0.240164190394560E+001
  0.614950489566655E-001  0.400685256600606E+001  0.240806959193537E+001
  0.625344037077840E-001  0.397333217037082E+001  0.241261737794694E+001
  0.626949698001260E-001  0.388655947467521E+001  0.357544305832865E+001
  0.627113731632923E-001  0.380602559863475E+001  0.243586411813097E+001
  0.598435571627691E-001  0.378310587216553E+001  0.243912377749001E+001
  0.602897415658846E-001  0.373015310320298E+001  0.244672819162452E+001
  0.620238501877012E-001  0.363534266216900E+001  0.353938856437417E+001
  0.654542062165503E-001  0.348958274247908E+001  0.248268149440867E+001
  0.654656148588912E-001  0.348923417364432E+001  0.248273540115944E+001
  0.657389918358952E-001  0.348089979028688E+001  0.351597399534908E+001
  0.650788132242057E-001  0.346148090759933E+001  0.248704567196827E+001
  0.672943622684609E-001  0.335492082011522E+001  0.349605698125218E+001
  0.680374298117170E-001  0.325451633548288E+001  0.252040870409498E+001
  0.685541658811992E-001  0.323938396860491E+001  0.347706040750347E+001
  0.687924330854029E-001  0.323244481044541E+001  0.252410466791336E+001
  0.744031494311214E-001  0.299562510653845E+001  0.343426399168794E+001
  0.802174872698821E-001  0.280553332223308E+001  0.339770658655331E+001
  0.807912636719189E-001  0.279127872234112E+001  0.260517118518886E+001
  0.810492502675119E-001  0.278490240017466E+001  0.339353472713160E+001
  0.814022545222702E-001  0.277621045704178E+001  0.339176379434205E+001
  0.820699358495946E-001  0.275987287598611E+001  0.338841325619547E+001
  0.823273750320619E-001  0.275360904134016E+001  0.261287903176782E+001
  0.807634644939483E-001  0.274800920019805E+001  0.261403799479446E+001
  0.807672362581871E-001  0.274791579964393E+001  0.261405735481341E+001
  0.767988405958917E-001  0.271676355967406E+001  0.262056968099736E+001
  0.753439145749956E-001  0.271200391709444E+001  0.262157454609170E+001
  0.739563699941006E-001  0.270616717675311E+001  0.262281046447298E+001
  0.747131967603716E-001  0.268580434606541E+001  0.337284566887797E+001
  0.768188772880306E-001  0.263021701011129E+001  0.263927861298725E+001
  0.769017996282189E-001  0.262805926920369E+001  0.336024253011434E+001
  0.771922257721672E-001  0.262052032700057E+001  0.264143557099081E+001
  0.780024644624635E-001  0.255257598750771E+001  0.334307048172617E+001
  0.767182266181941E-001  0.253871720577149E+001  0.333982341054441E+001
  0.751792352075367E-001  0.253218471106066E+001  0.266171794135618E+001
  0.758937096548787E-001  0.246620623833308E+001  0.332230140484318E+001
  0.738516249176902E-001  0.238277208043266E+001  0.330087992671466E+001
  0.724031436735472E-001  0.237744295338595E+001  0.329945962995426E+001
  0.710091380494045E-001  0.237137953302907E+001  0.329783539533649E+001
  0.706407066474110E-001  0.233683784919025E+001  0.271159186332381E+001
  0.684104879302619E-001  0.226908274272668E+001  0.273104194329438E+001
  0.634909332687396E-001  0.225157759015533E+001  0.326369985183053E+001
  0.637493223175080E-001  0.220304929325283E+001  0.324854191668820E+001
  0.625452568042011E-001  0.220078017881618E+001  0.324781046394610E+001
  0.595085473798861E-001  0.218147423365729E+001  0.324149756689408E+001
  0.576187418185904E-001  0.213170153018792E+001  0.277559536042974E+001
  0.565523852204234E-001  0.213167829003528E+001  0.277560364567079E+001
  0.556511954638684E-001  0.212642166664186E+001  0.277748558677405E+001
  0.539119118627269E-001  0.207980632530514E+001  0.279492876974228E+001
  0.534279357360745E-001  0.206180471931208E+001  0.319792410798214E+001
  0.510502502474387E-001  0.204663167607465E+001  0.319169315481398E+001
  0.488713764093498E-001  0.203128222932038E+001  0.318517654852020E+001
  0.491972959387640E-001  0.201798865772285E+001  0.317934152521446E+001
  0.483891889161683E-001  0.201692427524904E+001  0.317886609927664E+001
  0.477270148397614E-001  0.201029307423039E+001  0.282412479052619E+001
  0.472087805564296E-001  0.199793957229788E+001  0.282983675779342E+001
  0.465321065684140E-001  0.199262543729636E+001  0.316764625673725E+001
  0.458402208124022E-001  0.198839786807840E+001  0.283438340565288E+001
  0.459137006409947E-001  0.198519452404092E+001  0.316406194341510E+001
  0.453958443596404E-001  0.197309702763501E+001  0.284194709160476E+001
  0.447869005967265E-001  0.196532327752968E+001  0.315406791306220E+001
  0.442135426387500E-001  0.195630891725334E+001  0.285068615539365E+001
  0.422125154386797E-001  0.194635109897327E+001  0.314387971805059E+001
  0.415468254613214E-001  0.194452813418540E+001  0.285713748252163E+001
  0.408658430864961E-001  0.194396696506141E+001  0.285745207177788E+001
  0.401862025528631E-001  0.194389445870563E+001  0.285749276922382E+001
  0.389430276933575E-001  0.194006955202907E+001  0.314034359891083E+001
  0.389544323329729E-001  0.193948392884222E+001  0.285999062158073E+001
  0.384242445871537E-001  0.193327755516266E+001  0.286358296933074E+001
  0.378026172439871E-001  0.193228389919676E+001  0.286416693590265E+001
  0.358006985751238E-001  0.190991120022443E+001  0.312194666648376E+001
  0.352443558715383E-001  0.190923453186996E+001  0.287849805544854E+001
  0.347224956188966E-001  0.190706911654752E+001  0.312006771455389E+001
  0.337415527292119E-001  0.190088705821316E+001  0.288412452052009E+001
  0.332278606740650E-001  0.190007313536897E+001  0.311531218101150E+001
  0.327308341441027E-001  0.189871867571071E+001  0.288563136118539E+001
  0.327442005690612E-001  0.189790209423334E+001  0.311379601270663E+001
  0.327823846991151E-001  0.189557118477303E+001  0.311214538329453E+001
  0.322933457686221E-001  0.189311039026998E+001  0.288962400680497E+001
  0.318311509208835E-001  0.188942094180711E+001  0.289233130390067E+001
  0.313487711576437E-001  0.188744056050732E+001  0.289381296165838E+001
  0.308814037070222E-001  0.188496129442435E+001  0.310430246659830E+001
  0.303876180960276E-001  0.188467816265404E+001  0.289591492203375E+001
  0.441403678300290E-001  0.107347742205379E+001  0.289612305571585E+001
  0.430954875498579E-001  0.107319519818137E+001  0.289634063605142E+001
  0.430997943186459E-001  0.107299533718210E+001  0.289649499541403E+001
  0.378577338266832E-001  0.105283732759959E+001  0.291346674372740E+001
  0.363139915220646E-001  0.104913146159746E+001  0.291696346658970E+001
  0.363197269389460E-001  0.104881560736255E+001  0.291726833010743E+001
  0.348037903441085E-001  0.104711485692417E+001  0.291892960384288E+001
  0.348649636490280E-001  0.104360261838769E+001  0.292247290172310E+001
  0.341196201367005E-001  0.104286446224351E+001  0.292323838208996E+001
  0.334052040920903E-001  0.104122842964441E+001  0.292496280410150E+001
  0.327000417665635E-001  0.103994130384377E+001  0.292634784022034E+001
  0.300482512713936E-001  0.103876946684927E+001  0.292763186667401E+001
  0.294514054336640E-001  0.103765655976442E+001  0.292887277885709E+001
  0.294596926185709E-001  0.103709386884637E+001  0.292950850377085E+001
  0.288511107977963E-001  0.103673601522433E+001  0.292991580448419E+001
  0.288573842909128E-001  0.103630117504134E+001  0.293041393794862E+001
  0.271880270448239E-001  0.102912181301812E+001  0.293922564596720E+001
  0.251597555859489E-001  0.102409835131633E+001  0.294624343541652E+001
  0.246780856954920E-001  0.102392235235957E+001  0.294650599657218E+001
  0.242118103361833E-001  0.102323635360748E+001  0.294754193482025E+001
  0.242132399608761E-001  0.102311826392585E+001  0.294772233504315E+001
  0.242209628867410E-001  0.102248045630427E+001  0.294870765131241E+001
  0.242286541131757E-001  0.102184546870474E+001  0.294970778372388E+001
  0.237363446275656E-001  0.102166406412038E+001  0.294999717723502E+001
  0.237578303661819E-001  0.101985451673190E+001  0.295298133665969E+001
  0.232799169754965E-001  0.101838993685255E+001  0.295554303292382E+001
  0.232827113634720E-001  0.101814988270796E+001  0.295597712800737E+001
  0.206285120678963E-001  0.101501900608390E+001  0.296209125432529E+001
  0.202360162645048E-001  0.101460323363720E+001  0.296297906798637E+001
  0.198544601438460E-001  0.101383771370626E+001  0.296467201933018E+001
  0.191083079074543E-001  0.101351608169300E+001  0.296540801977213E+001
  0.191104967205975E-001  0.101328699936906E+001  0.296594193305169E+001
  0.187463533639187E-001  0.101292783640683E+001  0.296679629764170E+001
  0.177071091730666E-001  0.101267708694106E+001  0.296740604449021E+001
  0.173821714300799E-001  0.101233513424459E+001  0.303174355847002E+001
  0.173822363367443E-001  0.101232766607026E+001  0.296827526837864E+001
  0.173849762144204E-001  0.101201244060573E+001  0.296908038612593E+001
  0.170532234978491E-001  0.101171056884156E+001  0.303012844237352E+001
  0.167256365068600E-001  0.101166756675853E+001  0.296998595817671E+001
  0.161003082198433E-001  0.101094349831229E+001  0.297198229568342E+001
  0.161033044637339E-001  0.101057133585602E+001  0.302693410035938E+001
  0.157939433063301E-001  0.101053109539399E+001  0.302681431125806E+001
  0.154915676494052E-001  0.101035628013315E+001  0.297371242029952E+001
  0.151949262414430E-001  0.101018867051617E+001  0.297422754750141E+001
  0.149039230700484E-001  0.101002670007379E+001  0.297473532036593E+001
  0.146173990475236E-001  0.101001440199745E+001  0.297477429198621E+001
  0.143363455649187E-001  0.101000737854502E+001  0.302520342421992E+001
  0.140620490791064E-001  0.100980790017697E+001  0.297543791430841E+001
  0.140625988051640E-001  0.100972971593659E+001  0.297569389839854E+001
  0.132705476061017E-001  0.100913508392644E+001  0.297773690377698E+001
  0.130220258192581E-001  0.100884848680901E+001  0.302120825109827E+001
  0.130221196167570E-001  0.100883408088441E+001  0.297884615952808E+001
  0.130235833635514E-001  0.100860928421878E+001  0.302028589411909E+001
  0.127682688243172E-001  0.100860147728093E+001  0.302025508306956E+001
  0.122806816992502E-001  0.100803137272531E+001  0.301786201727843E+001
  0.122808553270482E-001  0.100800309635191E+001  0.301773492152538E+001
  0.115863981626570E-001  0.100788474891641E+001  0.298280721512289E+001
  0.115869473909944E-001  0.100778994545590E+001  0.298325415579465E+001
  0.113641338669406E-001  0.100778776538334E+001  0.301673542609377E+001
  0.113643511247402E-001  0.100774953005006E+001  0.301655164140544E+001
  0.111415838711754E-001  0.100773819219621E+001  0.298350324951396E+001
  0.109233403889532E-001  0.100769810394282E+001  0.301630118572548E+001
  0.107092575937097E-001  0.100767936312774E+001  0.301620895202174E+001
  0.104997023253011E-001  0.100759742110608E+001  0.298420065184324E+001
  0.105000067046555E-001  0.100753944328286E+001  0.301550299811208E+001
  0.100892494684110E-001  0.100733966967252E+001  0.301443534456843E+001
  0.989159969938005E-002  0.100730354739967E+001  0.298576625105064E+001
  0.989199969714889E-002  0.100722267278007E+001  0.298622830184703E+001
  0.969440521754148E-002  0.100717202141178E+001  0.301347425141115E+001
  0.913542559534262E-002  0.100710349874387E+001  0.301306108051523E+001
  0.913560723420763E-002  0.100706373331480E+001  0.301281520017688E+001
  0.913577222649582E-002  0.100702761293570E+001  0.298741230382804E+001
  0.877763156714689E-002  0.100699914989333E+001  0.298759451701310E+001
  0.877776845352617E-002  0.100696796031540E+001  0.301220269132893E+001
  0.843390655327807E-002  0.100688156583566E+001  0.298837749773450E+001
  0.826864306878277E-002  0.100685562858572E+001  0.301144257833362E+001
  0.810651996440637E-002  0.100685386411036E+001  0.301143023546837E+001
  0.810652694661802E-002  0.100685214149481E+001  0.298858182745027E+001
  0.794445435075848E-002  0.100683755439252E+001  0.298868449170346E+001
  0.794473268298320E-002  0.100676748605632E+001  0.298919121680220E+001
  0.794487284337075E-002  0.100673220251519E+001  0.301054440266852E+001
  0.777938033052862E-002  0.100672560264835E+001  0.301049421025812E+001
  0.746195209937577E-002  0.100669947081060E+001  0.298970692684852E+001
  0.746199654910191E-002  0.100668755714695E+001  0.301020005728992E+001
  0.746210022463879E-002  0.100665976972679E+001  0.299002026145170E+001
  0.730335621511677E-002  0.100665317538772E+001  0.299007326401875E+001
  0.699924950150249E-002  0.100659608406657E+001  0.300945544688826E+001
  0.685344901018285E-002  0.100659106275543E+001  0.299058713295145E+001
  0.657374867479038E-002  0.100658124268201E+001  0.300932903287200E+001
  0.631083929916164E-002  0.100656838496488E+001  0.300921811366745E+001
  0.631085826350326E-002  0.100656237488849E+001  0.300916580642194E+001
  0.631088499284297E-002  0.100655390400165E+001  0.299090842887781E+001
  0.617950495143344E-002  0.100652259727643E+001  0.300881178696030E+001
  0.617951648062492E-002  0.100651886585107E+001  0.300877784491646E+001
  0.592215212573751E-002  0.100647985989655E+001  0.300841484454121E+001
  0.556696009772789E-002  0.100643060456852E+001  0.299206723527581E+001
  0.524580723781598E-002  0.100642377435659E+001  0.300786358202476E+001
  0.514495499798686E-002  0.100641262997523E+001  0.300774937553881E+001
  0.504601549994671E-002  0.100641185937545E+001  0.299225858376793E+001
  0.467907989903991E-002  0.100639162258342E+001  0.300752938500500E+001
  0.459404874063786E-002  0.100637289322971E+001  0.300732768326002E+001
  0.451056800881696E-002  0.100635186379437E+001  0.300709438033269E+001
  0.451057142963133E-002  0.100635034699513E+001  0.299292274456970E+001
  0.451060101528575E-002  0.100633722867615E+001  0.300692738142374E+001
  0.451066462628848E-002  0.100630902376333E+001  0.300659362019976E+001
  0.434045575301749E-002  0.100630677228809E+001  0.299343375363703E+001
  0.417971493921364E-002  0.100629873025062E+001  0.300646752389289E+001
  0.410233995883333E-002  0.100628549477343E+001  0.300630168143868E+001
  0.402638935643729E-002  0.100627622783850E+001  0.299381708164661E+001
  0.395189875766801E-002  0.100623970476236E+001  0.300569076332165E+001
  0.380820969205092E-002  0.100623112131289E+001  0.299443120881453E+001
  0.373897871204877E-002  0.100622620220049E+001  0.299450232983125E+001
  0.373898263036960E-002  0.100622410627052E+001  0.300546708592291E+001
  0.373898728793282E-002  0.100622161491884E+001  0.299456949245281E+001
  0.373899195008927E-002  0.100621912111334E+001  0.299460635528238E+001
  0.373901923264137E-002  0.100620452763310E+001  0.300517266338571E+001
  0.366571937342469E-002  0.100619675649169E+001  0.300505104582009E+001
  0.366574136092991E-002  0.100618476024373E+001  0.300485733097522E+001
  0.366574735047235E-002  0.100618149239860E+001  0.300480320819673E+001
  0.359094272071175E-002  0.100617784953171E+001  0.299525785383188E+001
  0.337973162165374E-002  0.100616552562187E+001  0.300452947289473E+001
  0.324975146139638E-002  0.100615966824317E+001  0.299557518993492E+001
  0.318728747179258E-002  0.100614007103962E+001  0.300405504519635E+001
  0.312599826976375E-002  0.100613700781527E+001  0.300399415518593E+001
  0.306588864879058E-002  0.100613326966660E+001  0.300391856757771E+001
  0.289558719516254E-002  0.100611552290972E+001  0.300353775221856E+001
  0.289558971494779E-002  0.100611378247921E+001  0.300349817407778E+001
  0.289559732679606E-002  0.100610852493997E+001  0.299662420148690E+001
  0.410210451676631E-002  0.340949691657946E+000  0.300327845170342E+001
  0.410210794373120E-002  0.340948020826090E+000  0.300323742374038E+001
  0.398491806222576E-002  0.340941394530228E+000  0.300306931672147E+001
  0.398492019662485E-002  0.340940323291877E+000  0.300304126733461E+001
  0.386772320187556E-002  0.340936941224057E+000  0.300295096190240E+001
  0.386772476927709E-002  0.340936130720760E+000  0.300292890689879E+001
  0.386773470826995E-002  0.340930991275387E+000  0.300278499270413E+001
  0.386774044479498E-002  0.340928024928822E+000  0.300269843823569E+001
  0.374297477777544E-002  0.340927942758721E+000  0.300269600105629E+001
  0.362224516098283E-002  0.340921590295606E+000  0.300250040548656E+001
  0.362224727377482E-002  0.340920423731070E+000  0.300246279866643E+001
  0.328267007362336E-002  0.340915256123177E+000  0.300228879007525E+001
  0.328267576420406E-002  0.340911789082240E+000  0.300216421659236E+001
  0.317679082087480E-002  0.340906863817695E+000  0.300197377585643E+001
  0.307431657526785E-002  0.340904991760371E+000  0.300189638128013E+001
  0.307431983229612E-002  0.340902872898207E+000  0.300180478364726E+001
  0.297184433477776E-002  0.340901641188061E+000  0.300174933427051E+001
  0.287278414936052E-002  0.340900741427475E+000  0.300170769104238E+001
  0.287278499980188E-002  0.340900149359858E+000  0.300167972553638E+001
  0.251369258570060E-002  0.340895605542145E+000  0.300144722736413E+001
  0.222641472623930E-002  0.340894443862289E+000  0.300138152027364E+001
  0.210272672094334E-002  0.340892825280083E+000  0.300128437732524E+001
  0.198906608188335E-002  0.340892559049817E+000  0.300126768618790E+001
  0.193530792982746E-002  0.340892155292098E+000  0.300124194486026E+001
  0.188300262986441E-002  0.340891815662154E+000  0.300121987140505E+001
  0.183211068855919E-002  0.340891792012829E+000  0.300121831947899E+001
  0.143382878214450E-002  0.340887571308076E+000  0.299910056151272E+001
  0.140265864638024E-002  0.340887492668944E+000  0.300089241656823E+001
  0.137216615890962E-002  0.340887358868062E+000  0.299911965961687E+001
  0.126015278755582E-002  0.340887053129197E+000  0.299914789614965E+001
  0.123443538445761E-002  0.340887051947351E+000  0.300085199288513E+001
  0.107732586422783E-002  0.340886239208696E+000  0.299922808440126E+001
  0.105773813176048E-002  0.340886219319821E+000  0.299923014840934E+001
  0.103850654193885E-002  0.340886195104246E+000  0.299923266892439E+001
  0.103850654723826E-002  0.340886184898421E+000  0.299923373369664E+001
  0.101927495124102E-002  0.340886171694137E+000  0.300076488650284E+001
  0.101927507986303E-002  0.340885919314738E+000  0.299926198193901E+001
  0.100004347596023E-002  0.340885916559587E+000  0.299926228065355E+001
  0.981174755284068E-003  0.340885867326206E+000  0.300073236090371E+001
  0.981174764059654E-003  0.340885849438289E+000  0.299926959571022E+001
  0.962306119509021E-003  0.340885639708652E+000  0.300070705988761E+001
  0.962306139688102E-003  0.340885597769644E+000  0.300070229868527E+001
  0.943437432534163E-003  0.340885511525276E+000  0.300069240475480E+001
  0.943437488610520E-003  0.340885392648596E+000  0.299932146917862E+001
  0.924568748458074E-003  0.340885371839401E+000  0.299932392707170E+001
  0.906077400215776E-003  0.340885312844743E+000  0.299933094435275E+001
  0.887955906305352E-003  0.340885191005602E+000  0.299934567500696E+001
  0.870196830243602E-003  0.340885094327797E+000  0.299935760390116E+001
  0.819993237574830E-003  0.340884922095852E+000  0.299937942314205E+001
  0.804224143768083E-003  0.340884904897052E+000  0.300061835574602E+001
  0.804224146839548E-003  0.340884897258721E+000  0.299938263325685E+001
  0.788455075398592E-003  0.340884822485998E+000  0.299939239975324E+001
  0.772995243188847E-003  0.340884638191341E+000  0.300058283009087E+001
  0.729240871118144E-003  0.340884430696193E+000  0.299944638308280E+001
  0.702231986564204E-003  0.340884326461165E+000  0.299946165616322E+001
  0.689227699498299E-003  0.340884300398427E+000  0.299946554322103E+001
  0.689227702732446E-003  0.340884291013584E+000  0.300053305016057E+001
  0.676223409663198E-003  0.340884281523456E+000  0.299946837602268E+001
  0.663464489935615E-003  0.340884243751386E+000  0.299947409076637E+001
  0.650946306255452E-003  0.340884199990015E+000  0.299948079030958E+001
  0.638664345696839E-003  0.340884058382633E+000  0.299950308801437E+001
  0.638664346661503E-003  0.340884055361750E+000  0.299950357459740E+001
  0.614563809058405E-003  0.340884043059186E+000  0.299950556115642E+001
  0.602968274043544E-003  0.340884014691927E+000  0.299951017247057E+001
  0.591591531987734E-003  0.340883954407747E+000  0.300047988075571E+001
  0.580429429245310E-003  0.340883948775009E+000  0.299952105918763E+001
  0.569477946970712E-003  0.340883891212084E+000  0.300046922727299E+001
  0.569477953657325E-003  0.340883867728778E+000  0.299953479369665E+001
  0.569477963667426E-003  0.340883832573417E+000  0.300045912095017E+001
  0.558311761258187E-003  0.340883717324276E+000  0.299956142026459E+001
  0.620346478942880E-003  0.529655485706044E-002  0.300039032212851E+001
  0.606561006903818E-003  0.529653747784069E-002  0.300038674369919E+001
  0.606561011001944E-003  0.529652396518335E-002  0.300038393835920E+001
  0.543377603863138E-003  0.529640799709443E-002  0.300035896207250E+001
  0.521198942225897E-003  0.529634632597973E-002  0.300034494404058E+001
  0.472029262386071E-003  0.529621205074379E-002  0.300031225366828E+001
  0.463123053063152E-003  0.529619833977641E-002  0.300030872090731E+001
  0.463123054575310E-003  0.529619180951503E-002  0.300030702403293E+001
  0.454216842251960E-003  0.529619064427152E-002  0.300030672025984E+001
  0.445481906820632E-003  0.529617339217837E-002  0.300030218699983E+001
  0.420732935964524E-003  0.529605946118414E-002  0.300027034796800E+001
  0.412941591382962E-003  0.529602999237468E-002  0.300026148234029E+001
  0.405294530926466E-003  0.529600013460714E-002  0.299974781797944E+001
  0.405294535037415E-003  0.529597984837809E-002  0.300024566231876E+001
  0.397647470676578E-003  0.529596808930304E-002  0.299975819734727E+001
  0.397647472242947E-003  0.529596021112970E-002  0.300023918197069E+001
  0.390000407403176E-003  0.529595029251170E-002  0.299976415887503E+001
  0.390000411958104E-003  0.529592693393135E-002  0.300022777985729E+001
  0.390000412024470E-003  0.529592659359219E-002  0.299977233970674E+001
  0.390000414093078E-003  0.529591598535576E-002  0.299977609847859E+001
  0.390000421164433E-003  0.529587972204143E-002  0.300021054633932E+001
  0.390000425189190E-003  0.529585908228254E-002  0.300020255221447E+001
  0.390000425702584E-003  0.529585644949210E-002  0.299979849031516E+001
  0.390000427314644E-003  0.529584818252748E-002  0.299980179949852E+001
  0.390000431675065E-003  0.529582582141558E-002  0.299981104058421E+001
  0.390000431838958E-003  0.529582498094489E-002  0.300018860324894E+001
  0.390000432775856E-003  0.529582017634068E-002  0.299981344585531E+001
  0.390000434027964E-003  0.529581375527974E-002  0.300018377997474E+001
  0.390000442730985E-003  0.529576912445641E-002  0.299983680028371E+001
  0.390000443119615E-003  0.529576713148356E-002  0.299983778017475E+001
  0.390000445093939E-003  0.529575700675325E-002  0.300015714743034E+001
  0.390000445645411E-003  0.529575417869770E-002  0.300015570107894E+001
  0.390000445855103E-003  0.529575310335333E-002  0.300015514757774E+001
  0.390000447498256E-003  0.529574467693202E-002  0.299984926001365E+001
  0.390000448238136E-003  0.529574088267790E-002  0.300014871268552E+001
  0.390000451968812E-003  0.529572175102569E-002  0.300013803767047E+001
  0.390000453393547E-003  0.529571444470172E-002  0.299986626374237E+001
  0.390000455401758E-003  0.529570414619523E-002  0.300012742694220E+001
  0.390000455534245E-003  0.529570346678333E-002  0.299987300031620E+001
  0.390000459855740E-003  0.529568130529433E-002  0.300011217433508E+001
  0.390000460601483E-003  0.529567748097236E-002  0.300010941293306E+001
  0.390000462269863E-003  0.529566892519028E-002  0.299989703270028E+001
  0.390000462695506E-003  0.529566674240860E-002  0.300010125719593E+001
  0.390000462857102E-003  0.529566591370949E-002  0.300010060033724E+001
  0.390000463130700E-003  0.529566451064692E-002  0.300009947832876E+001
  0.390000463253122E-003  0.529566388283943E-002  0.299990102783899E+001
  0.390000463273620E-003  0.529566377772222E-002  0.300009888715743E+001
  0.390000463491457E-003  0.529566266060988E-002  0.300009797924260E+001
  0.390000463624753E-003  0.529566197704388E-002  0.300009741951247E+001
  0.390000463884153E-003  0.529566064679020E-002  0.300009632092613E+001
  0.390000464138466E-003  0.529565934261801E-002  0.300009523157682E+001
  0.390000465054849E-003  0.529565464322625E-002  0.299990880158681E+001
  0.390000468842300E-003  0.529563522042280E-002  0.300007217687998E+001
  0.390000470044467E-003  0.529562905547182E-002  0.299993501454087E+001
  0.390000470449581E-003  0.529562697796635E-002  0.300006237554777E+001
  0.390000470763852E-003  0.529562536632266E-002  0.299993972690506E+001
  0.390000471739197E-003  0.529562036456109E-002  0.299994677816107E+001
  0.390000471882771E-003  0.529561962828266E-002  0.300005210335503E+001
  0.390000472401189E-003  0.529561696972807E-002  0.300004784757920E+001
  0.390000473681773E-003  0.529561040263815E-002  0.300003519455172E+001
  0.390000474862258E-003  0.529560434887833E-002  0.299998356665256E+001
  0.390000474963283E-003  0.529560383080370E-002  0.299998631924840E+001
  0.390000474976826E-003  0.529560376135035E-002  0.300001326840020E+001
  0.390000475017697E-003  0.529560355175399E-002  0.300001193796391E+001
  0.390000475094907E-003  0.529560315580777E-002  0.300000889739303E+001
  0.390000475114990E-003  0.529560305281782E-002  0.300000791739947E+001
  0.390000475184777E-003  0.529560269493187E-002  0.299999767116868E+001
