  0.166551498796148E-015  0.666053153348686E+002  0.999207040118882E+001
  0.208893654333858E-015  0.661456182989782E+002  0.202460235905721E-001
  0.286443976666636E-015  0.655075273556236E+002  0.996257307234624E+001
  0.320455657498166E-015  0.652764698963654E+002  0.995632711578231E+001
  0.365084419109712E-015  0.650090449173335E+002  0.994908155513961E+001
  0.410854982677841E-015  0.647661659372256E+002  0.994248557890219E+001
  0.436212430753006E-015  0.646397322787265E+002  0.609538968080969E-001
  0.452850136152852E-015  0.645582129099648E+002  0.993682633086903E+001
  0.537426688934581E-015  0.642090951046974E+002  0.992730081283814E+001
  0.559171822850591E-015  0.641231106378943E+002  0.750499945889049E-001
  0.103986459776373E-014  0.628756770819631E+002  0.989063023667943E+001
  0.207985606720442E-014  0.614826051364974E+002  0.985181550138344E+001
  0.234286174740275E-014  0.612378006397755E+002  0.155060117602595E+000
  0.243381499756491E-014  0.611549713936404E+002  0.984260976130628E+001
  0.305599714511001E-014  0.606930239074362E+002  0.170420763208590E+000
  0.418124806405058E-014  0.600593606377011E+002  0.188393246891834E+000
  0.509750672294072E-014  0.596564215366181E+002  0.199881738577785E+000
  0.611900450066430E-014  0.592844702010983E+002  0.210528712413944E+000
  0.107227334613446E-013  0.581558812405095E+002  0.243085813708958E+000
  0.122780260674805E-013  0.578783355485179E+002  0.251151419256757E+000
  0.154763227852436E-013  0.574086797130080E+002  0.264854010080531E+000
  0.172521464939400E-013  0.571847735800282E+002  0.972858912350243E+001
  0.195752219456922E-013  0.569254619801087E+002  0.972097569796363E+001
  0.320299184487749E-013  0.559339947249342E+002  0.969166751068566E+001
  0.435808608946824E-013  0.553114438124591E+002  0.326899582491385E+000
  0.575092933748417E-013  0.547501312823138E+002  0.965624845171936E+001
  0.583960800187694E-013  0.547128712902060E+002  0.965512603062910E+001
  0.596983386817826E-013  0.546621048547797E+002  0.346404023055500E+000
  0.738034787140188E-013  0.542312459239818E+002  0.359425407240243E+000
  0.832712590113224E-013  0.539831951593597E+002  0.366951185870489E+000
  0.879307076674783E-013  0.538676483158222E+002  0.370464192557397E+000
  0.957396275992910E-013  0.536908263300132E+002  0.375849271689337E+000
  0.978117684245718E-013  0.536413455356418E+002  0.962264182033955E+001
  0.114981374740108E-012  0.533112394452090E+002  0.961255299340027E+001
  0.146108099403773E-012  0.528254306687183E+002  0.959763425814455E+001
  0.249904326313607E-012  0.517453122980273E+002  0.956415381749528E+001
  0.284373426529969E-012  0.514802365043657E+002  0.955587023786220E+001
  0.558031306382041E-012  0.501253273065277E+002  0.486896898029111E+000
  0.568310874946952E-012  0.500821646891193E+002  0.951172872387731E+001
  0.576734234304974E-012  0.500460831544768E+002  0.489420756716179E+000
  0.681287897014113E-012  0.497062207506916E+002  0.500273984573122E+000
  0.121431098033101E-011  0.485436709155798E+002  0.537760738964621E+000
  0.130541974073685E-011  0.483923197195646E+002  0.945731682678925E+001
  0.132625940786552E-011  0.483539883893115E+002  0.543931398681804E+000
  0.189060521613541E-011  0.476382638221566E+002  0.567355956240959E+000
  0.243579718557299E-011  0.471248540594950E+002  0.941570103316004E+001
  0.405058183330082E-011  0.461010255910781E+002  0.938155388909505E+001
  0.542094936465575E-011  0.455115491582925E+002  0.638330527483136E+000
  0.126918996933710E-010  0.438035075562910E+002  0.930308402823211E+001
  0.208323211080906E-010  0.428057685570444E+002  0.926816176698629E+001
  0.260283315486403E-010  0.423537530976147E+002  0.925216236708405E+001
  0.441153065628417E-010  0.412918551371889E+002  0.785879033557222E+000
  0.619370932056902E-010  0.406065746881542E+002  0.918922058783393E+001
  0.629217274181564E-010  0.405683745324444E+002  0.918782420621091E+001
  0.721831116348066E-010  0.402870898009579E+002  0.822485545341998E+000
  0.150803938634058E-009  0.388068852891052E+002  0.912243644860055E+001
  0.167282992213851E-009  0.385928169710761E+002  0.911435227610336E+001
  0.240702643657520E-009  0.378584106198580E+002  0.913620233210513E+000
  0.244928200868727E-009  0.378169494757082E+002  0.915210622579685E+000
  0.245387688621124E-009  0.378065453905549E+002  0.915609898656191E+000
  0.354450085662696E-009  0.370644334672124E+002  0.944289858261806E+000
  0.491629763883095E-009  0.364034611134247E+002  0.902982477328444E+001
  0.505277712536132E-009  0.363420409669279E+002  0.972597379206650E+000
  0.512479376127092E-009  0.363070808576147E+002  0.902602264777806E+001
  0.630653343848909E-009  0.358854335429381E+002  0.990695593255874E+000
  0.696048318468497E-009  0.356814524722199E+002  0.900116646675045E+001
  0.767202949187999E-009  0.354801323187486E+002  0.100689789446425E+001
  0.893875297354392E-009  0.351678469198202E+002  0.101947220689471E+001
  0.101965175405625E-008  0.348978910329069E+002  0.896959320605966E+001
  0.106670685694913E-008  0.348010053579025E+002  0.103434598940819E+001
  0.115968533146944E-008  0.346272047706635E+002  0.104143225917574E+001
  0.120621288655147E-008  0.345418753840229E+002  0.104492074494793E+001
  0.136709063365630E-008  0.342848213016166E+002  0.105546760367693E+001
  0.137622770179034E-008  0.342648430212503E+002  0.499723696526743E+001
  0.137659464313355E-008  0.342576542554112E+002  0.499254066517294E+001
  0.144541576342322E-008  0.341534302629620E+002  0.497232684994965E+001
  0.145410259789615E-008  0.341347908159672E+002  0.502992704739145E+001
  0.149352091887479E-008  0.340746403836792E+002  0.496366128507525E+001
  0.165639979057569E-008  0.338609646413578E+002  0.494610515967924E+001
  0.167416968166345E-008  0.338329672938216E+002  0.494413335012541E+001
  0.182155017682548E-008  0.336575706053631E+002  0.493273056382260E+001
  0.284987336428022E-008  0.327557416738985E+002  0.511473342909571E+001
  0.322682839479029E-008  0.325006357456948E+002  0.512679274563543E+001
  0.344197723737926E-008  0.323648874637998E+002  0.886387146185010E+001
  0.344768272512435E-008  0.323549193897727E+002  0.113655643110533E+001
  0.345887548370270E-008  0.323417814095041E+002  0.513417381273030E+001
  0.345836354981019E-008  0.323354218629767E+002  0.486553229866205E+001
  0.359998003712445E-008  0.322485007117943E+002  0.486152616686397E+001
  0.382524932372499E-008  0.321204544363612E+002  0.485565649479814E+001
  0.396411611138105E-008  0.320424803368161E+002  0.115001846334028E+001
  0.398128246475310E-008  0.320271825822109E+002  0.884931988721395E+001
  0.401057891797696E-008  0.320058637925176E+002  0.884839742449888E+001
  0.408825977883757E-008  0.319608406161450E+002  0.884644776007188E+001
  0.477952468977778E-008  0.316417416225409E+002  0.116742981261349E+001
  0.494812217710619E-008  0.315657519580124E+002  0.882924988598421E+001
  0.510010268070729E-008  0.314985913247193E+002  0.517252459101247E+001
  0.518792402462154E-008  0.314577898467284E+002  0.482563634278762E+001
  0.522364357449114E-008  0.314374111879878E+002  0.517528201218404E+001
  0.582799305093970E-008  0.312118005382133E+002  0.881370419809995E+001
  0.591812097602888E-008  0.311744523583467E+002  0.881205607237380E+001
  0.720364078393089E-008  0.307746616444884E+002  0.520515444666405E+001
  0.824413753957060E-008  0.304981744966351E+002  0.878194914393001E+001
  0.928833324651989E-008  0.302530053634073E+002  0.522879600698605E+001
  0.101416323500041E-007  0.300705700962964E+002  0.523711102952569E+001
  0.101892007203015E-007  0.300545556360427E+002  0.523784228743723E+001
  0.107695820265044E-007  0.299371055061397E+002  0.875657954931555E+001
  0.112022394647651E-007  0.298516738676308E+002  0.475287356073391E+001
  0.118878856766114E-007  0.297262059660459E+002  0.125305186492025E+001
  0.125797976798635E-007  0.296064057913866E+002  0.125854665330560E+001
  0.128527250539805E-007  0.295568228374918E+002  0.873917408159447E+001
  0.131960228709828E-007  0.294974479948578E+002  0.873644075950449E+001
  0.146550790044989E-007  0.292810494575390E+002  0.527345830947110E+001
  0.150477005195383E-007  0.292215174273237E+002  0.527622561296617E+001
  0.157703540898781E-007  0.291210485191669E+002  0.471909503595936E+001
  0.165155596564053E-007  0.290220507551338E+002  0.128560128531526E+001
  0.166780173823871E-007  0.289958180112140E+002  0.871317416332535E+001
  0.201165497891164E-007  0.286142597890810E+002  0.469530934130314E+001
  0.206085755512850E-007  0.285592753505035E+002  0.530729023366478E+001
  0.210093485961532E-007  0.285140993066365E+002  0.130947028385978E+001
  0.212190937811213E-007  0.284875758934922E+002  0.868927409707544E+001
  0.230654563507600E-007  0.283140509616126E+002  0.468106907138065E+001
  0.235787257718389E-007  0.282633778756294E+002  0.867862303457089E+001
  0.261556973891844E-007  0.280492779253714E+002  0.533158768902330E+001
  0.272987332964439E-007  0.279570758220952E+002  0.133603877340050E+001
  0.280880062774251E-007  0.278934155206285E+002  0.466091779734844E+001
  0.281593406528913E-007  0.278816870317565E+002  0.866033272483931E+001
  0.293007209748988E-007  0.277955654402285E+002  0.465619579156081E+001
  0.308711684098276E-007  0.276844887304663E+002  0.534918057259485E+001
  0.321343490894669E-007  0.275976274783683E+002  0.464660311078244E+001
  0.326694556985195E-007  0.275579418146486E+002  0.535532680919413E+001
  0.334929818012297E-007  0.275014955274065E+002  0.535807565605602E+001
  0.344266644685173E-007  0.274398489960058E+002  0.463891705264612E+001
  0.395606353237159E-007  0.271551870711092E+002  0.137504930429605E+001
  0.418923701182062E-007  0.270339931978176E+002  0.461898026317813E+001
  0.447774073170557E-007  0.268941376209702E+002  0.861204740980112E+001
  0.451556734555606E-007  0.268706576035062E+002  0.538911231894322E+001
  0.465253422837491E-007  0.268042395641458E+002  0.539241462951431E+001
  0.488646342162804E-007  0.266994704866032E+002  0.460236248129177E+001
  0.500426388521615E-007  0.266451718846213E+002  0.459964894096724E+001
  0.614629081204558E-007  0.262273993968235E+002  0.142138708494355E+001
  0.619085626535661E-007  0.262062945612719E+002  0.542245435912932E+001
  0.693240282238141E-007  0.259733728347603E+002  0.543431144638919E+001
  0.748063850750858E-007  0.258144939153997E+002  0.855754738565324E+001
  0.865560319274265E-007  0.255160608774740E+002  0.854214285086925E+001
  0.867419715324396E-007  0.255051135069010E+002  0.145842515809467E+001
  0.898190017501281E-007  0.254287405540415E+002  0.453760735369494E+001
  0.931824428881555E-007  0.253485594354313E+002  0.453342984591982E+001
  0.930413213927538E-007  0.253449350800299E+002  0.546675925487199E+001
  0.927998153120356E-007  0.253434776216587E+002  0.146683619545833E+001
  0.116890857369213E-006  0.248752300278481E+002  0.149146705818302E+001
  0.139041657235833E-006  0.245215085993723E+002  0.448965671508424E+001
  0.142267595653172E-006  0.244689806590711E+002  0.448683307589929E+001
  0.153517426067505E-006  0.243101164292466E+002  0.847826028180788E+001
  0.155937481989848E-006  0.242721786790686E+002  0.447620597431191E+001
  0.168284780495784E-006  0.241131181071745E+002  0.553243935075130E+001
  0.169282233451370E-006  0.240946431747738E+002  0.446655318923571E+001
  0.192457074576494E-006  0.238313760001142E+002  0.845212086002149E+001
  0.214639217482099E-006  0.236065495784507E+002  0.556031842804646E+001
  0.216563375668664E-006  0.235820446533061E+002  0.156168085022125E+001
  0.219904730899578E-006  0.235447667164615E+002  0.156375576355373E+001
  0.226150887806816E-006  0.234820951153522E+002  0.843274912338051E+001
  0.227512172497642E-006  0.234634368935979E+002  0.443170700610577E+001
  0.231643816521843E-006  0.234207869616734E+002  0.842932177831271E+001
  0.237138840111702E-006  0.233672416323872E+002  0.842632166542938E+001
  0.256091714659941E-006  0.232068063565094E+002  0.841729455270695E+001
  0.261282198380273E-006  0.231600199715975E+002  0.558534874660298E+001
  0.281081847182727E-006  0.230072746814878E+002  0.559401319535982E+001
  0.286155268121303E-006  0.229648417793046E+002  0.440357031309723E+001
  0.285301103479054E-006  0.229641650651941E+002  0.159646829657384E+001
  0.301578520047887E-006  0.228465389098084E+002  0.160318896852129E+001
  0.333122131316501E-006  0.226409257899166E+002  0.561501515324884E+001
  0.340307444639602E-006  0.225915896607051E+002  0.838213211300660E+001
  0.341742526836439E-006  0.225765177803974E+002  0.838125945316398E+001
  0.342970228818582E-006  0.225626901223580E+002  0.838045834840047E+001
  0.355941727025637E-006  0.224817877774291E+002  0.837576192579964E+001
  0.364591555075431E-006  0.224271108562636E+002  0.162742119749230E+001
  0.381769126534772E-006  0.223283785855136E+002  0.563318785179867E+001
  0.402416867092132E-006  0.222163780272399E+002  0.563975908285390E+001
  0.421970302915677E-006  0.221148296366905E+002  0.835425535773788E+001
  0.421066578974767E-006  0.221124620031252E+002  0.564588450135296E+001
  0.439831673406013E-006  0.220186041684108E+002  0.834855904543962E+001
  0.441521600666544E-006  0.220042788858200E+002  0.165229103519251E+001
  0.462720799010889E-006  0.219038295019960E+002  0.565826695083571E+001
  0.477663601995904E-006  0.218336081679674E+002  0.166246041592555E+001
  0.489350950271389E-006  0.217786061906719E+002  0.566575420498539E+001
  0.521813829511939E-006  0.216434887023893E+002  0.432611954208939E+001
  0.543617674553509E-006  0.215549624825642E+002  0.567923172251668E+001
  0.572781123068129E-006  0.214437919745346E+002  0.431401733604403E+001
  0.579244012861701E-006  0.214146960589985E+002  0.831224471861427E+001
  0.618394852383678E-006  0.212772337869956E+002  0.569616249215831E+001
  0.652640200684675E-006  0.211627805869785E+002  0.170320405382812E+001
  0.653788901300185E-006  0.211526079359937E+002  0.829616823825083E+001
  0.671435470040853E-006  0.210926855665017E+002  0.829246451507635E+001
  0.692442761792861E-006  0.210244146521650E+002  0.828823180229246E+001
  0.692962601329540E-006  0.210162581695725E+002  0.828772518000654E+001
  0.696213652566891E-006  0.210002414815696E+002  0.171327024238094E+001
  0.752766517951928E-006  0.208373888508031E+002  0.827656454917868E+001
  0.781192569711867E-006  0.207566001166534E+002  0.827149158501180E+001
  0.782050638227164E-006  0.207477489251976E+002  0.827093456169973E+001
  0.852195291398540E-006  0.205693008998022E+002  0.574034807228743E+001
  0.910374369859972E-006  0.204305649305339E+002  0.174919017393662E+001
  0.986217396207503E-006  0.202638675445337E+002  0.424010227038505E+001
  0.100456118174285E-005  0.202203534107690E+002  0.423729195402292E+001
  0.100559547444757E-005  0.202116396968699E+002  0.576327157983551E+001
  0.101012266497669E-005  0.201960003246500E+002  0.176428365551180E+001
  0.103007806638041E-005  0.201502191084223E+002  0.176725108418671E+001
  0.104681770761563E-005  0.201113230972205E+002  0.423022214622021E+001
  0.106463180939967E-005  0.200709190909686E+002  0.422759190611578E+001
  0.109121795223605E-005  0.200149326322079E+002  0.177606207132692E+001
  0.108764527686030E-005  0.200148358456722E+002  0.422393160290867E+001
  0.109422132419933E-005  0.199961244097383E+002  0.177729204727809E+001
  0.112994317080925E-005  0.199252201309731E+002  0.178194004538078E+001
  0.114615037677060E-005  0.198900815740552E+002  0.821574992656389E+001
  0.115540148022008E-005  0.198673478798904E+002  0.178574694034821E+001
  0.115276191260034E-005  0.198652666184532E+002  0.578588406979297E+001
  0.115826228806128E-005  0.198490907816727E+002  0.178695038965469E+001
  0.122519593122469E-005  0.197300753601992E+002  0.179482495473763E+001
  0.136497615357209E-005  0.195073474129941E+002  0.180970154239773E+001
  0.136715809070577E-005  0.194974973520074E+002  0.581036374932441E+001
  0.141880341037074E-005  0.194166824745404E+002  0.418418918609400E+001
  0.152164729106648E-005  0.192700676052773E+002  0.582575741463611E+001
  0.154675146040710E-005  0.192306852101875E+002  0.182844357126032E+001
  0.156053480648063E-005  0.192062862548598E+002  0.816988915409488E+001
  0.155932452078091E-005  0.192011823930482E+002  0.816954008694828E+001
  0.158035904981400E-005  0.191677281329643E+002  0.583275052638418E+001
  0.165570117019962E-005  0.190679275148559E+002  0.816038925989007E+001
  0.168554648424922E-005  0.190255414400344E+002  0.815746337414917E+001
  0.174304842711221E-005  0.189517944284431E+002  0.584764504563802E+001
  0.179284697947352E-005  0.188888002527291E+002  0.185202662377216E+001
  0.179328798003610E-005  0.188816527774313E+002  0.414747517474571E+001
  0.184952487817629E-005  0.188132412207356E+002  0.185730431548510E+001
  0.186345553330750E-005  0.187915780520867E+002  0.814117804063396E+001
  0.189012073286228E-005  0.187565062136562E+002  0.813871674540961E+001
  0.192766838344859E-005  0.187105096849589E+002  0.413548068315412E+001
  0.192730851092089E-005  0.187042275156018E+002  0.186496201183063E+001
  0.197478996194194E-005  0.186488967981777E+002  0.186886856652301E+001
  0.205008460511584E-005  0.185674031804462E+002  0.412535298509611E+001
  0.206121809519880E-005  0.185499154936416E+002  0.187589088115346E+001
  0.206585962503119E-005  0.185387613000509E+002  0.187668497735523E+001
  0.220060203030875E-005  0.184057366199255E+002  0.811380101062953E+001
  0.231833708934601E-005  0.182948426721969E+002  0.810580724343928E+001
  0.236145640804248E-005  0.182513303041975E+002  0.589734516696260E+001
  0.235536097097972E-005  0.182498438369678E+002  0.810254698131468E+001
  0.235597825434185E-005  0.182426641736408E+002  0.589797409289493E+001
  0.246778065088387E-005  0.181432822155018E+002  0.190521235549009E+001
  0.259911096545335E-005  0.180329261845724E+002  0.591330638096027E+001
  0.263380458552898E-005  0.179997506821185E+002  0.591575143935224E+001
  0.291068998789453E-005  0.177931735999421E+002  0.593110215263249E+001
  0.302809370939256E-005  0.177074317789637E+002  0.193753874577683E+001
  0.302321237955893E-005  0.177040028284154E+002  0.593779696636717E+001
  0.305237716669718E-005  0.176781458120995E+002  0.806025381962396E+001
  0.339014758635134E-005  0.174615846913567E+002  0.804378560188783E+001
  0.352547520327746E-005  0.173766455504171E+002  0.596274491075276E+001
  0.360505965274837E-005  0.173253438078179E+002  0.403329078257398E+001
  0.360176322111840E-005  0.173205178448814E+002  0.403291707667286E+001
  0.362463444913147E-005  0.173012023998927E+002  0.803141999984202E+001
  0.373519002028548E-005  0.172344563171749E+002  0.802622991714296E+001
  0.386581775342112E-005  0.171590516451051E+002  0.802033479569604E+001
  0.389689175865457E-005  0.171363840417146E+002  0.198144402276281E+001
  0.390708518572661E-005  0.171245037239670E+002  0.801762243878857E+001
  0.400205883509466E-005  0.170698135072188E+002  0.198668613290536E+001
  0.400692718700373E-005  0.170607264819066E+002  0.401259620244321E+001
  0.405652354026954E-005  0.170294675499314E+002  0.801012357663818E+001
  0.408621454581690E-005  0.170082266364976E+002  0.400843993075263E+001
  0.411114803224402E-005  0.169894044292627E+002  0.800694564936411E+001
  0.415124985145013E-005  0.169633345653960E+002  0.199512768843268E+001
  0.415444843608003E-005  0.169551385561331E+002  0.800421959803250E+001
  0.435256555782597E-005  0.168553114115643E+002  0.799623524227040E+001
  0.436115654225532E-005  0.168447121723481E+002  0.799538373488167E+001
  0.439396828253527E-005  0.168230656493467E+002  0.799364245882850E+001
  0.448437973094078E-005  0.167756752055528E+002  0.398981961234518E+001
  0.452620779640178E-005  0.167504510843969E+002  0.601222117576957E+001
  0.462289357485641E-005  0.167015227720589E+002  0.201619185019604E+001
  0.478923456383564E-005  0.166241676400183E+002  0.602250235064388E+001
  0.484819991971693E-005  0.165930382886125E+002  0.797494664380635E+001
  0.492100204468915E-005  0.165565733246184E+002  0.602805012267483E+001
  0.492590988629235E-005  0.165479240871143E+002  0.602876229169594E+001
  0.495454145890017E-005  0.165296772742008E+002  0.203026643042359E+001
  0.497351935516606E-005  0.165153755203119E+002  0.796855300079096E+001
  0.499963041818438E-005  0.164982473719720E+002  0.796713722480669E+001
  0.501438362500969E-005  0.164856987633025E+002  0.603390133308156E+001
  0.501062341775604E-005  0.164805435142048E+002  0.203432831958059E+001
  0.519889430591962E-005  0.164001166790926E+002  0.395898566243072E+001
  0.530658157240160E-005  0.163524573253724E+002  0.395500157285332E+001
  0.530303772560705E-005  0.163471378334394E+002  0.204544414231456E+001
  0.538577123143385E-005  0.163095208399009E+002  0.204860199365596E+001
  0.539964573467723E-005  0.162977196038951E+002  0.204959483970546E+001
  0.554181868788352E-005  0.162390852573721E+002  0.205454324621863E+001
  0.557501662546298E-005  0.162204845380068E+002  0.794388153820930E+001
  0.597616346491678E-005  0.160748619547496E+002  0.606854267684879E+001
  0.595844814269589E-005  0.160741438397501E+002  0.606860435557595E+001
  0.598122334588372E-005  0.160598581565646E+002  0.606983219947023E+001
  0.609344811017108E-005  0.160160245889568E+002  0.207360981960927E+001
  0.617241175344449E-005  0.159836179452418E+002  0.207641259031429E+001
  0.624770072073695E-005  0.159527146331097E+002  0.392090671264219E+001
  0.639279041794183E-005  0.159001443592961E+002  0.608367149472517E+001
  0.647764141470003E-005  0.158671175657097E+002  0.391344055231051E+001
  0.657102541231297E-005  0.158318351248106E+002  0.791034523784165E+001
  0.661096358103216E-005  0.158130604961439E+002  0.790869384914519E+001
  0.698179718759152E-005  0.156972510342128E+002  0.789844031385803E+001
  0.699049209538427E-005  0.156881062673984E+002  0.389762566522764E+001
  0.150783098590561E-004  0.142437030664425E+002  0.610983068722154E+001
  0.151030785717160E-004  0.142404204184918E+002  0.611012574947897E+001
  0.151421630509753E-004  0.142213140682838E+002  0.611184507786813E+001
  0.153748262807423E-004  0.141768799155209E+002  0.611585651545409E+001
  0.153695787589273E-004  0.141636253055815E+002  0.788294335247197E+001
  0.170643357482863E-004  0.138856890059088E+002  0.614260909981099E+001
  0.186390748074180E-004  0.136687445584149E+002  0.616309615598454E+001
  0.186514332296563E-004  0.136540409447496E+002  0.616450286299628E+001
  0.187072510986457E-004  0.136480645125997E+002  0.783492468929679E+001
  0.190575366177869E-004  0.135974935715804E+002  0.783006498916305E+001
  0.203782973490622E-004  0.134500098416164E+002  0.618427303008907E+001
  0.202910988439472E-004  0.134451181168995E+002  0.781524708738229E+001
  0.207905836064086E-004  0.133563472634399E+002  0.619351101871642E+001
  0.211880000148454E-004  0.133051885551812E+002  0.780139820539504E+001
  0.220594686854286E-004  0.131980842133285E+002  0.779063416882523E+001
  0.230467821479306E-004  0.130973143892432E+002  0.621962879534139E+001
  0.230999689256100E-004  0.130927041577540E+002  0.777989844212054E+001
  0.237171988706607E-004  0.130399657509842E+002  0.777446977664650E+001
  0.238361591272868E-004  0.130165812885130E+002  0.777205046528286E+001
  0.237301090213396E-004  0.129988323349875E+002  0.777020911990147E+001
  0.243281053440826E-004  0.129357680178592E+002  0.623636933165379E+001
  0.254529541481224E-004  0.128188784997920E+002  0.624871478468685E+001
  0.253849238498718E-004  0.128110298601702E+002  0.624955100612458E+001
  0.259549134858093E-004  0.127143283250637E+002  0.625993145804487E+001
  0.258475545626983E-004  0.126968113966166E+002  0.626182743329214E+001
  0.259836856600619E-004  0.126734438738749E+002  0.773563573499483E+001
  0.268428552342762E-004  0.125955204536179E+002  0.627288777526419E+001
  0.268287455639618E-004  0.125837102287470E+002  0.627418834992754E+001
  0.274249713046056E-004  0.125397501258050E+002  0.627904997752257E+001
  0.288325420991158E-004  0.124010622731241E+002  0.770539271223996E+001
  0.290086959801983E-004  0.123888803467658E+002  0.629599022005094E+001
  0.290921485707820E-004  0.123831349811954E+002  0.770335660356086E+001
  0.309388711162719E-004  0.122087600618722E+002  0.768323533623558E+001
  0.308992091029113E-004  0.121986271466260E+002  0.768204784160758E+001
  0.330550102926895E-004  0.120384252249519E+002  0.633700908695993E+001
  0.332230084216050E-004  0.120156678696202E+002  0.633976082067131E+001
  0.335874343434634E-004  0.119438465481892E+002  0.634852140289057E+001
  0.344115420127175E-004  0.118706748513836E+002  0.635756954383936E+001
  0.349685425011514E-004  0.118385611715264E+002  0.636158109189528E+001
  0.346505119461395E-004  0.118321422425835E+002  0.636238595248006E+001
  0.356734485483910E-004  0.117616461641793E+002  0.762870684826084E+001
  0.357783681321498E-004  0.117557725747288E+002  0.637204098323377E+001
  0.365495011424870E-004  0.117131244371085E+002  0.637749793195625E+001
  0.363756282958637E-004  0.117102004163857E+002  0.637787382195963E+001
  0.362691098958951E-004  0.117036044891713E+002  0.637872257964030E+001
  0.365155723675105E-004  0.116900596934282E+002  0.761953084324342E+001
  0.368705111286496E-004  0.116581739367281E+002  0.761539966254288E+001
  0.367996807343768E-004  0.116246354821130E+002  0.761102421549353E+001
  0.366675709100979E-004  0.116071366733410E+002  0.760872882510684E+001
  0.369830504675158E-004  0.115776949937738E+002  0.639515281782486E+001
  0.369100000737813E-004  0.115693416489712E+002  0.760374131763263E+001
  0.369535548147694E-004  0.115669829893533E+002  0.760342869759229E+001
  0.378774264420617E-004  0.114929043628995E+002  0.640647357864597E+001
  0.378131750793491E-004  0.114839921063198E+002  0.759232394160000E+001
  0.393439344303408E-004  0.113800834612775E+002  0.642188040286996E+001
  0.394348439574888E-004  0.113754675193012E+002  0.757748049133246E+001
  0.394663272500419E-004  0.113493312465694E+002  0.757384833730917E+001
  0.394611886548662E-004  0.113373592135106E+002  0.642782311393845E+001
  0.399701302801891E-004  0.112994971414880E+002  0.756685841038083E+001
  0.399764597711762E-004  0.112991804555108E+002  0.643318628486679E+001
  0.403064474075490E-004  0.112827391229118E+002  0.643551158165354E+001
  0.400985790785458E-004  0.112806962668577E+002  0.643580117203363E+001
  0.399527653861602E-004  0.112755983428366E+002  0.756347550934824E+001
  0.402092254538985E-004  0.112628012084321E+002  0.756165568467748E+001
  0.402536370076180E-004  0.112481323048895E+002  0.644043759636327E+001
  0.403613002772247E-004  0.112427902014410E+002  0.755879812724450E+001
  0.405250610452708E-004  0.112346918773668E+002  0.755763753026503E+001
  0.406413242815727E-004  0.112289622485137E+002  0.644318506257143E+001
  0.408405206475004E-004  0.112064850866025E+002  0.644642387277105E+001
  0.410243941224217E-004  0.111975008332315E+002  0.644772375743797E+001
  0.416912938152363E-004  0.111652499187769E+002  0.754758460696562E+001
  0.417212322415850E-004  0.111638142385955E+002  0.754737481943973E+001
  0.416835091425327E-004  0.111526783682004E+002  0.754574486135323E+001
  0.416773050437781E-004  0.111400310377578E+002  0.645611225347261E+001
  0.428036079586357E-004  0.110737546886709E+002  0.646594975426582E+001
  0.430648005069707E-004  0.110357807335466E+002  0.752833117658231E+001
  0.430634823998841E-004  0.110229801688788E+002  0.647361065569105E+001
  0.434054559908036E-004  0.109815192211904E+002  0.647995001185285E+001
  0.434636147241320E-004  0.109660616296355E+002  0.648233333551109E+001
  0.433068369039167E-004  0.109605092859359E+002  0.648319210480959E+001
  0.431235929131043E-004  0.109562102337208E+002  0.751614198838762E+001
  0.434489419086901E-004  0.109283981319858E+002  0.751181306733917E+001
  0.432330867875362E-004  0.109255793348411E+002  0.751137227961239E+001
  0.436199692739147E-004  0.109077614220210E+002  0.750857717438434E+001
  0.431351163818040E-004  0.108917768413294E+002  0.649394347213568E+001
  0.428872414263452E-004  0.108906044890841E+002  0.750587116248591E+001
  0.430446572348212E-004  0.108705785575736E+002  0.750269422514405E+001
  0.429316617883752E-004  0.108631371549856E+002  0.649849141624585E+001
  0.428481287641955E-004  0.108543339318291E+002  0.649989766659807E+001
  0.429581039264946E-004  0.108492072542409E+002  0.650071844069710E+001
  0.431753089358322E-004  0.108391203222347E+002  0.749766270338348E+001
  0.431500926024513E-004  0.108274269732825E+002  0.650422058281269E+001
  0.441938880099480E-004  0.107796231020468E+002  0.748800472447393E+001
  0.447945637528467E-004  0.107396774969327E+002  0.651858820715459E+001
  0.452386545270152E-004  0.107070022223856E+002  0.652404908828422E+001
  0.453791483810108E-004  0.107008006168706E+002  0.652509262641995E+001
  0.455353994554232E-004  0.106939259754859E+002  0.652625210200029E+001
  0.454664386212308E-004  0.106838423592070E+002  0.652795795499286E+001
  0.453053727836190E-004  0.106778251803460E+002  0.747102117111311E+001
  0.452686758305988E-004  0.106663310180830E+002  0.746906489708214E+001
  0.452561221955194E-004  0.106537709217980E+002  0.653308216754008E+001
  0.453013157714128E-004  0.106517746824758E+002  0.653342432127518E+001
  0.454171028239688E-004  0.106466693414779E+002  0.746569948402147E+001
  0.456225656806317E-004  0.106376419269949E+002  0.746414612257411E+001
  0.458683952330110E-004  0.106135162159872E+002  0.745996903084811E+001
  0.454931546117823E-004  0.106032780669312E+002  0.745818490316726E+001
  0.454942724604089E-004  0.105899398385007E+002  0.654414992712350E+001
  0.455667056148859E-004  0.105867580949577E+002  0.745529134625493E+001
  0.452822029152286E-004  0.105859065709514E+002  0.745514169896157E+001
  0.453862601176234E-004  0.105813159009610E+002  0.654566591704435E+001
  0.451142389277274E-004  0.105798708425247E+002  0.745407956305624E+001
  0.457750030897470E-004  0.105239443171386E+002  0.655588289210664E+001
  0.458173122242789E-004  0.105220966015351E+002  0.744378414913898E+001
  0.461716977625354E-004  0.105066866176017E+002  0.655900252427290E+001
  0.462193541897094E-004  0.105046233688176E+002  0.744062302912151E+001
  0.462251195981099E-004  0.104907219739691E+002  0.743809180615078E+001
  0.463604714776288E-004  0.104308169816546E+002  0.742701244928706E+001
  0.464650351850119E-004  0.104263111618484E+002  0.742616745614505E+001
  0.462163152350198E-004  0.104235775352529E+002  0.742565399143184E+001
  0.462214985233028E-004  0.103965072016038E+002  0.657946454722817E+001
  0.462882967203511E-004  0.103936189362701E+002  0.741998564806981E+001
  0.463616511221185E-004  0.103769839228135E+002  0.741680492131397E+001
  0.460840368718240E-004  0.103755278880362E+002  0.741652536161342E+001
  0.466637052090092E-004  0.103505277803467E+002  0.658830428756561E+001
  0.466636567070810E-004  0.103369704851630E+002  0.740905279904613E+001
  0.467736993228642E-004  0.103322596212715E+002  0.740813043770935E+001
  0.468783347318583E-004  0.103277905052041E+002  0.659274652166733E+001
  0.469029548165776E-004  0.103129946401349E+002  0.740433656426668E+001
  0.468892648529585E-004  0.102998327237486E+002  0.659827602687769E+001
  0.474798843619053E-004  0.102474002762961E+002  0.660885685613989E+001
  0.474659370692987E-004  0.102343359356878E+002  0.661153807845370E+001
  0.474382048461832E-004  0.102218528575421E+002  0.661411741165462E+001
  0.474814576322028E-004  0.102063782159468E+002  0.661733901514149E+001
  0.466062128256524E-004  0.101895317001838E+002  0.737912265404590E+001
  0.466337499104117E-004  0.101749723812582E+002  0.662396210858118E+001
  0.459703440286506E-004  0.101637600163392E+002  0.662635509183764E+001
  0.460152406609848E-004  0.101618076827838E+002  0.737322666574992E+001
  0.458741728992892E-004  0.101546593644731E+002  0.662830871264302E+001
  0.455985871496913E-004  0.101534213676117E+002  0.737142473477041E+001
  0.452712047126949E-004  0.101413420334402E+002  0.663118617144712E+001
  0.456593628262475E-004  0.101110656384965E+002  0.736218699167810E+001
  0.456716240693420E-004  0.101105286359485E+002  0.736206835892295E+001
  0.449906843417565E-004  0.101009668489941E+002  0.664005054435317E+001
  0.450568348308700E-004  0.100849135771201E+002  0.664363629937856E+001
  0.451661613281037E-004  0.100800666287634E+002  0.735527394413823E+001
  0.449261309144747E-004  0.100775223757811E+002  0.664529942922746E+001
  0.450552056007762E-004  0.100717845292528E+002  0.735340407391801E+001
  0.450826694810669E-004  0.100705657793715E+002  0.664687192198747E+001
  0.447957695289972E-004  0.100699562013502E+002  0.664701004688882E+001
  0.449867491993848E-004  0.100614476426181E+002  0.735105631684999E+001
  0.456576050973554E-004  0.100318432330711E+002  0.734424385553378E+001
  0.455658873428554E-004  0.100223055330332E+002  0.665797982505894E+001
  0.456463768689505E-004  0.100187757644135E+002  0.665880645216013E+001
  0.456975435218191E-004  0.100165351485958E+002  0.734066778326798E+001
  0.454921459360972E-004  0.100117990898799E+002  0.733955377948446E+001
  0.447113241599705E-004  0.100054678028340E+002  0.666194118376407E+001
  0.444196622980688E-004  0.100049976098326E+002  0.666205247100384E+001
  0.443531438699339E-004  0.999443547988086E+001  0.666456208985517E+001
  0.440429456008740E-004  0.998144484087762E+001  0.733232527638116E+001
  0.438801321569799E-004  0.997538387072252E+001  0.666913698590353E+001
  0.443049805435488E-004  0.995611296838848E+001  0.667382981478444E+001
  0.443848970633741E-004  0.995250865440764E+001  0.667471504878551E+001
  0.440998300249442E-004  0.995174337867863E+001  0.667490331381268E+001
  0.441308032713377E-004  0.995033918394450E+001  0.667524904278430E+001
  0.439462204217841E-004  0.993132429982537E+001  0.732003250265161E+001
  0.434674646215112E-004  0.989917476443232E+001  0.668810758731485E+001
  0.429934772890548E-004  0.988123494518604E+001  0.730725641736367E+001
  0.425178880695758E-004  0.985119144518097E+001  0.729933183260447E+001
  0.422940724375665E-004  0.984880229296981E+001  0.729869262069319E+001
  0.421769099858088E-004  0.984140532429974E+001  0.729670484773484E+001
  0.423923215010399E-004  0.983121665509647E+001  0.670605514191123E+001
  0.421208609709775E-004  0.983103553545624E+001  0.670610443954630E+001
  0.419512333733659E-004  0.982607676231084E+001  0.670745735908909E+001
  0.416830982234296E-004  0.981292658177060E+001  0.671107584409626E+001
  0.418014823516105E-004  0.980725443456855E+001  0.671265069286257E+001
  0.413207881500642E-004  0.980441221049465E+001  0.728655692010583E+001
  0.412642957905534E-004  0.979420338350085E+001  0.728369253804344E+001
  0.411796660450688E-004  0.978536440535500E+001  0.728118893939520E+001
  0.404724852579858E-004  0.978142244956975E+001  0.671993481702905E+001
  0.398832553950297E-004  0.977265765034562E+001  0.727755024560734E+001
  0.397047724808947E-004  0.976900966682815E+001  0.672350323424333E+001
  0.394570518004622E-004  0.976890854826501E+001  0.727646750713926E+001
  0.392146633677709E-004  0.976861429352889E+001  0.672361765297687E+001
  0.387568448660924E-004  0.976694345001530E+001  0.727589829065045E+001
  0.388360068796320E-004  0.976286255651936E+001  0.727471243842333E+001
  0.386601517103254E-004  0.975932107945613E+001  0.727367916890837E+001
  0.384447471594648E-004  0.975787739349230E+001  0.672674316524529E+001
  0.382496876381706E-004  0.975543241083329E+001  0.672745991026141E+001
  0.382757683907729E-004  0.975406916492975E+001  0.727213963542666E+001
  0.383229765046929E-004  0.975160394856301E+001  0.727141397633776E+001
  0.383805349263030E-004  0.974860234243885E+001  0.672947220185051E+001
  0.378140550245631E-004  0.972738330894103E+001  0.726417843252612E+001
  0.376923164375758E-004  0.972121415835767E+001  0.726230360294632E+001
  0.373372384830101E-004  0.971498676650473E+001  0.726039738366994E+001
  0.369731608054138E-004  0.970958426815884E+001  0.725873228960995E+001
  0.370279359864398E-004  0.970662349090530E+001  0.674218480780559E+001
  0.369682250410138E-004  0.969731205170150E+001  0.725490948011723E+001
  0.369708404469900E-004  0.969717056189716E+001  0.725486507152794E+001
  0.367970533201943E-004  0.969397569702646E+001  0.674613975044204E+001
  0.369031078176089E-004  0.968821969492386E+001  0.725203981028642E+001
  0.367337749530804E-004  0.968471951937610E+001  0.674907364052063E+001
  0.365355610086157E-004  0.968284220360795E+001  0.674967287929857E+001
  0.361256847093865E-004  0.968008933057208E+001  0.675055419892705E+001
  0.359400055585154E-004  0.967777712044486E+001  0.724870314443644E+001
  0.357164735361252E-004  0.967763680220671E+001  0.724865800436437E+001
  0.349760644367925E-004  0.966953034106635E+001  0.675396388608172E+001
  0.344135217372546E-004  0.966503500219377E+001  0.724457006180724E+001
  0.341186434020561E-004  0.965785565337002E+001  0.724221027913901E+001
  0.341065010247829E-004  0.964640946164654E+001  0.723839972450664E+001
  0.341149668405838E-004  0.964591308910521E+001  0.676176690188341E+001
  0.339419063460167E-004  0.964385217892667E+001  0.676245997514174E+001
  0.339966209484894E-004  0.964063076000690E+001  0.676354739083170E+001
  0.334383827035786E-004  0.963704590845014E+001  0.676476339542194E+001
  0.332691995417728E-004  0.963503260157401E+001  0.676544908647964E+001
  0.330734270566042E-004  0.963467826597846E+001  0.676556997347194E+001
  0.329321099488587E-004  0.963108414164307E+001  0.676679970530832E+001
  0.329339059838061E-004  0.963097506961723E+001  0.676683712576795E+001
  0.329501171511629E-004  0.962999084510193E+001  0.676717506577322E+001
  0.327732988747733E-004  0.962844449634516E+001  0.676770700786158E+001
  0.326043816004800E-004  0.962647164700564E+001  0.676838743923894E+001
  0.321748293532530E-004  0.961629783867306E+001  0.722807141199432E+001
  0.320008808928587E-004  0.961498178539880E+001  0.677239068462560E+001
  0.318458162977919E-004  0.961253851996557E+001  0.722674893158709E+001
  0.318734872383412E-004  0.961080146756524E+001  0.722613524623958E+001
  0.318838514976995E-004  0.961015123594296E+001  0.722590509629548E+001
  0.316996325488739E-004  0.960943264414687E+001  0.722565047716523E+001
  0.317240504066183E-004  0.960789266048064E+001  0.677489615627827E+001
  0.315494786016675E-004  0.960654475673769E+001  0.722462429935211E+001
  0.314513392952660E-004  0.960039180746123E+001  0.722242213013815E+001
  0.312647344852195E-004  0.958760173293320E+001  0.721777325834617E+001
  0.310810446606765E-004  0.958707926510668E+001  0.721758124275420E+001
  0.309307823883217E-004  0.958446404415128E+001  0.721661754740925E+001
  0.304771517308225E-004  0.957731497187144E+001  0.721396100177562E+001
  0.303146786731406E-004  0.957584735858367E+001  0.721341155581360E+001
  0.300171839520089E-004  0.957132868510285E+001  0.721171089815560E+001
  0.299163562623012E-004  0.956597336231692E+001  0.679032250299066E+001
  0.297911333721188E-004  0.956227783665147E+001  0.679173726054421E+001
  0.298099650915679E-004  0.956101398611440E+001  0.679222331083661E+001
  0.296566421416687E-004  0.955916913003007E+001  0.679293485183111E+001
  0.294790001879575E-004  0.955902697148721E+001  0.720701021766896E+001
  0.293008145388616E-004  0.955899455177733E+001  0.679300231144825E+001
  0.291507545054583E-004  0.955710549879868E+001  0.679373368042944E+001
  0.291102963797774E-004  0.954772512050927E+001  0.679740450631152E+001
  0.289602646011605E-004  0.954590149800219E+001  0.679812589452398E+001
  0.287893569043542E-004  0.954558128054457E+001  0.720174716768402E+001
  0.286309495184952E-004  0.954445815477136E+001  0.679869868469180E+001
  0.286395796006772E-004  0.954385539573422E+001  0.720106162761419E+001
  0.284696174448624E-004  0.954352734003808E+001  0.679906894419357E+001
  0.285197311111955E-004  0.954000993332825E+001  0.719952569787853E+001
  0.283676650161403E-004  0.953839465552452E+001  0.719887699632013E+001
  0.282153527638233E-004  0.953685429778063E+001  0.719825640576358E+001
  0.280783836237469E-004  0.953427904624007E+001  0.719721450803581E+001
  0.279643212538331E-004  0.953011243016837E+001  0.680448298383943E+001
  0.279856302824268E-004  0.952858899509550E+001  0.680510732698053E+001
  0.276883929665445E-004  0.952525307413726E+001  0.680648150826508E+001
  0.276960780716183E-004  0.952469803732070E+001  0.719328890488775E+001
  0.270739830265364E-004  0.952105099243260E+001  0.719177349548519E+001
  0.269111628627396E-004  0.952095700827161E+001  0.680826571484252E+001
  0.267781942843918E-004  0.951870544935202E+001  0.680920747740617E+001
  0.265408628419855E-004  0.951226746997746E+001  0.718807368231039E+001
  0.263963237096934E-004  0.951110442575034E+001  0.681242168861660E+001
  0.261745223589728E-004  0.950388422557911E+001  0.681552672043341E+001
  0.260355610691981E-004  0.950251852075376E+001  0.718388006444962E+001
  0.257559131407864E-004  0.950016433800853E+001  0.718285297061508E+001
  0.254671506482902E-004  0.949890418388572E+001  0.718230080691843E+001
  0.251905257147789E-004  0.949707817201518E+001  0.681850228016908E+001
  0.249801958030176E-004  0.949031772299187E+001  0.682150700164966E+001
  0.248510445232689E-004  0.948895460062572E+001  0.682211899797474E+001
  0.245857579770303E-004  0.948702742815224E+001  0.717701215575704E+001
  0.244460948770755E-004  0.948675928118442E+001  0.682310907380280E+001
  0.243051663354153E-004  0.948666054114447E+001  0.682315373522602E+001
  0.242260577560327E-004  0.948151892752557E+001  0.682549514853310E+001
  0.239494553535061E-004  0.946970191815368E+001  0.683099934412558E+001
  0.238156848084922E-004  0.946937689559028E+001  0.683115327046153E+001
  0.238361365757807E-004  0.946766012859584E+001  0.683196864769713E+001
  0.238816515745732E-004  0.946384477886066E+001  0.716620493193374E+001
  0.237666503380666E-004  0.946183712990531E+001  0.716523575752919E+001
  0.237836390208408E-004  0.946040801696184E+001  0.683545761185856E+001
  0.237930016098736E-004  0.945962085847149E+001  0.683584077200220E+001
  0.236674837520790E-004  0.945840016405304E+001  0.716356326308154E+001
  0.232852517316217E-004  0.945577249076230E+001  0.716227295924880E+001
  0.230607994930583E-004  0.945188842058027E+001  0.683965330663142E+001
  0.230618756344509E-004  0.945179509196132E+001  0.683969987680851E+001
  0.229307610913110E-004  0.945153637215741E+001  0.716017095344219E+001
  0.227071502199149E-004  0.944787914759496E+001  0.684166624366046E+001
  0.226227402922032E-004  0.944373342130695E+001  0.684377496298446E+001
  0.223727335113723E-004  0.944283706562728E+001  0.684423464672220E+001
  0.222625807023423E-004  0.944118103580339E+001  0.715491249307250E+001
  0.218368709989944E-004  0.943407956426804E+001  0.684879932187890E+001
  0.217149378804368E-004  0.943394702125354E+001  0.684886946641409E+001
  0.215977516093605E-004  0.943343792257123E+001  0.715086080469357E+001
  0.216162467634777E-004  0.943172596293380E+001  0.714995022124293E+001
  0.214341273111571E-004  0.942592006758488E+001  0.685317995506411E+001
  0.213155410870458E-004  0.942568449409366E+001  0.685330837162135E+001
  0.210922126874310E-004  0.942415044308990E+001  0.714585261628020E+001
  0.210958178753343E-004  0.942380862216449E+001  0.714566500721763E+001
  0.211183780871605E-004  0.942167093236989E+001  0.714448620681774E+001
  0.210393843352645E-004  0.941776996006901E+001  0.714230990265065E+001
  0.209587200039549E-004  0.941405659130970E+001  0.714020688068332E+001
  0.209694688584348E-004  0.941303113755107E+001  0.713962054572865E+001
  0.208530455391215E-004  0.941270480683992E+001  0.686056656112760E+001
  0.208575571098965E-004  0.941227215226233E+001  0.713918498174504E+001
  0.206562988378459E-004  0.940867545846436E+001  0.713710210842905E+001
  0.205383799177022E-004  0.940866405799854E+001  0.713709545601938E+001
  0.203269734870040E-004  0.940649982562026E+001  0.713582667956126E+001
  0.201122513272161E-004  0.940501150652161E+001  0.686505276651649E+001
  0.198948725145432E-004  0.940414662042757E+001  0.686556646977110E+001
  0.197837268071332E-004  0.940408361418774E+001  0.686560396936132E+001
  0.196871751683096E-004  0.940260058731791E+001  0.713351033200565E+001
  0.193680826304032E-004  0.940166821288363E+001  0.713295047515062E+001
  0.192671068668202E-004  0.940098042569471E+001  0.686746403170253E+001
  0.191945941142438E-004  0.939737963893301E+001  0.713034437851582E+001
  0.190076480747933E-004  0.939473169691145E+001  0.712870892077562E+001
  0.189099764941652E-004  0.939395491374589E+001  0.687177480364321E+001
  0.188199034214114E-004  0.939242382737059E+001  0.687273363696291E+001
  0.188254997352582E-004  0.939182919286876E+001  0.712689202354914E+001
  0.188458755573901E-004  0.938966565899610E+001  0.687447940320102E+001
  0.188520806465600E-004  0.938900725839821E+001  0.687489973571128E+001
  0.187505766543950E-004  0.938853718313365E+001  0.712479929520145E+001
  0.185599293661153E-004  0.938650420699729E+001  0.712348922180078E+001
  0.184568442983441E-004  0.938643900643949E+001  0.712344697570906E+001
  0.182620515698268E-004  0.938531249384076E+001  0.687728523399397E+001
  0.181645869789506E-004  0.938487299144632E+001  0.687757208891431E+001
  0.177955198727454E-004  0.938172668774357E+001  0.687964558661866E+001
  0.174538714145542E-004  0.937701721740377E+001  0.711718220669537E+001
  0.173718376428666E-004  0.937565774591299E+001  0.688374960590401E+001
  0.172930202245467E-004  0.937397085635225E+001  0.711508367302860E+001
  0.172933437243303E-004  0.937393344278845E+001  0.688494233781470E+001
  0.170392396020538E-004  0.937119327536585E+001  0.711313637275400E+001
  0.169646765257247E-004  0.936924051950889E+001  0.688825297362875E+001
  0.168788481517254E-004  0.936866079626103E+001  0.711133122734956E+001
  0.167935497790727E-004  0.936806966681755E+001  0.688909435779816E+001
  0.161400413920709E-004  0.936322998323699E+001  0.689264213070616E+001
  0.161503938730145E-004  0.936194756245656E+001  0.710639795474747E+001
  0.160718695174996E-004  0.936130578657440E+001  0.710591430797252E+001
  0.159952481855963E-004  0.936047379107507E+001  0.689471599668798E+001
  0.160001130039751E-004  0.935986560060802E+001  0.710482085135448E+001
  0.159212205448259E-004  0.935930759284027E+001  0.710439410728503E+001
  0.159238775247834E-004  0.935897385482411E+001  0.689586195914436E+001
  0.157614191350352E-004  0.935854042880757E+001  0.710380454417127E+001
  0.156824171152722E-004  0.935814648327209E+001  0.710350049325935E+001
  0.156850680179555E-004  0.935780843861491E+001  0.689676112670229E+001
  0.156094109597994E-004  0.935698008506887E+001  0.689740502745060E+001
  0.155288781100007E-004  0.935682658258903E+001  0.689752479326374E+001
  0.155354115725985E-004  0.935598529984786E+001  0.710181631871686E+001
  0.155357080417302E-004  0.935594713332727E+001  0.710178632577000E+001
  0.154606189089402E-004  0.935502711631586E+001  0.689893935784920E+001
  0.152995075657244E-004  0.935481376294304E+001  0.689910839057543E+001
  0.153017714217798E-004  0.935451784641478E+001  0.689934330520150E+001
  0.152252437617921E-004  0.935393529556191E+001  0.710019262483486E+001
  0.150698515929725E-004  0.935328839560052E+001  0.709967476148694E+001
  0.149980457521009E-004  0.935228679204551E+001  0.690113240415244E+001
  0.150012326479727E-004  0.935186186237338E+001  0.690147684149838E+001
  0.149286097863770E-004  0.935095752289156E+001  0.709778608512485E+001
  0.149298159793165E-004  0.935079593460829E+001  0.690234620171893E+001
  0.148549112813461E-004  0.935018874130313E+001  0.709715509965975E+001
  0.147836502524667E-004  0.934913940761919E+001  0.690371282535838E+001
  0.147838118523460E-004  0.934911754576595E+001  0.690373099094752E+001
  0.147051775112799E-004  0.934905994939576E+001  0.690377886570656E+001
  0.145549937099260E-004  0.934820036793409E+001  0.690449621132725E+001
  0.144852845252593E-004  0.934713541850006E+001  0.709460751419102E+001
  0.144862874767893E-004  0.934699694461534E+001  0.690550965171062E+001
  0.144092943214697E-004  0.934693120504412E+001  0.709443467365568E+001
  0.143386329495165E-004  0.934603919479052E+001  0.690632403751293E+001
  0.143418820567581E-004  0.934558604989340E+001  0.709328817054879E+001
  0.142865246758924E-004  0.934253897095246E+001  0.690936253460192E+001
  0.142880311327417E-004  0.934232809007498E+001  0.709045114257648E+001
  0.142922582699506E-004  0.934173647433867E+001  0.691007363748276E+001
  0.141397855021470E-004  0.934144817020339E+001  0.708966951552193E+001
  0.141468544520023E-004  0.934044855342120E+001  0.708877321290111E+001
  0.140817069194732E-004  0.933878079529946E+001  0.708725733223809E+001
  0.140839537698818E-004  0.933846170455444E+001  0.691303571129420E+001
  0.140098123116680E-004  0.933805908364920E+001  0.708659311846369E+001
  0.139351103092592E-004  0.933779292538131E+001  0.691365312488339E+001
  0.138592335362853E-004  0.933775376398776E+001  0.708631058463153E+001
  0.137884470486222E-004  0.933703607379789E+001  0.708564278480442E+001
  0.137132887802701E-004  0.933700859123999E+001  0.691438289084655E+001
  0.135671073853687E-004  0.933658456618388E+001  0.691478001777274E+001
  0.134336737048790E-004  0.933461276344027E+001  0.708334840689442E+001
  0.133616508747664E-004  0.933452420620286E+001  0.691673663606452E+001
  0.133617783965169E-004  0.933450511857017E+001  0.691675497761054E+001
  0.132276682102696E-004  0.933294089477044E+001  0.691827204918349E+001
  0.130861733949288E-004  0.933282807386155E+001  0.691838255946648E+001
  0.130867994982889E-004  0.933273238685454E+001  0.691847640416345E+001
  0.130206246426437E-004  0.933203112996190E+001  0.708083251558190E+001
  0.128870249222237E-004  0.933103654984647E+001  0.707984211142517E+001
  0.127592624836586E-004  0.932945798239137E+001  0.707824443727201E+001
  0.126953666115689E-004  0.932877486410480E+001  0.692245715353327E+001
  0.125676177834967E-004  0.932761149497243E+001  0.707633317743277E+001
  0.125036507229475E-004  0.932715046123723E+001  0.692415154201072E+001
  0.124374552552725E-004  0.932710007846902E+001  0.692420470109276E+001
  0.123726721496030E-004  0.932687803306866E+001  0.707556057220786E+001
  0.123073929451182E-004  0.932679143585733E+001  0.692453116856233E+001
  0.122471696555469E-004  0.932593528890501E+001  0.707455575769984E+001
  0.121822190336540E-004  0.932590345577279E+001  0.692547840779317E+001
  0.120607013406717E-004  0.932467683629503E+001  0.707319295450109E+001
  0.119361876803872E-004  0.932426777095771E+001  0.692725552849440E+001
  0.118734826578217E-004  0.932424806007128E+001  0.707272279142606E+001
  0.118123283181152E-004  0.932402155941984E+001  0.707247319703566E+001
  0.116892305822085E-004  0.932392034132531E+001  0.707236138053855E+001
  0.116281896249278E-004  0.932389295891574E+001  0.692766889875086E+001
  0.115673533503366E-004  0.932388529952386E+001  0.707232262927475E+001
  0.115676352503829E-004  0.932383655948752E+001  0.692773130484506E+001
  0.115685814384360E-004  0.932367297387343E+001  0.707208738170543E+001
  0.115700334139088E-004  0.932342196913803E+001  0.692819171465994E+001
  0.115703400672302E-004  0.932336896164068E+001  0.692825079342666E+001
  0.114511159832001E-004  0.932269386719907E+001  0.692900751072652E+001
  0.113327533088577E-004  0.932219734083747E+001  0.707043074126679E+001
  0.112741712871256E-004  0.932195258308589E+001  0.707015217797857E+001
  0.112759813011299E-004  0.932163151847205E+001  0.693021491751870E+001
  0.112185474060752E-004  0.932117780241553E+001  0.693073700000809E+001
  0.111020200341369E-004  0.932078370639681E+001  0.706880630643250E+001
  0.110467397761613E-004  0.932015707247678E+001  0.693192616965617E+001
  0.109904907580487E-004  0.931975680635080E+001  0.693239819678794E+001
  0.109349374555382E-004  0.931928167774698E+001  0.693296282209914E+001
  0.109374942056327E-004  0.931881410282970E+001  0.693352315264585E+001
  0.108818326112878E-004  0.931835152314252E+001  0.693408218386356E+001
  0.108244993771571E-004  0.931825011094352E+001  0.706579462388643E+001
  0.107682775033422E-004  0.931799838343714E+001  0.706548783193340E+001
  0.107120193058718E-004  0.931780795754634E+001  0.706525479284167E+001
  0.106556842632842E-004  0.931768712007780E+001  0.693489351803512E+001
  0.106557673457430E-004  0.931767152612198E+001  0.706508731797295E+001
  0.106015406739125E-004  0.931715152631554E+001  0.693555499249840E+001
  0.105449119759194E-004  0.931713938148627E+001  0.693557007047034E+001
  0.104356168237075E-004  0.931658643645746E+001  0.706373966280573E+001
  0.103850147246499E-004  0.931564129374445E+001  0.693745783997569E+001
  0.103313014383476E-004  0.931534582923490E+001  0.693783692849466E+001
  0.102779400026220E-004  0.931503595805764E+001  0.693823700079646E+001
  0.102780505191424E-004  0.931501445259521E+001  0.706173513745532E+001
  0.102247238140262E-004  0.931469439254608E+001  0.693868101771256E+001
  0.102253523252988E-004  0.931457145681351E+001  0.693884161650635E+001
  0.101709340440730E-004  0.931446197886173E+001  0.693898499037719E+001
  0.101724857159389E-004  0.931415688328051E+001  0.693938633729697E+001
  0.101190325838854E-004  0.931385381213511E+001  0.693978766967629E+001
  0.100644066074210E-004  0.931383960420041E+001  0.706019345025383E+001
  0.100644692233206E-004  0.931382716120058E+001  0.706017691063429E+001
  0.985029156736726E-005  0.931360276780670E+001  0.694012214407256E+001
  0.985060532946201E-005  0.931353906266751E+001  0.694020731810501E+001
  0.979859358285606E-005  0.931334545467617E+001  0.694046692071141E+001
  0.974728939536732E-005  0.931306301300279E+001  0.694084768084140E+001
  0.969536160734128E-005  0.931296461432045E+001  0.694098090925247E+001
  0.964448265785171E-005  0.931270607663162E+001  0.705866759789231E+001
  0.944500728231141E-005  0.931172316580057E+001  0.694268838416616E+001
  0.939508039999219E-005  0.931171322415043E+001  0.705729773682672E+001
  0.934591995631022E-005  0.931159574132363E+001  0.694286653000933E+001
  0.929648823202645E-005  0.931159195760002E+001  0.705712817166160E+001
  0.924837031599028E-005  0.931136058402051E+001  0.705680324132191E+001
  0.920013942986130E-005  0.931120790873609E+001  0.694341219054276E+001
  0.915257220503718E-005  0.931096517282335E+001  0.705624359904140E+001
  0.910474273403760E-005  0.931083406389608E+001  0.705605680159238E+001
  0.905659482076605E-005  0.931082847045983E+001  0.705604881849752E+001
  0.896161376271983E-005  0.931075001898488E+001  0.705593673049951E+001
  0.891764990802357E-005  0.931003164390823E+001  0.705489970679987E+001
  0.887163112349897E-005  0.930982508385345E+001  0.694540212277070E+001
  0.887216429739523E-005  0.930970488997524E+001  0.705442147717062E+001
  0.882630529885451E-005  0.930945932035279E+001  0.694594071737582E+001
  0.878082774211468E-005  0.930918085995321E+001  0.705364561840363E+001
  0.873445835675769E-005  0.930916024707805E+001  0.694638512973174E+001
  0.873458026319370E-005  0.930913233336427E+001  0.694642679662669E+001
  0.873464976083859E-005  0.930911642020844E+001  0.705354943524208E+001
  0.868802209570704E-005  0.930909761448685E+001  0.694647866687674E+001
  0.864306471718818E-005  0.930874987595384E+001  0.694700099119786E+001
  0.859718228130469E-005  0.930867143905787E+001  0.694711952127057E+001
  0.850678351325301E-005  0.930842206535700E+001  0.694749814061850E+001
  0.850834211648606E-005  0.930805566118901E+001  0.705194054843411E+001
  0.850905494713881E-005  0.930788810779633E+001  0.705168183461147E+001
  0.846363294993886E-005  0.930781116298830E+001  0.705156259166801E+001
  0.832920551513480E-005  0.930765975318867E+001  0.694867286008765E+001
  0.828590372401433E-005  0.930741776288380E+001  0.705094857056683E+001
  0.828634130560014E-005  0.930731214494607E+001  0.694921754266713E+001
  0.824247738520029E-005  0.930720342099097E+001  0.694938911046079E+001
  0.820028743520113E-005  0.930674302580562E+001  0.695012216012802E+001
  0.820105581698011E-005  0.930655563096418E+001  0.695042363732923E+001
  0.820111949368885E-005  0.930654010211937E+001  0.704955129786891E+001
  0.820121946588237E-005  0.930651572213460E+001  0.704951192101838E+001
  0.815727664220329E-005  0.930636149284327E+001  0.704926209127024E+001
  0.815783020257066E-005  0.930622577559106E+001  0.704904119570285E+001
  0.811374665128832E-005  0.930610381690985E+001  0.704884184155998E+001
  0.807147109207796E-005  0.930559285241381E+001  0.695200238372999E+001
  0.794179362122274E-005  0.930528779741203E+001  0.704748644403742E+001
  0.794223678046135E-005  0.930517619872390E+001  0.695270193896977E+001
  0.789921642466618E-005  0.930513974552709E+001  0.695276363619278E+001
  0.785678726292688E-005  0.930501211618234E+001  0.704701971257429E+001
  0.785741090322424E-005  0.930485337049488E+001  0.704674884020567E+001
  0.785751351875265E-005  0.930482725124017E+001  0.695329587834225E+001
  0.781436115129514E-005  0.930482193186175E+001  0.695330499085261E+001
  0.772970643067609E-005  0.930462834890819E+001  0.704636216783871E+001
  0.768824676324013E-005  0.930442564859757E+001  0.704601106993980E+001
  0.764729000472777E-005  0.930414957910561E+001  0.695447146566940E+001
  0.764868306473671E-005  0.930378528452783E+001  0.704488385350933E+001
  0.764877494460918E-005  0.930376125965457E+001  0.695515898834632E+001
  0.903088517734227E-005  0.827575792755484E+001  0.697061959203038E+001
  0.903111615812717E-005  0.827570677468853E+001  0.697075920805020E+001
  0.897186642170750E-005  0.827566988091828E+001  0.697086032068447E+001
  0.891289488237744E-005  0.827565778657216E+001  0.697089354340988E+001
  0.885450415757720E-005  0.827560205336231E+001  0.697104713310124E+001
  0.885503179789463E-005  0.827548287681948E+001  0.697137832543675E+001
  0.873882316233766E-005  0.827541308571695E+001  0.697157406679810E+001
  0.846021625762149E-005  0.827506233549818E+001  0.697257895619428E+001
  0.846027689914616E-005  0.827504799985817E+001  0.697262081190039E+001
  0.840583214452650E-005  0.827501524209834E+001  0.697271669559195E+001
  0.829826411184414E-005  0.827496726857565E+001  0.697285772788083E+001
  0.814175067852248E-005  0.827470967999266E+001  0.697362787906685E+001
  0.809040367776623E-005  0.827466442417902E+001  0.697376552206865E+001
  0.803938306977524E-005  0.827461852993759E+001  0.697390584828546E+001
  0.803963652231957E-005  0.827455547819668E+001  0.697409987499730E+001
  0.788905431376399E-005  0.827427429758850E+001  0.697498345391852E+001
  0.783959205051420E-005  0.827423489960260E+001  0.697510976295607E+001
  0.783962124573433E-005  0.827422745146867E+001  0.697513371361312E+001
  0.779003965750786E-005  0.827421814013132E+001  0.697516368818246E+001
  0.779022834841302E-005  0.827416969657307E+001  0.697532022254196E+001
  0.769205525731332E-005  0.827405596708339E+001  0.697569167432691E+001
  0.750123391250068E-005  0.827397981333506E+001  0.697594360589581E+001
  0.736434049478709E-005  0.827366309944008E+001  0.697702096881719E+001
  0.727459326595856E-005  0.827364610828856E+001  0.697708019873871E+001
  0.723044574948301E-005  0.827358808625607E+001  0.697728362342584E+001
  0.718643165296363E-005  0.827356749531376E+001  0.697735625442006E+001
  0.714272843830815E-005  0.827353487710730E+001  0.697747178877817E+001
  0.714284615917695E-005  0.827350191494172E+001  0.697758914650526E+001
  0.692957779608855E-005  0.827333182336479E+001  0.697820477799943E+001
  0.688822797641811E-005  0.827328982136662E+001  0.697835949671688E+001
  0.684708592983006E-005  0.827325920153046E+001  0.697847298886142E+001
  0.668631682774942E-005  0.827315785702544E+001  0.697885296503627E+001
  0.664702634785768E-005  0.827314558215584E+001  0.697889945240944E+001
  0.660794127089092E-005  0.827314101854451E+001  0.697891676185191E+001
  0.660800210537703E-005  0.827312260609089E+001  0.697898674374996E+001
  0.649242209023354E-005  0.827301483251252E+001  0.697940113678646E+001
  0.645448771994441E-005  0.827300460383400E+001  0.697944090038140E+001
  0.613080012134071E-005  0.827273065119501E+001  0.698053608069046E+001
  0.609655371293162E-005  0.827272938110051E+001  0.698054130169386E+001
  0.602892402716647E-005  0.827269295638080E+001  0.701930836566400E+001
  0.592989258407265E-005  0.827257611257614E+001  0.698118197736556E+001
  0.589739857036333E-005  0.827254633187591E+001  0.701869098884042E+001
  0.586508282836064E-005  0.827251647807796E+001  0.698143722929730E+001
  0.586511901332513E-005  0.827250413900145E+001  0.701850951657715E+001
  0.586517373975491E-005  0.827248547742806E+001  0.701842868286605E+001
  0.586519173594222E-005  0.827247934081200E+001  0.701840202417146E+001
  0.586519461562430E-005  0.827247835885556E+001  0.701839775477000E+001
  0.586519933514442E-005  0.827247674952509E+001  0.698160924450432E+001
  0.583206664562852E-005  0.827247536754737E+001  0.701838474289366E+001
  0.576670641599284E-005  0.827241688995824E+001  0.698187150428180E+001
  0.576672334369848E-005  0.827241101912675E+001  0.701810256954045E+001
  0.573414444882091E-005  0.827241050885128E+001  0.698189968564107E+001
  0.570179325884823E-005  0.827239468697745E+001  0.701803024902989E+001
  0.570182974142984E-005  0.827238189013855E+001  0.701797337992297E+001
  0.563765519874793E-005  0.827229216570961E+001  0.698243052427576E+001
  0.560583984226318E-005  0.827227939226422E+001  0.701751121714681E+001
  0.548147719901127E-005  0.827220219426058E+001  0.698284508684429E+001
  0.539115008997085E-005  0.827219221093968E+001  0.701710829372078E+001
  0.539115959167809E-005  0.827218868601506E+001  0.701709180289192E+001
  0.536138522348267E-005  0.827218456621235E+001  0.701707250882745E+001
  0.533177462052606E-005  0.827218069887323E+001  0.698294562274945E+001
  0.524446673362143E-005  0.827214322877727E+001  0.698312230560620E+001
  0.518757335807601E-005  0.827210016476991E+001  0.698332767782003E+001
  0.518760183625342E-005  0.827208918541703E+001  0.698338044433772E+001
  0.515925825513356E-005  0.827208764647509E+001  0.698338785385022E+001
  0.515928232925266E-005  0.827207831410142E+001  0.701656714278066E+001
  0.667575726487912E-004  0.534993998604697E-002  0.700294855422230E+001
  0.667575776384025E-004  0.534979050154546E-002  0.700294449562432E+001
  0.667575967014365E-004  0.534921938941689E-002  0.700292893778374E+001
  0.667576170439878E-004  0.534860994421966E-002  0.700291224403330E+001
  0.667576584441046E-004  0.534736963320375E-002  0.700287797073421E+001
  0.667576586727614E-004  0.534736278285318E-002  0.700287778030622E+001
  0.667576707637681E-004  0.534700054708897E-002  0.700286769276049E+001
  0.667576924431230E-004  0.534635105315245E-002  0.700284951622890E+001
  0.667577479114730E-004  0.534468927231354E-002  0.700280247351540E+001
  0.667577519811617E-004  0.534456734823149E-002  0.700279899088091E+001
  0.667577776529149E-004  0.534379824659636E-002  0.700277692162111E+001
  0.667577819374342E-004  0.534366988644817E-002  0.700277322124362E+001
  0.667577888448482E-004  0.534346294686616E-002  0.700276724515231E+001
