  0.908421285105930E-003 -0.196413235176810E+001  0.389762566522764E+001
  0.908421285105930E-003 -0.183917812302254E+001  0.790869384914519E+001
  0.908421285105930E-003 -0.175209425987033E+001  0.608367149472517E+001
  0.908421285105930E-003 -0.143175408115968E+001  0.794388153820930E+001
  0.908421285105930E-003  0.334800286240317E+001  0.171327024238094E+001
  0.908421285105930E-003 -0.105920033055396E+001  0.797494664380635E+001
  0.908421285105930E-003 -0.829172969819808E+000  0.799364245882850E+001
  0.908421285105930E-003  0.184525873284093E+001  0.581036374932441E+001
  0.908421285105930E-003 -0.662834189903763E+000  0.800694564936411E+001
  0.908421285105930E-003 -0.622771069235014E+000  0.801012357663818E+001
  0.908421285105930E-003  0.123656163356266E+001  0.185202662377216E+001
  0.908421285105930E-003  0.116100260156918E+001  0.185730431548510E+001
  0.908421285105930E-003  0.597605217801340E+000  0.810254698131468E+001
  0.908421285105930E-003  0.105198889643531E+001  0.186496201183063E+001
  0.908421285105930E-003 -0.137018617545484E+001  0.611012574947897E+001
  0.908421285105930E-003 -0.216548847704712E+001  0.781524708738229E+001
  0.908421285105930E-003 -0.225425933050667E+001  0.619351101871642E+001
  0.908421285105930E-003 -0.241252238061809E+001  0.779063416882523E+001
  0.908421285105930E-003 -0.251329220470341E+001  0.621962879534139E+001
  0.908421285105930E-003 -0.257064084296236E+001  0.777446977664650E+001
  0.908421285105930E-003 -0.267483857608739E+001  0.623636933165379E+001
  0.908421285105930E-003 -0.279172809415460E+001  0.624871478468685E+001
  0.908421285105930E-003 -0.279957673377642E+001  0.624955100612458E+001
  0.908421285105930E-003 -0.289627826888290E+001  0.625993145804487E+001
  0.908421285105930E-003 -0.293716272007169E+001  0.773563573499483E+001
  0.908421285105930E-003 -0.302689636519964E+001  0.627418834992754E+001
  0.908421285105930E-003 -0.307085646814157E+001  0.627904997752257E+001
  0.908421285105930E-003 -0.322172624718078E+001  0.629599022005094E+001
  0.908421285105930E-003 -0.322747161275117E+001  0.770335660356086E+001
  0.908421285105930E-003 -0.340184653207441E+001  0.768323533623558E+001
  0.908421285105930E-003 -0.341197944732060E+001  0.768204784160758E+001
  0.908421285105930E-003 -0.359493872432644E+001  0.633976082067131E+001
  0.908421285105930E-003 -0.366676004575739E+001  0.634852140289057E+001
  0.908421285105930E-003 -0.377204542242021E+001  0.636158109189528E+001
  0.908421285105930E-003 -0.377846435136307E+001  0.636238595248006E+001
  0.908421285105930E-003 -0.384896042976731E+001  0.762870684826084E+001
  0.908421285105930E-003 -0.385483401921776E+001  0.637204098323377E+001
  0.908421285105930E-003 -0.389748215683813E+001  0.637749793195625E+001
  0.908421285105930E-003 -0.390040617756086E+001  0.637787382195963E+001
  0.908421285105930E-003 -0.390700210477526E+001  0.637872257964030E+001
  0.908421285105930E-003 -0.392054690051844E+001  0.761953084324342E+001
  0.908421285105930E-003 -0.395243265721853E+001  0.761539966254288E+001
  0.908421285105930E-003 -0.398597111183355E+001  0.761102421549353E+001
  0.908421285105930E-003 -0.400346992060564E+001  0.760872882510684E+001
  0.908421285105930E-003 -0.404126494497545E+001  0.760374131763263E+001
  0.908421285105930E-003 -0.404362360459328E+001  0.760342869759229E+001
  0.908421285105930E-003 -0.411770223104707E+001  0.640647357864597E+001
  0.908421285105930E-003 -0.423052313266905E+001  0.642188040286996E+001
  0.908421285105930E-003 -0.426127534737718E+001  0.757384833730917E+001
  0.908421285105930E-003 -0.427324738043596E+001  0.642782311393845E+001
  0.908421285105930E-003 -0.431110945245856E+001  0.756685841038083E+001
  0.908421285105930E-003 -0.432786747103476E+001  0.643551158165354E+001
  0.908421285105930E-003 -0.432991032708889E+001  0.643580117203363E+001
  0.908421285105930E-003 -0.433500825110995E+001  0.756347550934824E+001
  0.908421285105930E-003 -0.434780538551452E+001  0.756165568467748E+001
  0.908421285105930E-003 -0.436247428905711E+001  0.644043759636327E+001
  0.908421285105930E-003 -0.436781639250559E+001  0.755879812724450E+001
  0.908421285105930E-003 -0.438164434543294E+001  0.644318506257143E+001
  0.908421285105930E-003 -0.440412150734407E+001  0.644642387277105E+001
  0.908421285105930E-003 -0.441310576071511E+001  0.644772375743797E+001
  0.908421285105930E-003 -0.444535667516973E+001  0.754758460696562E+001
  0.908421285105930E-003 -0.444679235535110E+001  0.754737481943973E+001
  0.908421285105930E-003 -0.445792822574623E+001  0.754574486135323E+001
  0.908421285105930E-003 -0.447057555618882E+001  0.645611225347261E+001
  0.908421285105930E-003 -0.453685190527573E+001  0.646594975426582E+001
  0.908421285105930E-003 -0.457482586039999E+001  0.752833117658231E+001
  0.908421285105930E-003 -0.458762642506776E+001  0.647361065569105E+001
  0.908421285105930E-003 -0.462908737275623E+001  0.647995001185285E+001
  0.908421285105930E-003 -0.464454496431112E+001  0.648233333551109E+001
  0.908421285105930E-003 -0.465009730801070E+001  0.648319210480959E+001
  0.908421285105930E-003 -0.468220846196076E+001  0.751181306733917E+001
  0.908421285105930E-003 -0.468502725910551E+001  0.751137227961239E+001
  0.908421285105930E-003 -0.470284517192555E+001  0.750857717438434E+001
  0.908421285105930E-003 -0.472000210486252E+001  0.750587116248591E+001
  0.908421285105930E-003 -0.474002803637298E+001  0.750269422514405E+001
  0.908421285105930E-003 -0.474746943896096E+001  0.649849141624585E+001
  0.908421285105930E-003 -0.475627266211748E+001  0.649989766659807E+001
  0.908421285105930E-003 -0.476139933970573E+001  0.650071844069710E+001
  0.908421285105930E-003 -0.477148627171186E+001  0.749766270338348E+001
  0.908421285105930E-003 -0.478317962066411E+001  0.650422058281269E+001
  0.908421285105930E-003 -0.483098349189984E+001  0.748800472447393E+001
  0.908421285105930E-003 -0.487092909701389E+001  0.651858820715459E+001
  0.908421285105930E-003 -0.490360437156104E+001  0.652404908828422E+001
  0.908421285105930E-003 -0.490980597707596E+001  0.652509262641995E+001
  0.908421285105930E-003 -0.491668061846066E+001  0.652625210200029E+001
  0.908421285105930E-003 -0.492676423473956E+001  0.652795795499286E+001
  0.908421285105930E-003 -0.493278141360055E+001  0.747102117111311E+001
  0.908421285105930E-003 -0.494427557586356E+001  0.746906489708214E+001
  0.908421285105930E-003 -0.495683567214863E+001  0.653308216754008E+001
  0.908421285105930E-003 -0.495883191147077E+001  0.653342432127518E+001
  0.908421285105930E-003 -0.496393725246865E+001  0.746569948402147E+001
  0.908421285105930E-003 -0.497296466695167E+001  0.746414612257411E+001
  0.908421285105930E-003 -0.499709037795939E+001  0.745996903084811E+001
  0.908421285105930E-003 -0.500732852701537E+001  0.745818490316726E+001
  0.908421285105930E-003 -0.502066675544587E+001  0.654414992712350E+001
  0.908421285105930E-003 -0.502384849898891E+001  0.745529134625493E+001
  0.908421285105930E-003 -0.502470002299519E+001  0.745514169896157E+001
  0.908421285105930E-003 -0.502929069298562E+001  0.654566591704435E+001
  0.908421285105930E-003 -0.503073575142190E+001  0.745407956305624E+001
  0.908421285105930E-003 -0.508666227680803E+001  0.655588289210664E+001
  0.908421285105930E-003 -0.508850999241151E+001  0.744378414913898E+001
  0.908421285105930E-003 -0.510391997634488E+001  0.655900252427290E+001
  0.908421285105930E-003 -0.510598322512898E+001  0.744062302912151E+001
  0.908421285105930E-003 -0.511988461997747E+001  0.743809180615078E+001
  0.908421285105930E-003 -0.517978961229200E+001  0.742701244928706E+001
  0.908421285105930E-003 -0.518429543209819E+001  0.742616745614505E+001
  0.908421285105930E-003 -0.518702905869369E+001  0.742565399143184E+001
  0.908421285105930E-003 -0.521409939234276E+001  0.657946454722817E+001
  0.908421285105930E-003 -0.521698765767645E+001  0.741998564806981E+001
  0.908421285105930E-003 -0.523362267113314E+001  0.741680492131397E+001
  0.908421285105930E-003 -0.523507870591039E+001  0.741652536161342E+001
  0.908421285105930E-003 -0.526007881359991E+001  0.658830428756561E+001
  0.908421285105930E-003 -0.527363610878361E+001  0.740905279904613E+001
  0.908421285105930E-003 -0.527834697267513E+001  0.740813043770935E+001
  0.908421285105930E-003 -0.528281608874247E+001  0.659274652166733E+001
  0.908421285105930E-003 -0.529761195381167E+001  0.740433656426668E+001
  0.908421285105930E-003 -0.531077387019795E+001  0.659827602687769E+001
  0.908421285105930E-003 -0.536320631765050E+001  0.660885685613989E+001
  0.908421285105930E-003 -0.537627065825880E+001  0.661153807845370E+001
  0.908421285105930E-003 -0.538875373640452E+001  0.661411741165462E+001
  0.908421285105930E-003 -0.540422837799978E+001  0.661733901514149E+001
  0.908421285105930E-003 -0.542107489376279E+001  0.737912265404590E+001
  0.908421285105930E-003 -0.543563421268838E+001  0.662396210858118E+001
  0.908421285105930E-003 -0.544684657760745E+001  0.662635509183764E+001
  0.908421285105930E-003 -0.544879891116279E+001  0.737322666574992E+001
  0.908421285105930E-003 -0.545594722947349E+001  0.662830871264302E+001
  0.908421285105930E-003 -0.545718522633489E+001  0.737142473477041E+001
  0.908421285105930E-003 -0.549954095545012E+001  0.736218699167810E+001
  0.908421285105930E-003 -0.550007795799809E+001  0.736206835892295E+001
  0.908421285105930E-003 -0.550963974495251E+001  0.664005054435317E+001
  0.908421285105930E-003 -0.552569301682652E+001  0.664363629937856E+001
  0.908421285105930E-003 -0.553053996518321E+001  0.735527394413823E+001
  0.908421285105930E-003 -0.553308421816553E+001  0.664529942922746E+001
  0.908421285105930E-003 -0.553882206469378E+001  0.735340407391801E+001
  0.908421285105930E-003 -0.554004081457515E+001  0.664687192198747E+001
  0.908421285105930E-003 -0.554065039259637E+001  0.664701004688882E+001
  0.908421285105930E-003 -0.554915895132854E+001  0.735105631684999E+001
  0.908421285105930E-003 -0.558830106091335E+001  0.665797982505894E+001
  0.908421285105930E-003 -0.559183082953309E+001  0.665880645216013E+001
  0.908421285105930E-003 -0.559407144535081E+001  0.734066778326798E+001
  0.908421285105930E-003 -0.559880750406668E+001  0.733955377948446E+001
  0.908421285105930E-003 -0.560513879111257E+001  0.666194118376407E+001
  0.908421285105930E-003 -0.560560898411398E+001  0.666205247100384E+001
  0.908421285105930E-003 -0.561617111406574E+001  0.666456208985517E+001
  0.908421285105930E-003 -0.562916175306898E+001  0.733232527638116E+001
  0.908421285105930E-003 -0.563522272322408E+001  0.666913698590353E+001
  0.908421285105930E-003 -0.565449362555812E+001  0.667382981478444E+001
  0.908421285105930E-003 -0.565809793953896E+001  0.667471504878551E+001
  0.908421285105930E-003 -0.565886321526797E+001  0.667490331381268E+001
  0.908421285105930E-003 -0.566026741000210E+001  0.667524904278430E+001
  0.908421285105930E-003 -0.567928229412123E+001  0.732003250265161E+001
  0.908421285105930E-003 -0.571143182951428E+001  0.668810758731485E+001
  0.908421285105930E-003 -0.572937164876056E+001  0.730725641736367E+001
  0.908421285105930E-003 -0.575941514876563E+001  0.729933183260447E+001
  0.908421285105930E-003 -0.576180430097678E+001  0.729869262069319E+001
  0.908421285105930E-003 -0.576920126964686E+001  0.729670484773484E+001
  0.908421285105930E-003 -0.577938993885013E+001  0.670605514191123E+001
  0.908421285105930E-003 -0.577957105849036E+001  0.670610443954630E+001
  0.908421285105930E-003 -0.578452983163575E+001  0.670745735908909E+001
  0.908421285105930E-003 -0.579768001217600E+001  0.671107584409626E+001
  0.908421285105930E-003 -0.580335215937806E+001  0.671265069286257E+001
  0.908421285105930E-003 -0.580619438345195E+001  0.728655692010583E+001
  0.908421285105930E-003 -0.581640321044575E+001  0.728369253804344E+001
  0.908421285105930E-003 -0.582524218859160E+001  0.728118893939520E+001
  0.908421285105930E-003 -0.583794894360098E+001  0.727755024560734E+001
  0.908421285105930E-003 -0.584159692711845E+001  0.672350323424333E+001
  0.908421285105930E-003 -0.584169804568159E+001  0.727646750713926E+001
  0.908421285105930E-003 -0.584199230041771E+001  0.672361765297687E+001
  0.908421285105930E-003 -0.584366314393130E+001  0.727589829065045E+001
  0.908421285105930E-003 -0.584774403742724E+001  0.727471243842333E+001
  0.908421285105930E-003 -0.585272920045430E+001  0.672674316524529E+001
  0.908421285105930E-003 -0.585517418311331E+001  0.672745991026141E+001
  0.908421285105930E-003 -0.585653742901685E+001  0.727213963542666E+001
  0.908421285105930E-003 -0.585900264538359E+001  0.727141397633776E+001
  0.908421285105930E-003 -0.586200425150775E+001  0.672947220185051E+001
  0.908421285105930E-003 -0.588939243558893E+001  0.726230360294632E+001
  0.908421285105930E-003 -0.589561982744187E+001  0.726039738366994E+001
  0.908421285105930E-003 -0.590102232578776E+001  0.725873228960995E+001
  0.908421285105930E-003 -0.590398310304130E+001  0.674218480780559E+001
  0.908421285105930E-003 -0.591329454224510E+001  0.725490948011723E+001
  0.908421285105930E-003 -0.591343603204944E+001  0.725486507152794E+001
  0.908421285105930E-003 -0.591663089692014E+001  0.674613975044204E+001
  0.908421285105930E-003 -0.592588707457050E+001  0.674907364052063E+001
  0.908421285105930E-003 -0.592776439033865E+001  0.674967287929857E+001
  0.908421285105930E-003 -0.593051726337452E+001  0.675055419892705E+001
  0.908421285105930E-003 -0.593282947350174E+001  0.724870314443644E+001
  0.908421285105930E-003 -0.593296979173988E+001  0.724865800436437E+001
  0.908421285105930E-003 -0.596419713230006E+001  0.723839972450664E+001
  0.908421285105930E-003 -0.596469350484139E+001  0.676176690188341E+001
  0.908421285105930E-003 -0.596997583393970E+001  0.676354739083170E+001
  0.908421285105930E-003 -0.597356068549646E+001  0.676476339542194E+001
  0.908421285105930E-003 -0.597592832796814E+001  0.676556997347194E+001
  0.908421285105930E-003 -0.598061574884467E+001  0.676717506577322E+001
  0.908421285105930E-003 -0.598216209760144E+001  0.676770700786158E+001
  0.908421285105930E-003 -0.598413494694096E+001  0.676838743923894E+001
  0.908421285105930E-003 -0.599430875527354E+001  0.722807141199432E+001
  0.908421285105930E-003 -0.599562480854780E+001  0.677239068462560E+001
  0.908421285105930E-003 -0.599806807398103E+001  0.722674893158709E+001
  0.908421285105930E-003 -0.599980512638136E+001  0.722613524623958E+001
  0.908421285105930E-003 -0.600045535800364E+001  0.722590509629548E+001
  0.908421285105930E-003 -0.600117394979973E+001  0.722565047716523E+001
  0.908421285105930E-003 -0.600271393346596E+001  0.677489615627827E+001
  0.908421285105930E-003 -0.602300486101340E+001  0.721777325834617E+001
  0.908421285105930E-003 -0.602614254979532E+001  0.721661754740925E+001
  0.908421285105930E-003 -0.603329162207515E+001  0.721396100177562E+001
  0.908421285105930E-003 -0.603475923536293E+001  0.721341155581360E+001
  0.908421285105930E-003 -0.603927790884375E+001  0.721171089815560E+001
  0.908421285105930E-003 -0.604832875729513E+001  0.679173726054421E+001
  0.908421285105930E-003 -0.604959260783220E+001  0.679222331083661E+001
  0.908421285105930E-003 -0.605161204216927E+001  0.679300231144825E+001
  0.908421285105930E-003 -0.606288147343733E+001  0.679740450631152E+001
  0.908421285105930E-003 -0.606614843917524E+001  0.679869868469180E+001
  0.908421285105930E-003 -0.606707925390852E+001  0.679906894419357E+001
  0.908421285105930E-003 -0.607059666061835E+001  0.719952569787853E+001
  0.908421285105930E-003 -0.607221193842208E+001  0.719887699632013E+001
  0.908421285105930E-003 -0.607375229616597E+001  0.719825640576358E+001
  0.908421285105930E-003 -0.608049416377822E+001  0.680448298383943E+001
  0.908421285105930E-003 -0.608590855662590E+001  0.719328890488775E+001
  0.908421285105930E-003 -0.609833912396914E+001  0.718807368231039E+001
  0.908421285105930E-003 -0.610672236836749E+001  0.681552672043341E+001
  0.908421285105930E-003 -0.610808807319284E+001  0.718388006444962E+001
  0.908421285105930E-003 -0.611170241006088E+001  0.718230080691843E+001
  0.908421285105930E-003 -0.611352842193142E+001  0.681850228016908E+001
  0.908421285105930E-003 -0.612357916579436E+001  0.717701215575704E+001
  0.908421285105930E-003 -0.612384731276218E+001  0.682310907380280E+001
  0.908421285105930E-003 -0.612908766642103E+001  0.682549514853310E+001
  0.908421285105930E-003 -0.614090467579292E+001  0.683099934412558E+001
  0.908421285105930E-003 -0.614294646535076E+001  0.683196864769713E+001
  0.908421285105930E-003 -0.614676181508594E+001  0.716620493193374E+001
  0.908421285105930E-003 -0.614876946404129E+001  0.716523575752919E+001
  0.908421285105930E-003 -0.615098573547511E+001  0.683584077200220E+001
  0.908421285105930E-003 -0.615483410318430E+001  0.716227295924880E+001
  0.908421285105930E-003 -0.615871817336633E+001  0.683965330663142E+001
  0.908421285105930E-003 -0.617652702967856E+001  0.684879932187890E+001
  0.908421285105930E-003 -0.617716867137537E+001  0.715086080469357E+001
  0.908421285105930E-003 -0.617888063101280E+001  0.714995022124293E+001
  0.908421285105930E-003 -0.618468652636171E+001  0.685317995506411E+001
  0.908421285105930E-003 -0.618645615085670E+001  0.714585261628020E+001
  0.908421285105930E-003 -0.618893566157671E+001  0.714448620681774E+001
  0.908421285105930E-003 -0.619655000263690E+001  0.714020688068332E+001
  0.908421285105930E-003 -0.620410676832634E+001  0.713582667956126E+001
  0.908421285105930E-003 -0.620559508742499E+001  0.686505276651649E+001
  0.908421285105930E-003 -0.620893838106297E+001  0.713295047515062E+001
  0.908421285105930E-003 -0.620962616825189E+001  0.686746403170253E+001
  0.908421285105930E-003 -0.621587489703515E+001  0.712870892077562E+001
  0.908421285105930E-003 -0.621665168020071E+001  0.687177480364321E+001
  0.908421285105930E-003 -0.621818276657601E+001  0.687273363696291E+001
  0.908421285105930E-003 -0.622094093495050E+001  0.687447940320102E+001
  0.908421285105930E-003 -0.622159933554839E+001  0.687489973571128E+001
  0.908421285105930E-003 -0.622416758750711E+001  0.712344697570906E+001
  0.908421285105930E-003 -0.622573360250028E+001  0.687757208891431E+001
  0.908421285105930E-003 -0.623667315115815E+001  0.688494233781470E+001
  0.908421285105930E-003 -0.624253692712905E+001  0.688909435779816E+001
  0.908421285105930E-003 -0.624737661070961E+001  0.689264213070616E+001
  0.908421285105930E-003 -0.624930080737220E+001  0.710591430797252E+001
  0.908421285105930E-003 -0.625129900110633E+001  0.710439410728503E+001
  0.908421285105930E-003 -0.625163273912249E+001  0.689586195914436E+001
  0.908421285105930E-003 -0.625279815533169E+001  0.689676112670229E+001
  0.908421285105930E-003 -0.625362650887773E+001  0.689740502745060E+001
  0.908421285105930E-003 -0.625378001135757E+001  0.689752479326374E+001
  0.908421285105930E-003 -0.625964907105504E+001  0.709778608512485E+001
  0.908421285105930E-003 -0.626148904818065E+001  0.690373099094752E+001
  0.908421285105930E-003 -0.626154664455084E+001  0.690377886570656E+001
  0.908421285105930E-003 -0.626240622601251E+001  0.690449621132725E+001
  0.908421285105930E-003 -0.626360964933126E+001  0.690550965171062E+001
  0.908421285105930E-003 -0.626367538890248E+001  0.709443467365568E+001
  0.908421285105930E-003 -0.626806762299414E+001  0.690936253460192E+001
  0.908421285105930E-003 -0.626915842374321E+001  0.708966951552193E+001
  0.908421285105930E-003 -0.627357052014871E+001  0.708564278480442E+001
  0.908421285105930E-003 -0.627599383050633E+001  0.708334840689442E+001
  0.908421285105930E-003 -0.627766569917616E+001  0.691827204918349E+001
  0.908421285105930E-003 -0.627787420709206E+001  0.691847640416345E+001
  0.908421285105930E-003 -0.627857546398470E+001  0.708083251558190E+001
  0.908421285105930E-003 -0.628372856087794E+001  0.707556057220786E+001
  0.908421285105930E-003 -0.628592975765157E+001  0.707319295450109E+001
  0.908421285105930E-003 -0.628633882298888E+001  0.692725552849440E+001
  0.908421285105930E-003 -0.628658503452676E+001  0.707247319703566E+001
  0.908421285105930E-003 -0.628677003445908E+001  0.692773130484506E+001
  0.908421285105930E-003 -0.629132491619962E+001  0.693296282209914E+001
  0.908421285105930E-003 -0.629279863640026E+001  0.706525479284167E+001
  0.908421285105930E-003 -0.629293506782462E+001  0.706508731797295E+001
  0.908421285105930E-003 -0.629402015748914E+001  0.706373966280573E+001
  0.908421285105930E-003 -0.629557063588896E+001  0.693823700079646E+001
  0.908421285105930E-003 -0.629559214135139E+001  0.706173513745532E+001
  0.908421285105930E-003 -0.629901085262297E+001  0.694286653000933E+001
  0.908421285105930E-003 -0.629977253005052E+001  0.705605680159238E+001
  0.908421285105930E-003 -0.630057495003837E+001  0.705489970679987E+001
  0.908421285105930E-003 -0.630078151009315E+001  0.694540212277070E+001
  0.908421285105930E-003 -0.630147426058233E+001  0.694642679662669E+001
  0.908421285105930E-003 -0.630279543095830E+001  0.705156259166801E+001
  0.908421285105930E-003 -0.630406649182723E+001  0.704955129786891E+001
  0.908421285105930E-003 -0.630409087181200E+001  0.704951192101838E+001
  0.908421285105930E-003 -0.630546684841951E+001  0.695276363619278E+001
  0.908421285105930E-003 -0.630577934270643E+001  0.695329587834225E+001
  0.908421285105930E-003 -0.580387660604312E+001  0.697137832543675E+001
  0.908421285105930E-003 -0.580480400466593E+001  0.697409987499730E+001
  0.908421285105930E-003 -0.580621390070677E+001  0.697889945240944E+001
  0.908421285105930E-003 -0.580708009059838E+001  0.701751121714681E+001
  0.908421285105930E-003 -0.580727029744558E+001  0.698338044433772E+001
