  0.138341684126435E-013  0.616651961214455E+002  0.314070249092113E-001
  0.277834068930587E-013  0.602507005312988E+002  0.993022609321105E+001
  0.393339453530716E-013  0.595355020148833E+002  0.893654996361326E-001
  0.975800279558997E-012  0.530932612764301E+002  0.272174001781657E+000
  0.115042383464690E-011  0.527441050718201E+002  0.282433131674896E+000
  0.226017442294301E-010  0.467684110996137E+002  0.464441156615513E+000
  0.392367506407154E-010  0.456453369531999E+002  0.500126646240038E+000
  0.474482628821299E-010  0.452453841094940E+002  0.512958719714098E+000
  0.711642999551077E-010  0.444147807025868E+002  0.539821594936460E+000
  0.138643891366556E-009  0.430610451896739E+002  0.941575663150801E+001
  0.245113252419463E-009  0.419015212372466E+002  0.937704780563760E+001
  0.326322577561824E-009  0.413092885048508E+002  0.935703182691775E+001
  0.133945846137231E-008  0.384651192749427E+002  0.925843573216462E+001
  0.205211047825947E-008  0.375920118808518E+002  0.922729314937737E+001
  0.329849930046256E-008  0.366229135342728E+002  0.919220871219205E+001
  0.106745389643560E-007  0.342542253481105E+002  0.896006433464026E+000
  0.126173617875711E-007  0.338998998557751E+002  0.909047766054821E+001
  0.211587856906656E-007  0.328460363277128E+002  0.904975088358589E+001
  0.648789087876121E-007  0.305852009211891E+002  0.104047326639381E+001
  0.643186557056902E-007  0.305826459918393E+002  0.895942242281275E+001
  0.776553844991437E-007  0.301858829984689E+002  0.500988462627256E+001
  0.779499110906203E-007  0.301584112077188E+002  0.498318522986729E+001
  0.803873110654086E-007  0.300769307735086E+002  0.893866495199363E+001
  0.894020341823757E-007  0.298444559228455E+002  0.494969065526734E+001
  0.106970369749187E-006  0.294657383766539E+002  0.891327755764597E+001
  0.108529019403503E-006  0.294169062763905E+002  0.507754252276883E+001
  0.135071644585609E-006  0.289594301324018E+002  0.510160292380004E+001
  0.256773997533547E-006  0.276547475253398E+002  0.116400640622537E+001
  0.271377464629914E-006  0.275242180652603E+002  0.516841547597673E+001
  0.291830979258143E-006  0.273589892308449E+002  0.882306092856555E+001
  0.333907345812684E-006  0.270697110686869E+002  0.481110467054406E+001
  0.350984039307894E-006  0.269500559997223E+002  0.880502682314770E+001
  0.348785049908514E-006  0.269427251795345E+002  0.519461745022495E+001
  0.449157488237788E-006  0.264169890179465E+002  0.478162572906685E+001
  0.511197203637439E-006  0.261383246496416E+002  0.476896459683532E+001
  0.510403215695805E-006  0.261215327889360E+002  0.123207519431486E+001
  0.531484967410334E-006  0.260206843638351E+002  0.523639882029896E+001
  0.683924922785157E-006  0.254964372310572E+002  0.873940875854304E+001
  0.917129486865842E-006  0.248897355298498E+002  0.128872253649414E+001
  0.102715270804332E-005  0.246432404224243E+002  0.469976682219047E+001
  0.128102143355537E-005  0.241816054778145E+002  0.532212290917337E+001
  0.128627933669912E-005  0.241535126937733E+002  0.467653611095150E+001
  0.196276218754181E-005  0.232884141427411E+002  0.463471518523319E+001
  0.230433674706031E-005  0.229476332225676E+002  0.861794134255167E+001
  0.236162307249307E-005  0.228786200898595E+002  0.538546818608811E+001
  0.263757815396697E-005  0.226376954182208E+002  0.860254302258704E+001
  0.347307235262890E-005  0.220674378040414E+002  0.457382034272217E+001
  0.357395841181610E-005  0.219902687944937E+002  0.143010959635837E+001
  0.365538193905516E-005  0.219253145226362E+002  0.856657690393702E+001
  0.405422268314057E-005  0.216982970802701E+002  0.144505935638356E+001
  0.733476028614275E-005  0.204926649096168E+002  0.849162302806902E+001
  0.751543237498181E-005  0.204240965954256E+002  0.551205873444382E+001
  0.932361996673576E-005  0.199730111232054E+002  0.553651268173890E+001
  0.103263377368343E-004  0.197488169982799E+002  0.554881980996573E+001
  0.111045718122262E-004  0.195835979262689E+002  0.444204327971275E+001
  0.132778121218039E-004  0.192062223003326E+002  0.842095335615928E+001
  0.148500623230527E-004  0.189625022756921E+002  0.840716496418786E+001
  0.170435706312925E-004  0.186670636510631E+002  0.839026726081613E+001
  0.182317013990831E-004  0.185123852485130E+002  0.561866203502501E+001
  0.208214785071421E-004  0.182268382658158E+002  0.436470034636149E+001
  0.261446793164606E-004  0.177516163490502E+002  0.166344791041459E+001
  0.284154027013181E-004  0.175651443977429E+002  0.432534372564525E+001
  0.312751572539941E-004  0.173534582607197E+002  0.431250379238542E+001
  0.312985190427144E-004  0.173320642049098E+002  0.568880087105580E+001
  0.540102872602045E-004  0.162209560397201E+002  0.424155782811209E+001
  0.545603187651370E-004  0.161807907325167E+002  0.176103293444508E+001
  0.609588659783031E-004  0.159391051658112E+002  0.577673809017172E+001
  0.661099533971264E-004  0.157569644882474E+002  0.578870846146711E+001
  0.657731259154294E-004  0.157472797910397E+002  0.421065174173016E+001
  0.679607806426158E-004  0.156619402306004E+002  0.820499929843264E+001
  0.684391268354351E-004  0.156280117542810E+002  0.820274467490488E+001
  0.769097720323372E-004  0.153747345882919E+002  0.581422160294766E+001
  0.829330647784593E-004  0.152040321445680E+002  0.582579473012421E+001
  0.917041900676071E-004  0.149830630079789E+002  0.815905261036922E+001
  0.918577676390937E-004  0.149598157354771E+002  0.584255307239119E+001
  0.131265492413710E-003  0.142259539635414E+002  0.589443882731170E+001
  0.131689613030315E-003  0.141996016912658E+002  0.810365263689696E+001
  0.135753281903521E-003  0.141189182348026E+002  0.590221140926554E+001
  0.134924042371261E-003  0.141112719003291E+002  0.809723123195603E+001
  0.135445403617322E-003  0.140836579130231E+002  0.190478397637234E+001
  0.150858898308632E-003  0.138482046155795E+002  0.192211985322123E+001
  0.163971973665257E-003  0.136616028153198E+002  0.593605953042464E+001
  0.210201488695850E-003  0.131449601140831E+002  0.197564337724580E+001
  0.220042323909335E-003  0.130335527152670E+002  0.401561868177795E+001
  0.238523122664498E-003  0.128523593600631E+002  0.800124441068961E+001
  0.242070236217447E-003  0.128029353776634E+002  0.200271241221339E+001
  0.243373848226256E-003  0.127722930863094E+002  0.399482650052183E+001
  0.259431861470092E-003  0.126246017031454E+002  0.398287799081740E+001
  0.294019125367518E-003  0.123543995902596E+002  0.396063354447484E+001
  0.294717593453848E-003  0.123297533885406E+002  0.395857885147502E+001
  0.293806537402336E-003  0.123160448724507E+002  0.795743409795098E+001
  0.300333987800441E-003  0.122521969439801E+002  0.395208423123442E+001
  0.298507090449815E-003  0.122444992061184E+002  0.395143719987573E+001
  0.305090699868911E-003  0.121809676986764E+002  0.394608017848196E+001
  0.345294043730819E-003  0.119134925456114E+002  0.792318561493609E+001
  0.350392610778738E-003  0.118642760515426E+002  0.391891079032434E+001
  0.363727653189714E-003  0.117696731674586E+002  0.791063745756501E+001
  0.364243461348999E-003  0.117469382820568E+002  0.209136200967812E+001
  0.364990739531614E-003  0.117229386439542E+002  0.209347749318632E+001
  0.367696839988981E-003  0.116882643579209E+002  0.390345734243230E+001
  0.371857792894757E-003  0.116458582767263E+002  0.210030549818102E+001
  0.768199269786569E-003  0.102515595378579E+002  0.389752443370430E+001
  0.815228265423713E-003  0.100510775709373E+002  0.212052686545376E+001
  0.811424221524077E-003  0.998042120661484E+001  0.387302232279431E+001
  0.857882505155623E-003  0.982946365625251E+001  0.214092214087487E+001
  0.854085707938761E-003  0.979872960245194E+001  0.385621102505810E+001
  0.946072899736890E-003  0.959415344689460E+001  0.216312179228890E+001
  0.111001951932815E-002  0.927452694286141E+001  0.380574493103989E+001
  0.111342054494583E-002  0.922716987068333E+001  0.219897081055186E+001
  0.116860265644300E-002  0.913042612011629E+001  0.220869174005498E+001
  0.134342024984945E-002  0.880949917572303E+001  0.375816914415868E+001
  0.144857220640385E-002  0.853502917077845E+001  0.227136754782458E+001
  0.158405941305581E-002  0.831579892642670E+001  0.229584915588570E+001
  0.163911122078458E-002  0.812862537457064E+001  0.368255449816840E+001
  0.170166834297794E-002  0.801487921953773E+001  0.366908987301009E+001
  0.179833701088458E-002  0.782744024394271E+001  0.235370980042287E+001
  0.183007348340744E-002  0.775435632220696E+001  0.363717940534180E+001
  0.180565992205851E-002  0.774311990858426E+001  0.363576707087745E+001
  0.185752487356605E-002  0.768648239728758E+001  0.237140015383025E+001
  0.199865634950500E-002  0.754002191502130E+001  0.360967539678260E+001
  0.204242076937353E-002  0.749670066210428E+001  0.239603585456146E+001
  0.204417935794007E-002  0.745457392547022E+001  0.240164190394560E+001
  0.205176924941737E-002  0.740675640595592E+001  0.240806959193537E+001
  0.208644709997219E-002  0.737323601032068E+001  0.241261737794694E+001
  0.209180435354554E-002  0.728646331462508E+001  0.357544305832865E+001
  0.209235164827419E-002  0.720592943858462E+001  0.243586411813097E+001
  0.199666757642302E-002  0.718300971211540E+001  0.243912377749001E+001
  0.201155442428173E-002  0.713005694315284E+001  0.244672819162452E+001
  0.206941259019522E-002  0.703524650211886E+001  0.353938856437417E+001
  0.218386569063109E-002  0.688948658242895E+001  0.248268149440867E+001
  0.218424633756007E-002  0.688913801359419E+001  0.248273540115944E+001
  0.219336750234377E-002  0.688080363023674E+001  0.351597399534908E+001
  0.217134078315956E-002  0.686138474754919E+001  0.248704567196827E+001
  0.224526210652955E-002  0.675482466006508E+001  0.349605698125218E+001
  0.227005439731327E-002  0.665442017543274E+001  0.252040870409498E+001
  0.228729518653804E-002  0.663928780855478E+001  0.347706040750347E+001
  0.229524492120813E-002  0.663234865039527E+001  0.252410466791336E+001
  0.248244528059740E-002  0.639552894648832E+001  0.343426399168794E+001
  0.267643942786118E-002  0.620543716218295E+001  0.339770658655331E+001
  0.269558335566861E-002  0.619118256229098E+001  0.260517118518886E+001
  0.270419102364482E-002  0.618480624012453E+001  0.339353472713160E+001
  0.271596893564123E-002  0.617611429699164E+001  0.339176379434205E+001
  0.273824598133933E-002  0.615977671593597E+001  0.338841325619547E+001
  0.274683538499284E-002  0.615351288129002E+001  0.261287903176782E+001
  0.269465584199903E-002  0.614791304014792E+001  0.261403799479446E+001
  0.269478168611189E-002  0.614781963959379E+001  0.261405735481341E+001
  0.256237700756359E-002  0.611666739962392E+001  0.262056968099736E+001
  0.251383370984290E-002  0.611190775704431E+001  0.262157454609170E+001
  0.246753857955880E-002  0.610607101670297E+001  0.262281046447298E+001
  0.249278994389652E-002  0.608570818601528E+001  0.337284566887797E+001
  0.256304552754183E-002  0.603012085006115E+001  0.263927861298725E+001
  0.256581221381292E-002  0.602796310915355E+001  0.336024253011434E+001
  0.257550222043117E-002  0.602042416695043E+001  0.264143557099081E+001
  0.260253566227150E-002  0.595247982745758E+001  0.334307048172617E+001
  0.255968733931680E-002  0.593862104572136E+001  0.333982341054441E+001
  0.250833921771877E-002  0.593208855101052E+001  0.266171794135618E+001
  0.253217750592931E-002  0.586611007828295E+001  0.332230140484318E+001
  0.246404378232792E-002  0.578267592038252E+001  0.330087992671466E+001
  0.241571551321499E-002  0.577734679333581E+001  0.329945962995426E+001
  0.236920481159499E-002  0.577128337297894E+001  0.329783539533649E+001
  0.235691217610716E-002  0.573674168914011E+001  0.271159186332381E+001
  0.228250140221631E-002  0.566898658267655E+001  0.273104194329438E+001
  0.211836150564590E-002  0.565148143010519E+001  0.326369985183053E+001
  0.212698260138684E-002  0.560295313320269E+001  0.324854191668820E+001
  0.208680921122940E-002  0.560068401876605E+001  0.324781046394610E+001
  0.198549004615944E-002  0.558137807360716E+001  0.324149756689408E+001
  0.192243708492387E-002  0.553160537013778E+001  0.277559536042974E+001
  0.188685832347635E-002  0.553158212998515E+001  0.277560364567079E+001
  0.185679031862457E-002  0.552632550659172E+001  0.277748558677405E+001
  0.179875949062486E-002  0.547971016525500E+001  0.279492876974228E+001
  0.178261172993575E-002  0.546170855926194E+001  0.319792410798214E+001
  0.170328075853012E-002  0.544653551602451E+001  0.319169315481398E+001
  0.163058309562557E-002  0.543118606927025E+001  0.318517654852020E+001
  0.164145733151255E-002  0.541789249767271E+001  0.317934152521446E+001
  0.161449501231238E-002  0.541682811519890E+001  0.317886609927664E+001
  0.159240171487163E-002  0.541019691418025E+001  0.282412479052619E+001
  0.157511093805993E-002  0.539784341224775E+001  0.282983675779342E+001
  0.155253385414755E-002  0.539252927724623E+001  0.316764625673725E+001
  0.152944923282632E-002  0.538830170802827E+001  0.283438340565288E+001
  0.153190087170321E-002  0.538509836399078E+001  0.316406194341510E+001
  0.151462270684722E-002  0.537300086758488E+001  0.284194709160476E+001
  0.149430542751224E-002  0.536522711747954E+001  0.315406791306220E+001
  0.147517546100202E-002  0.535621275720321E+001  0.285068615539365E+001
  0.140841161340764E-002  0.534625493892313E+001  0.314387971805059E+001
  0.138620100867828E-002  0.534443197413527E+001  0.285713748252163E+001
  0.136348017635491E-002  0.534387080501127E+001  0.285745207177788E+001
  0.134080411427797E-002  0.534379829865550E+001  0.285749276922382E+001
  0.129932584908983E-002  0.533997339197893E+001  0.314034359891083E+001
  0.129970636246872E-002  0.533938776879209E+001  0.285999062158073E+001
  0.128201676091956E-002  0.533318139511252E+001  0.286358296933074E+001
  0.126127629662291E-002  0.533218773914663E+001  0.286416693590265E+001
  0.119448270536156E-002  0.530981504017429E+001  0.312194666648376E+001
  0.117592044920076E-002  0.530913837181982E+001  0.287849805544854E+001
  0.115850869269305E-002  0.530697295649738E+001  0.312006771455389E+001
  0.112577974149068E-002  0.530079089816302E+001  0.288412452052009E+001
  0.110864051515779E-002  0.529997697531883E+001  0.311531218101150E+001
  0.109205733053361E-002  0.529862251566058E+001  0.288563136118539E+001
  0.109250329846387E-002  0.529780593418321E+001  0.311379601270663E+001
  0.109377730385438E-002  0.529547502472289E+001  0.311214538329453E+001
  0.107746062379026E-002  0.529301423021984E+001  0.288962400680497E+001
  0.106203959084666E-002  0.528932478175697E+001  0.289233130390067E+001
  0.104594509248380E-002  0.528734440045718E+001  0.289381296165838E+001
  0.103035147674346E-002  0.528486513437421E+001  0.310430246659830E+001
  0.101387642469240E-002  0.528458200260390E+001  0.289591492203375E+001
  0.147273399904837E-002  0.447338126200365E+001  0.289612305571585E+001
  0.143787179039010E-002  0.447309903813124E+001  0.289634063605142E+001
  0.143801548481613E-002  0.447289917713197E+001  0.289649499541403E+001
  0.126311524970006E-002  0.445274116754945E+001  0.291346674372740E+001
  0.121160861553391E-002  0.444903530154733E+001  0.291696346658970E+001
  0.121179997650019E-002  0.444871944731241E+001  0.291726833010743E+001
  0.116122107393608E-002  0.444701869687404E+001  0.291892960384288E+001
  0.116326210826402E-002  0.444350645833756E+001  0.292247290172310E+001
  0.113839388025555E-002  0.444276830219337E+001  0.292323838208996E+001
  0.111455754063975E-002  0.444113226959427E+001  0.292496280410150E+001
  0.109102994939605E-002  0.443984514379363E+001  0.292634784022034E+001
  0.100255352265606E-002  0.443867330679913E+001  0.292763186667401E+001
  0.982639888025743E-003  0.443756039971429E+001  0.292887277885709E+001
  0.982916388190306E-003  0.443699770879623E+001  0.292950850377085E+001
  0.962611184977934E-003  0.443663985517420E+001  0.292991580448419E+001
  0.962820498743534E-003  0.443620501499120E+001  0.293041393794862E+001
  0.907122748730671E-003  0.442902565296798E+001  0.293922564596720E+001
  0.839449902226828E-003  0.442400219126619E+001  0.294624343541652E+001
  0.823379088618627E-003  0.442382619230943E+001  0.294650599657218E+001
  0.807821910273024E-003  0.442314019355735E+001  0.294754193482025E+001
  0.807869609397304E-003  0.442302210387571E+001  0.294772233504315E+001
  0.808127283178753E-003  0.442238429625414E+001  0.294870765131241E+001
  0.808383899315446E-003  0.442174930865460E+001  0.294970778372388E+001
  0.791958097874374E-003  0.442156790407024E+001  0.294999717723502E+001
  0.792674964980619E-003  0.441975835668176E+001  0.295298133665969E+001
  0.776729486189569E-003  0.441829377680241E+001  0.295554303292382E+001
  0.776822720350958E-003  0.441805372265783E+001  0.295597712800737E+001
  0.688265924496952E-003  0.441492284603376E+001  0.296209125432529E+001
  0.675170385366779E-003  0.441450707358707E+001  0.296297906798637E+001
  0.662439846427839E-003  0.441374155365613E+001  0.296467201933018E+001
  0.637544635512708E-003  0.441341992164286E+001  0.296540801977213E+001
  0.637617664798416E-003  0.441319083931893E+001  0.296594193305169E+001
  0.625468099031916E-003  0.441283167635670E+001  0.296679629764170E+001
  0.590793937296903E-003  0.441258092689092E+001  0.296740604449021E+001
  0.579952458505579E-003  0.441223897419445E+001  0.303174355847002E+001
  0.579954624102652E-003  0.441223150602013E+001  0.296827526837864E+001
  0.580046039539478E-003  0.441191628055559E+001  0.296908038612593E+001
  0.568977180601723E-003  0.441161440879142E+001  0.303012844237352E+001
  0.558047310213390E-003  0.441157140670839E+001  0.296998595817671E+001
  0.537183364711113E-003  0.441084733826215E+001  0.297198229568342E+001
  0.537283333752245E-003  0.441047517580589E+001  0.302693410035938E+001
  0.526961564431068E-003  0.441043493534386E+001  0.302681431125806E+001
  0.516872864849932E-003  0.441026012008301E+001  0.297371242029952E+001
  0.506975487267720E-003  0.441009251046603E+001  0.297422754750141E+001
  0.497266228251259E-003  0.440993054002366E+001  0.297473532036593E+001
  0.487706415085647E-003  0.440991824194731E+001  0.297477429198621E+001
  0.478329125322746E-003  0.440991121849489E+001  0.302520342421992E+001
  0.469177281322924E-003  0.440971174012684E+001  0.297543791430841E+001
  0.469195622816097E-003  0.440963355588646E+001  0.297569389839854E+001
  0.442769002758514E-003  0.440903892387630E+001  0.297773690377698E+001
  0.434477126116294E-003  0.440875232675888E+001  0.302120825109827E+001
  0.434480255649925E-003  0.440873792083428E+001  0.297884615952808E+001
  0.434529093250881E-003  0.440851312416865E+001  0.302028589411909E+001
  0.426010577867651E-003  0.440850531723080E+001  0.302025508306956E+001
  0.409742336983261E-003  0.440793521267517E+001  0.301786201727843E+001
  0.409748130037871E-003  0.440790693630178E+001  0.301773492152538E+001
  0.386577714222127E-003  0.440778858886627E+001  0.298280721512289E+001
  0.386596039108971E-003  0.440769378540577E+001  0.298325415579465E+001
  0.379161913195352E-003  0.440769160533321E+001  0.301673542609377E+001
  0.379169161955702E-003  0.440765336999992E+001  0.301655164140544E+001
  0.371736579847123E-003  0.440764203214607E+001  0.298350324951396E+001
  0.364454932408728E-003  0.440760194389268E+001  0.301630118572548E+001
  0.357312105407819E-003  0.440758320307760E+001  0.301620895202174E+001
  0.350320338378293E-003  0.440750126105595E+001  0.298420065184324E+001
  0.350330493930816E-003  0.440744328323273E+001  0.301550299811208E+001
  0.336625665971478E-003  0.440724350962239E+001  0.301443534456843E+001
  0.330031123400452E-003  0.440720738734954E+001  0.298576625105064E+001
  0.330044469241066E-003  0.440712651272993E+001  0.298622830184703E+001
  0.323451771389914E-003  0.440707586136165E+001  0.301347425141115E+001
  0.304801534999554E-003  0.440700733869374E+001  0.301306108051523E+001
  0.304807595341712E-003  0.440696757326466E+001  0.301281520017688E+001
  0.304813100274370E-003  0.440693145288556E+001  0.298741230382804E+001
  0.292863813229554E-003  0.440690298984319E+001  0.298759451701310E+001
  0.292868380414530E-003  0.440687180026526E+001  0.301220269132893E+001
  0.281395501134892E-003  0.440678540578553E+001  0.298837749773450E+001
  0.275881520069880E-003  0.440675946853559E+001  0.301144257833362E+001
  0.270472317120648E-003  0.440675770406022E+001  0.301143023546837E+001
  0.270472550080657E-003  0.440675598144468E+001  0.298858182745027E+001
  0.265065032337363E-003  0.440674139434239E+001  0.298868449170346E+001
  0.265074318832935E-003  0.440667132600619E+001  0.298919121680220E+001
  0.265078995254501E-003  0.440663604246505E+001  0.301054440266852E+001
  0.259557372707334E-003  0.440662944259822E+001  0.301049421025812E+001
  0.248966447183633E-003  0.440660331076047E+001  0.298970692684852E+001
  0.248967930239306E-003  0.440659139709682E+001  0.301020005728992E+001
  0.248971389351578E-003  0.440656360967666E+001  0.299002026145170E+001
  0.243674929184582E-003  0.440655701533759E+001  0.299007326401875E+001
  0.233528473264612E-003  0.440649992401644E+001  0.300945544688826E+001
  0.228663870833766E-003  0.440649490270529E+001  0.299058713295145E+001
  0.219331728540256E-003  0.440648508263187E+001  0.300932903287200E+001
  0.210559813053552E-003  0.440647222491474E+001  0.300921811366745E+001
  0.210560445794783E-003  0.440646621483836E+001  0.300916580642194E+001
  0.210561337613526E-003  0.440645774395152E+001  0.299090842887781E+001
  0.206177870431620E-003  0.440642643722629E+001  0.300881178696030E+001
  0.206178255100645E-003  0.440642270580094E+001  0.300877784491646E+001
  0.197591348053442E-003  0.440638369984641E+001  0.300841484454121E+001
  0.185740441467094E-003  0.440633444451839E+001  0.299206723527581E+001
  0.175025244495805E-003  0.440632761430646E+001  0.300786358202476E+001
  0.171660330930779E-003  0.440631646992509E+001  0.300774937553881E+001
  0.168359235589354E-003  0.440631569932532E+001  0.299225858376793E+001
  0.156116507187144E-003  0.440629546253329E+001  0.300752938500500E+001
  0.153279460644184E-003  0.440627673317957E+001  0.300732768326002E+001
  0.150494143754857E-003  0.440625570374424E+001  0.300709438033269E+001
  0.150494257889602E-003  0.440625418694499E+001  0.299292274456970E+001
  0.150495245008679E-003  0.440624106862602E+001  0.300692738142374E+001
  0.150497367376277E-003  0.440621286371320E+001  0.300659362019976E+001
  0.144818384464961E-003  0.440621061223795E+001  0.299343375363703E+001
  0.139455301347141E-003  0.440620257020049E+001  0.300646752389289E+001
  0.136873701558018E-003  0.440618933472330E+001  0.300630168143868E+001
  0.134339625837862E-003  0.440618006778836E+001  0.299381708164661E+001
  0.131854262828667E-003  0.440614354471222E+001  0.300569076332165E+001
  0.127060107668007E-003  0.440613496126275E+001  0.299443120881453E+001
  0.124750230722051E-003  0.440613004215036E+001  0.299450232983125E+001
  0.124750361455993E-003  0.440612794622038E+001  0.300546708592291E+001
  0.124750516854601E-003  0.440612545486871E+001  0.299456949245281E+001
  0.124750672406461E-003  0.440612296106320E+001  0.299460635528238E+001
  0.124751582683018E-003  0.440610836758297E+001  0.300517266338571E+001
  0.122305948446132E-003  0.440610059644156E+001  0.300505104582009E+001
  0.122306682054574E-003  0.440608860019360E+001  0.300485733097522E+001
  0.122306881894386E-003  0.440608533234846E+001  0.300480320819673E+001
  0.119811041307853E-003  0.440608168948158E+001  0.299525785383188E+001
  0.112764027840342E-003  0.440606936557173E+001  0.300452947289473E+001
  0.108427267395801E-003  0.440606350819303E+001  0.299557518993492E+001
  0.106343169647455E-003  0.440604391098948E+001  0.300405504519635E+001
  0.104298268437072E-003  0.440604084776514E+001  0.300399415518593E+001
  0.102292723698116E-003  0.440603710961646E+001  0.300391856757771E+001
  0.966106518628477E-004  0.440601936285958E+001  0.300353775221856E+001
  0.966107359349475E-004  0.440601762242907E+001  0.300349817407778E+001
  0.966109899026487E-004  0.440601236488984E+001  0.299662420148690E+001
  0.136865846083450E-003  0.374085353160781E+001  0.300327845170342E+001
  0.136865960423406E-003  0.374085186077596E+001  0.300323742374038E+001
  0.132955944913293E-003  0.374084523448009E+001  0.300306931672147E+001
  0.132956016127065E-003  0.374084416324174E+001  0.300304126733461E+001
  0.129045763285082E-003  0.374084078117392E+001  0.300295096190240E+001
  0.129045815581101E-003  0.374083997067062E+001  0.300292890689879E+001
  0.129046147193487E-003  0.374083483122525E+001  0.300278499270413E+001
  0.129046338591426E-003  0.374083186487869E+001  0.300269843823569E+001
  0.124883558606421E-003  0.374083178270859E+001  0.300269600105629E+001
  0.120855440580146E-003  0.374082543024547E+001  0.300250040548656E+001
  0.120855511073002E-003  0.374082426368093E+001  0.300246279866643E+001
  0.109525589902194E-003  0.374081909607304E+001  0.300228879007525E+001
  0.109525779767210E-003  0.374081562903210E+001  0.300216421659236E+001
  0.105992951118641E-003  0.374081070376756E+001  0.300197377585643E+001
  0.102573919675285E-003  0.374080883171024E+001  0.300189638128013E+001
  0.102574028345341E-003  0.374080671284807E+001  0.300180478364726E+001
  0.991549551322262E-004  0.374080548113793E+001  0.300174933427051E+001
  0.958498330820931E-004  0.374080458137734E+001  0.300170769104238E+001
  0.958498614568887E-004  0.374080398930972E+001  0.300167972553638E+001
  0.838688193168744E-004  0.374079944549201E+001  0.300144722736413E+001
  0.742838545419621E-004  0.374079828381215E+001  0.300138152027364E+001
  0.701570305115130E-004  0.374079666522995E+001  0.300128437732524E+001
  0.663647674261260E-004  0.374079639899968E+001  0.300126768618790E+001
  0.645711380988042E-004  0.374079599524196E+001  0.300124194486026E+001
  0.628259828730336E-004  0.374079565561202E+001  0.300121987140505E+001
  0.611279840587423E-004  0.374079563196269E+001  0.300121831947899E+001
  0.478393928299289E-004  0.374079141125794E+001  0.299910056151272E+001
  0.467994078694106E-004  0.374079133261881E+001  0.300089241656823E+001
  0.457820325003049E-004  0.374079119881793E+001  0.299911965961687E+001
  0.420447301521234E-004  0.374079089307906E+001  0.299914789614965E+001
  0.411866744590714E-004  0.374079089189722E+001  0.300085199288513E+001
  0.359447486802118E-004  0.374079007915856E+001  0.299922808440126E+001
  0.352912081460682E-004  0.374079005926969E+001  0.299923014840934E+001
  0.346495502356690E-004  0.374079003505411E+001  0.299923266892439E+001
  0.346495504124826E-004  0.374079002484829E+001  0.299923373369664E+001
  0.340078922960356E-004  0.374079001164400E+001  0.300076488650284E+001
  0.340078965874817E-004  0.374078975926460E+001  0.299926198193901E+001
  0.333662382072673E-004  0.374078975650945E+001  0.299926228065355E+001
  0.327366873488480E-004  0.374078970727607E+001  0.300073236090371E+001
  0.327366876416436E-004  0.374078968938815E+001  0.299926959571022E+001
  0.321071393231365E-004  0.374078947965852E+001  0.300070705988761E+001
  0.321071399964074E-004  0.374078943771951E+001  0.300070229868527E+001
  0.314775895891544E-004  0.374078935147514E+001  0.300069240475480E+001
  0.314775914601300E-004  0.374078923259846E+001  0.299932146917862E+001
  0.308480399518889E-004  0.374078921178927E+001  0.299932392707170E+001
  0.302310800445872E-004  0.374078915279461E+001  0.299933094435275E+001
  0.296264602485267E-004  0.374078903095547E+001  0.299934567500696E+001
  0.290339324470245E-004  0.374078893427766E+001  0.299935760390116E+001
  0.273589002388113E-004  0.374078876204572E+001  0.299937942314205E+001
  0.268327677726568E-004  0.374078874484692E+001  0.300061835574602E+001
  0.268327678751356E-004  0.374078873720859E+001  0.299938263325685E+001
  0.263066361552109E-004  0.374078866243586E+001  0.299939239975324E+001
  0.257908221365660E-004  0.374078847814121E+001  0.300058283009087E+001
  0.243309668040579E-004  0.374078827064606E+001  0.299944638308280E+001
  0.234298211064930E-004  0.374078816641103E+001  0.299946165616322E+001
  0.229959358301154E-004  0.374078814034829E+001  0.299946554322103E+001
  0.229959359380221E-004  0.374078813096345E+001  0.300053305016057E+001
  0.225620504613441E-004  0.374078812147332E+001  0.299946837602268E+001
  0.221363518141036E-004  0.374078808370125E+001  0.299947409076637E+001
  0.217186852739629E-004  0.374078803993988E+001  0.299948079030958E+001
  0.213089002681085E-004  0.374078789833250E+001  0.299950308801437E+001
  0.213089003002944E-004  0.374078789531161E+001  0.299950357459740E+001
  0.205047909811310E-004  0.374078788300905E+001  0.299950556115642E+001
  0.201179084177754E-004  0.374078785464179E+001  0.299951017247057E+001
  0.197383258350358E-004  0.374078779435761E+001  0.300047988075571E+001
  0.193659046474069E-004  0.374078778872487E+001  0.299952105918763E+001
  0.190005107669598E-004  0.374078773116195E+001  0.300046922727299E+001
  0.190005109900572E-004  0.374078770767864E+001  0.299953479369665E+001
  0.190005113240421E-004  0.374078767252328E+001  0.300045912095017E+001
  0.186279533519005E-004  0.374078755727414E+001  0.299956142026459E+001
  0.103488635825750E-003  0.529668711070539E-002  0.299958345234697E+001
  0.103488636902000E-003  0.529666631133093E-002  0.299958746630767E+001
  0.103488640267298E-003  0.529660127427918E-002  0.299960027744746E+001
  0.103488644502280E-003  0.529651942989175E-002  0.299961700781069E+001
  0.103488649860250E-003  0.529641588287045E-002  0.299963928474720E+001
  0.103488653354383E-003  0.529634835600225E-002  0.299965458547403E+001
  0.103488656394452E-003  0.529628960426812E-002  0.299966847184546E+001
  0.103488658490019E-003  0.529624910577986E-002  0.299967839284969E+001
