  0.140836059252746E-001  0.895772030460223E+000  0.791034523784165E+001
  0.140836059252746E-001  0.867048648410027E+001  0.556031842804646E+001
  0.140836059252746E-001  0.101665153875932E+001  0.392090671264219E+001
  0.140836059252746E-001  0.708254107406045E+001  0.834855904543962E+001
  0.140836059252746E-001  0.606417838721924E+001  0.171327024238094E+001
  0.140836059252746E-001  0.112379506221424E+001  0.606983219947023E+001
  0.140836059252746E-001  0.136165650954472E+001  0.204959483970546E+001
  0.140836059252746E-001  0.141107473908900E+001  0.204544414231456E+001
  0.140836059252746E-001  0.161186099276389E+001  0.602876229169594E+001
  0.140836059252746E-001  0.191924831721388E+001  0.799623524227040E+001
  0.140836059252746E-001  0.201907546178267E+001  0.800421959803250E+001
  0.140836059252746E-001  0.205334133491231E+001  0.800694564936411E+001
  0.140836059252746E-001  0.385551495773637E+001  0.814117804063396E+001
  0.140836059252746E-001  0.222298855075469E+001  0.802033479569604E+001
  0.140836059252746E-001  0.274208271774913E+001  0.806025381962396E+001
  0.140836059252746E-001  0.124253147737030E+001  0.212178353010150E+001
  0.140836059252746E-001  0.574002062943836E+000  0.218495431926011E+001
  0.140836059252746E-001  0.391387831701617E+000  0.220308018929506E+001
  0.140836059252746E-001  0.352206022991374E+000  0.379297673061722E+001
  0.140836059252746E-001  0.306792030037681E+000  0.221161820389626E+001
  0.140836059252746E-001  0.142691084580660E+000  0.377155019613415E+001
  0.140836059252746E-001  0.105796686495061E+000  0.223228481748702E+001
  0.140836059252746E-001  0.452618203530610E-001  0.376138099718750E+001
  0.140836059252746E-001  0.334973607896041E-001  0.376014387411074E+001
  0.140836059252746E-001 -0.115698781473986E+000  0.225572362217662E+001
  0.140836059252746E-001 -0.132011862745659E+000  0.225747913592787E+001
  0.140836059252746E-001 -0.162878200659668E+000  0.226081218928057E+001
  0.140836059252746E-001 -0.437242617142212E+000  0.370887256462567E+001
  0.140836059252746E-001 -0.458239253087834E+000  0.229350099000234E+001
  0.140836059252746E-001 -0.505588853639656E+000  0.229888309459878E+001
  0.140836059252746E-001 -0.512406518945987E+000  0.229966144716261E+001
  0.140836059252746E-001 -0.589420339557909E+000  0.369148526903504E+001
  0.140836059252746E-001 -0.603023057762668E+000  0.368990973495067E+001
  0.140836059252746E-001 -0.615125893863443E+000  0.368850489366713E+001
  0.140836059252746E-001 -0.650875523025212E+000  0.368433840162430E+001
  0.140836059252746E-001 -0.662533526119905E+000  0.368297420701118E+001
  0.140836059252746E-001 -0.667546953364401E+000  0.231761329212577E+001
  0.140836059252746E-001 -0.765131347714972E+000  0.232915119737206E+001
  0.140836059252746E-001 -0.785950498914264E+000  0.366836146791646E+001
  0.140836059252746E-001 -0.812905017062452E+000  0.366512730277124E+001
  0.140836059252746E-001 -0.857167300473848E+000  0.234021794238861E+001
  0.140836059252746E-001 -0.873576151576238E+000  0.365778943999545E+001
  0.140836059252746E-001 -0.906155315723766E+000  0.234618482649458E+001
  0.140836059252746E-001 -0.963087435690309E+000  0.235318848038143E+001
  0.140836059252746E-001 -0.988666570798494E+000  0.364364002384405E+001
  0.140836059252746E-001 -0.103389958109988E+001  0.363799310234967E+001
  0.140836059252746E-001 -0.105285354134210E+001  0.236438803896796E+001
  0.140836059252746E-001 -0.117973237548999E+001  0.361943680189615E+001
  0.140836059252746E-001 -0.123475598366010E+001  0.238771071033692E+001
  0.140836059252746E-001 -0.123820394128786E+001  0.361183862334416E+001
  0.140836059252746E-001 -0.124794810611397E+001  0.361056321101381E+001
  0.140836059252746E-001 -0.130555083497635E+001  0.360296848841835E+001
  0.140836059252746E-001 -0.131937047060413E+001  0.239886785452359E+001
  0.140836059252746E-001 -0.135096273843010E+001  0.240308703023563E+001
  0.140836059252746E-001 -0.138840940398128E+001  0.359187298213783E+001
  0.140836059252746E-001 -0.139923517845271E+001  0.359040791243792E+001
  0.140836059252746E-001 -0.139980543719290E+001  0.240966936241555E+001
  0.140836059252746E-001 -0.150760306262446E+001  0.242446317094228E+001
  0.140836059252746E-001 -0.151415678517591E+001  0.357462513519127E+001
  0.140836059252746E-001 -0.153585368495926E+001  0.357159648531831E+001
  0.140836059252746E-001 -0.164314277043183E+001  0.244362217122477E+001
  0.140836059252746E-001 -0.167949520898202E+001  0.244887397250301E+001
  0.140836059252746E-001 -0.169421834972051E+001  0.354898469529346E+001
  0.140836059252746E-001 -0.178342573078251E+001  0.246417258870367E+001
  0.140836059252746E-001 -0.178523289758693E+001  0.353555753006360E+001
  0.140836059252746E-001 -0.182003572812323E+001  0.246966669431195E+001
  0.140836059252746E-001 -0.182298867318014E+001  0.247011232896688E+001
  0.140836059252746E-001 -0.185497178941798E+001  0.247496319622825E+001
  0.140836059252746E-001 -0.189804166537113E+001  0.248156729929300E+001
  0.140836059252746E-001 -0.197102439152110E+001  0.249295441134119E+001
  0.140836059252746E-001 -0.197123223321744E+001  0.350701279501305E+001
  0.140836059252746E-001 -0.198339862746171E+001  0.350508944873939E+001
  0.140836059252746E-001 -0.201246717479683E+001  0.350046416820212E+001
  0.140836059252746E-001 -0.204008463460580E+001  0.349602982781765E+001
  0.140836059252746E-001 -0.210292369645315E+001  0.251421060099131E+001
  0.140836059252746E-001 -0.212438621980541E+001  0.348224198951653E+001
  0.140836059252746E-001 -0.213091749573384E+001  0.348115728437208E+001
  0.140836059252746E-001 -0.213439197211768E+001  0.251942074942534E+001
  0.140836059252746E-001 -0.216109966179133E+001  0.347611257674537E+001
  0.140836059252746E-001 -0.217843943835270E+001  0.347319004795674E+001
  0.140836059252746E-001 -0.219025894852349E+001  0.252881245787057E+001
  0.140836059252746E-001 -0.219900327112533E+001  0.253029944832726E+001
  0.140836059252746E-001 -0.220366293360017E+001  0.253109375964304E+001
  0.140836059252746E-001 -0.222587651580924E+001  0.346510094505629E+001
  0.140836059252746E-001 -0.224392533117384E+001  0.346198601562592E+001
  0.140836059252746E-001 -0.226097419544220E+001  0.345902424810785E+001
  0.140836059252746E-001 -0.228981354758484E+001  0.345397022370212E+001
  0.140836059252746E-001 -0.231404366852756E+001  0.255031995301401E+001
  0.140836059252746E-001 -0.233797766708314E+001  0.344540173426742E+001
  0.140836059252746E-001 -0.234151682927946E+001  0.344476559999287E+001
  0.140836059252746E-001 -0.235464101230898E+001  0.255760134533173E+001
  0.140836059252746E-001 -0.238182210452780E+001  0.343745582050909E+001
  0.140836059252746E-001 -0.239260618604009E+001  0.256452079055905E+001
  0.140836059252746E-001 -0.240012205488074E+001  0.343409630595159E+001
  0.140836059252746E-001 -0.240724816395365E+001  0.256721896369047E+001
  0.140836059252746E-001 -0.242045643443857E+001  0.256966745171721E+001
  0.140836059252746E-001 -0.243059910123351E+001  0.257155715034048E+001
  0.140836059252746E-001 -0.245146785108196E+001  0.257547170241712E+001
  0.140836059252746E-001 -0.245840132629597E+001  0.342321970584364E+001
  0.140836059252746E-001 -0.246448965401231E+001  0.257793272221154E+001
  0.140836059252746E-001 -0.249540152728935E+001  0.341616689831777E+001
  0.140836059252746E-001 -0.250856890019326E+001  0.341362798211776E+001
  0.140836059252746E-001 -0.253516601063093E+001  0.259154857091598E+001
  0.140836059252746E-001 -0.256756009352397E+001  0.340205660877281E+001
  0.140836059252746E-001 -0.257975324529944E+001  0.339962308788885E+001
  0.140836059252746E-001 -0.259504615953314E+001  0.339654980279459E+001
  0.140836059252746E-001 -0.260593793867608E+001  0.260565362758920E+001
  0.140836059252746E-001 -0.261355606391909E+001  0.260720213672338E+001
  0.140836059252746E-001 -0.261807924503824E+001  0.339187555730820E+001
  0.140836059252746E-001 -0.262889628966975E+001  0.261033896105131E+001
  0.140836059252746E-001 -0.265816272502352E+001  0.338360539049649E+001
  0.140836059252746E-001 -0.267527418696858E+001  0.338002008066253E+001
  0.140836059252746E-001 -0.267550818896984E+001  0.262002918350674E+001
  0.140836059252746E-001 -0.268173867502695E+001  0.337865676227610E+001
  0.140836059252746E-001 -0.269843085360826E+001  0.337511357619314E+001
  0.140836059252746E-001 -0.269937517348878E+001  0.262508787181057E+001
  0.140836059252746E-001 -0.270243527285720E+001  0.262574141564344E+001
  0.140836059252746E-001 -0.270243871939682E+001  0.337425784763748E+001
  0.140836059252746E-001 -0.271552278446658E+001  0.262854948363600E+001
  0.140836059252746E-001 -0.272289087168337E+001  0.263013976673290E+001
  0.140836059252746E-001 -0.273795108744968E+001  0.263341173282580E+001
  0.140836059252746E-001 -0.275130304469500E+001  0.263633718299704E+001
  0.140836059252746E-001 -0.275933101916144E+001  0.263810751796162E+001
  0.140836059252746E-001 -0.276805084387243E+001  0.264004028475100E+001
  0.140836059252746E-001 -0.280306790860545E+001  0.335209127544553E+001
  0.140836059252746E-001 -0.282332070104357E+001  0.265254090966740E+001
  0.140836059252746E-001 -0.282724149688327E+001  0.265344482095861E+001
  0.140836059252746E-001 -0.283777675446980E+001  0.265588541020968E+001
  0.140836059252746E-001 -0.285545616576927E+001  0.333997962453454E+001
  0.140836059252746E-001 -0.285566631029953E+001  0.333993017220277E+001
  0.140836059252746E-001 -0.285868785095271E+001  0.266078166990963E+001
  0.140836059252746E-001 -0.285979004674714E+001  0.266104170737067E+001
  0.140836059252746E-001 -0.229689921547201E+001  0.324732970240033E+001
  0.140836059252746E-001 -0.230255637163208E+001  0.324549304817820E+001
  0.140836059252746E-001 -0.231043168244597E+001  0.324291312639214E+001
  0.140836059252746E-001 -0.231870415749371E+001  0.324017325197857E+001
  0.140836059252746E-001 -0.231989775105896E+001  0.323977534484497E+001
  0.140836059252746E-001 -0.232548900102322E+001  0.323790253466754E+001
  0.140836059252746E-001 -0.232854874662305E+001  0.323687139275410E+001
  0.140836059252746E-001 -0.233082479879391E+001  0.323610143658591E+001
  0.140836059252746E-001 -0.233251176677504E+001  0.323552913509999E+001
  0.140836059252746E-001 -0.238247107949180E+001  0.321790016853199E+001
  0.140836059252746E-001 -0.238307234632290E+001  0.321767930713160E+001
  0.140836059252746E-001 -0.238715021041064E+001  0.321617544379336E+001
  0.140836059252746E-001 -0.238916546102246E+001  0.321542836953698E+001
  0.140836059252746E-001 -0.241124260332504E+001  0.320706771750553E+001
  0.140836059252746E-001 -0.242562740081163E+001  0.320143354247765E+001
  0.140836059252746E-001 -0.243265925788389E+001  0.319862118442788E+001
  0.140836059252746E-001 -0.243535913662193E+001  0.319753074268440E+001
  0.140836059252746E-001 -0.244582592118011E+001  0.319324520375973E+001
  0.140836059252746E-001 -0.246579307093010E+001  0.318479438523976E+001
  0.140836059252746E-001 -0.246595477585434E+001  0.318472436771651E+001
  0.140836059252746E-001 -0.247182197588418E+001  0.318216569387096E+001
  0.140836059252746E-001 -0.247599437538673E+001  0.318032403085302E+001
  0.140836059252746E-001 -0.247779684862201E+001  0.317952259018139E+001
  0.140836059252746E-001 -0.248244762819262E+001  0.317743797692190E+001
  0.140836059252746E-001 -0.249821512373548E+001  0.317018059926819E+001
  0.140836059252746E-001 -0.250696480794554E+001  0.316601652596555E+001
  0.140836059252746E-001 -0.251226484175617E+001  0.316344259384863E+001
  0.140836059252746E-001 -0.251604948773531E+001  0.316157951023353E+001
  0.140836059252746E-001 -0.252660486720335E+001  0.315626604689574E+001
  0.140836059252746E-001 -0.253981531899821E+001  0.314934994183207E+001
  0.140836059252746E-001 -0.254230135949238E+001  0.314801229221310E+001
  0.140836059252746E-001 -0.256100968454486E+001  0.313752929374420E+001
  0.140836059252746E-001 -0.256301678809014E+001  0.313635677493449E+001
  0.140836059252746E-001 -0.256957290373532E+001  0.313245448866424E+001
  0.140836059252746E-001 -0.257922330814523E+001  0.312649160787072E+001
  0.140836059252746E-001 -0.259019422100309E+001  0.311935150105659E+001
  0.140836059252746E-001 -0.259174693304866E+001  0.311830615739331E+001
  0.140836059252746E-001 -0.259823512986080E+001  0.311383424523063E+001
  0.140836059252746E-001 -0.260317877598791E+001  0.311030526735787E+001
  0.140836059252746E-001 -0.260379826218864E+001  0.310985506003264E+001
  0.140836059252746E-001 -0.261542729255579E+001  0.310103212041737E+001
  0.140836059252746E-001 -0.262872088753187E+001  0.308989168014815E+001
  0.140836059252746E-001 -0.263446483224318E+001  0.308462554582423E+001
  0.140836059252746E-001 -0.264182654750645E+001  0.307735378829718E+001
  0.140836059252746E-001 -0.264773766579869E+001  0.307097766998969E+001
  0.140836059252746E-001 -0.265056848782918E+001  0.306771187571090E+001
  0.140836059252746E-001 -0.265359169913663E+001  0.306404048956009E+001
  0.140836059252746E-001 -0.265550122952913E+001  0.306160892338205E+001
  0.140836059252746E-001 -0.265660616443941E+001  0.306015704326720E+001
  0.140836059252746E-001 -0.265828771554705E+001  0.305787764402106E+001
  0.140836059252746E-001 -0.265859983124549E+001  0.305744460954414E+001
  0.140836059252746E-001 -0.265963938628032E+001  0.305597815967059E+001
  0.140836059252746E-001 -0.266043037134856E+001  0.305483608984225E+001
  0.140836059252746E-001 -0.266788078372764E+001  0.304260200427838E+001
  0.140836059252746E-001 -0.266884062365346E+001  0.304075973969990E+001
  0.140836059252746E-001 -0.267140326420458E+001  0.296462580188578E+001
  0.140836059252746E-001 -0.267176367992543E+001  0.296545050829768E+001
  0.140836059252746E-001 -0.267226529916808E+001  0.296663222665409E+001
  0.140836059252746E-001 -0.267228230340359E+001  0.296667301963301E+001
  0.140836059252746E-001 -0.267374838167947E+001  0.302959924148084E+001
  0.140836059252746E-001 -0.267390571337873E+001  0.302917091058504E+001
  0.140836059252746E-001 -0.267438755424212E+001  0.297218188564590E+001
  0.140836059252746E-001 -0.267592614785440E+001  0.302297112335636E+001
  0.140836059252746E-001 -0.267617386938984E+001  0.302209156089059E+001
  0.140836059252746E-001 -0.267644696544478E+001  0.297892058601875E+001
  0.140836059252746E-001 -0.267661160337728E+001  0.297955496088063E+001
  0.140836059252746E-001 -0.267673003629634E+001  0.298002375516913E+001
  0.140836059252746E-001 -0.267685735616215E+001  0.301945968085588E+001
  0.140836059252746E-001 -0.267746182581923E+001  0.298320821528603E+001
  0.140836059252746E-001 -0.267833044117028E+001  0.298804234229825E+001
  0.140836059252746E-001 -0.267837177604488E+001  0.298832215782879E+001
  0.140836059252746E-001 -0.267845213563928E+001  0.298888629392721E+001
  0.140836059252746E-001 -0.267913684822725E+001  0.299626363162996E+001
