  0.347294409043973E-001  0.179801100887873E+001  0.791034523784165E+001
  0.347294409043973E-001  0.957272546251878E+001  0.556031842804646E+001
  0.347294409043973E-001  0.191889051717782E+001  0.392090671264219E+001
  0.347294409043973E-001  0.798478005247895E+001  0.834855904543962E+001
  0.347294409043973E-001  0.696641736563775E+001  0.171327024238094E+001
  0.347294409043973E-001  0.202603404063274E+001  0.606983219947023E+001
  0.347294409043973E-001  0.226389548796322E+001  0.204959483970546E+001
  0.347294409043973E-001  0.231331371750750E+001  0.204544414231456E+001
  0.347294409043973E-001  0.251409997118239E+001  0.602876229169594E+001
  0.347294409043973E-001  0.282148729563238E+001  0.799623524227040E+001
  0.347294409043973E-001  0.292131444020117E+001  0.800421959803250E+001
  0.347294409043973E-001  0.295558031333082E+001  0.800694564936411E+001
  0.347294409043973E-001  0.475775393615487E+001  0.814117804063396E+001
  0.347294409043973E-001  0.312522752917320E+001  0.802033479569604E+001
  0.347294409043973E-001  0.364432169616764E+001  0.806025381962396E+001
  0.347294409043973E-001  0.214477045578881E+001  0.212178353010150E+001
  0.347294409043973E-001  0.147624104136234E+001  0.218495431926011E+001
  0.347294409043973E-001  0.129362681012012E+001  0.220308018929506E+001
  0.347294409043973E-001  0.125444500140988E+001  0.379297673061722E+001
  0.347294409043973E-001  0.120903100845619E+001  0.221161820389626E+001
  0.347294409043973E-001  0.104493006299916E+001  0.377155019613415E+001
  0.347294409043973E-001  0.100803566491357E+001  0.223228481748702E+001
  0.347294409043973E-001  0.947500798771566E+000  0.376138099718750E+001
  0.347294409043973E-001  0.935736339208109E+000  0.376014387411074E+001
  0.347294409043973E-001  0.786540196944519E+000  0.225572362217662E+001
  0.347294409043973E-001  0.770227115672846E+000  0.225747913592787E+001
  0.347294409043973E-001  0.739360777758837E+000  0.226081218928057E+001
  0.347294409043973E-001  0.464996361276293E+000  0.370887256462567E+001
  0.347294409043973E-001  0.443999725330671E+000  0.229350099000234E+001
  0.347294409043973E-001  0.396650124778849E+000  0.229888309459878E+001
  0.347294409043973E-001  0.389832459472518E+000  0.229966144716261E+001
  0.347294409043973E-001  0.312818638860596E+000  0.369148526903504E+001
  0.347294409043973E-001  0.299215920655837E+000  0.368990973495067E+001
  0.347294409043973E-001  0.287113084555062E+000  0.368850489366713E+001
  0.347294409043973E-001  0.251363455393293E+000  0.368433840162430E+001
  0.347294409043973E-001  0.239705452298600E+000  0.368297420701118E+001
  0.347294409043973E-001  0.234692025054104E+000  0.231761329212577E+001
  0.347294409043973E-001  0.137107630703533E+000  0.232915119737206E+001
  0.347294409043973E-001  0.116288479504241E+000  0.366836146791646E+001
  0.347294409043973E-001  0.893339613560533E-001  0.366512730277124E+001
  0.347294409043973E-001  0.450716779446569E-001  0.234021794238861E+001
  0.347294409043973E-001  0.286628268422668E-001  0.365778943999545E+001
  0.347294409043973E-001 -0.391633730526086E-002  0.234618482649458E+001
  0.347294409043973E-001 -0.608484572718040E-001  0.235318848038143E+001
  0.347294409043973E-001 -0.864275923799891E-001  0.364364002384405E+001
  0.347294409043973E-001 -0.131660602681371E+000  0.363799310234967E+001
  0.347294409043973E-001 -0.150614562923594E+000  0.236438803896796E+001
  0.347294409043973E-001 -0.277493397071489E+000  0.361943680189615E+001
  0.347294409043973E-001 -0.332517005241597E+000  0.238771071033692E+001
  0.347294409043973E-001 -0.335964962869359E+000  0.361183862334416E+001
  0.347294409043973E-001 -0.345709127695469E+000  0.361056321101381E+001
  0.347294409043973E-001 -0.403311856557844E+000  0.360296848841835E+001
  0.347294409043973E-001 -0.417131492185630E+000  0.239886785452359E+001
  0.347294409043973E-001 -0.448723760011600E+000  0.240308703023563E+001
  0.347294409043973E-001 -0.486170425562776E+000  0.359187298213783E+001
  0.347294409043973E-001 -0.496996200034201E+000  0.359040791243792E+001
  0.347294409043973E-001 -0.497566458774399E+000  0.240966936241555E+001
  0.347294409043973E-001 -0.605364084205956E+000  0.242446317094228E+001
  0.347294409043973E-001 -0.611917806757410E+000  0.357462513519127E+001
  0.347294409043973E-001 -0.633614706540757E+000  0.357159648531831E+001
  0.347294409043973E-001 -0.740903792013330E+000  0.244362217122477E+001
  0.347294409043973E-001 -0.777256230563516E+000  0.244887397250301E+001
  0.347294409043973E-001 -0.791979371302008E+000  0.354898469529346E+001
  0.347294409043973E-001 -0.881186752364007E+000  0.246417258870367E+001
  0.347294409043973E-001 -0.882993919168427E+000  0.353555753006360E+001
  0.347294409043973E-001 -0.917796749704720E+000  0.246966669431195E+001
  0.347294409043973E-001 -0.920749694761635E+000  0.247011232896688E+001
  0.347294409043973E-001 -0.952732810999476E+000  0.247496319622825E+001
  0.347294409043973E-001 -0.995802686952626E+000  0.248156729929300E+001
  0.347294409043973E-001 -0.106878541310260E+001  0.249295441134119E+001
  0.347294409043973E-001 -0.106899325479894E+001  0.350701279501305E+001
  0.347294409043973E-001 -0.108115964904320E+001  0.350508944873939E+001
  0.347294409043973E-001 -0.111022819637832E+001  0.350046416820212E+001
  0.347294409043973E-001 -0.113784565618729E+001  0.349602982781765E+001
  0.347294409043973E-001 -0.120068471803464E+001  0.251421060099131E+001
  0.347294409043973E-001 -0.122214724138691E+001  0.348224198951653E+001
  0.347294409043973E-001 -0.122867851731533E+001  0.348115728437208E+001
  0.347294409043973E-001 -0.123215299369918E+001  0.251942074942534E+001
  0.347294409043973E-001 -0.125886068337283E+001  0.347611257674537E+001
  0.347294409043973E-001 -0.127620045993419E+001  0.347319004795674E+001
  0.347294409043973E-001 -0.128801997010498E+001  0.252881245787057E+001
  0.347294409043973E-001 -0.129676429270682E+001  0.253029944832726E+001
  0.347294409043973E-001 -0.130142395518167E+001  0.253109375964304E+001
  0.347294409043973E-001 -0.132363753739074E+001  0.346510094505629E+001
  0.347294409043973E-001 -0.134168635275534E+001  0.346198601562592E+001
  0.347294409043973E-001 -0.135873521702369E+001  0.345902424810785E+001
  0.347294409043973E-001 -0.138757456916634E+001  0.345397022370212E+001
  0.347294409043973E-001 -0.141180469010905E+001  0.255031995301401E+001
  0.347294409043973E-001 -0.143573868866463E+001  0.344540173426742E+001
  0.347294409043973E-001 -0.143927785086096E+001  0.344476559999287E+001
  0.347294409043973E-001 -0.145240203389047E+001  0.255760134533173E+001
  0.347294409043973E-001 -0.147958312610930E+001  0.343745582050909E+001
  0.347294409043973E-001 -0.149036720762158E+001  0.256452079055905E+001
  0.347294409043973E-001 -0.149788307646224E+001  0.343409630595159E+001
  0.347294409043973E-001 -0.150500918553514E+001  0.256721896369047E+001
  0.347294409043973E-001 -0.151821745602007E+001  0.256966745171721E+001
  0.347294409043973E-001 -0.152836012281501E+001  0.257155715034048E+001
  0.347294409043973E-001 -0.154922887266345E+001  0.257547170241712E+001
  0.347294409043973E-001 -0.155616234787746E+001  0.342321970584364E+001
  0.347294409043973E-001 -0.156225067559381E+001  0.257793272221154E+001
  0.347294409043973E-001 -0.159316254887084E+001  0.341616689831777E+001
  0.347294409043973E-001 -0.160632992177476E+001  0.341362798211776E+001
  0.347294409043973E-001 -0.163292703221243E+001  0.259154857091598E+001
  0.347294409043973E-001 -0.166532111510546E+001  0.340205660877281E+001
  0.347294409043973E-001 -0.167751426688094E+001  0.339962308788885E+001
  0.347294409043973E-001 -0.169280718111463E+001  0.339654980279459E+001
  0.347294409043973E-001 -0.170369896025757E+001  0.260565362758920E+001
  0.347294409043973E-001 -0.171131708550059E+001  0.260720213672338E+001
  0.347294409043973E-001 -0.171584026661973E+001  0.339187555730820E+001
  0.347294409043973E-001 -0.172665731125125E+001  0.261033896105131E+001
  0.347294409043973E-001 -0.175592374660501E+001  0.338360539049649E+001
  0.347294409043973E-001 -0.177303520855007E+001  0.338002008066253E+001
  0.347294409043973E-001 -0.177326921055134E+001  0.262002918350674E+001
  0.347294409043973E-001 -0.177949969660844E+001  0.337865676227610E+001
  0.347294409043973E-001 -0.179619187518976E+001  0.337511357619314E+001
  0.347294409043973E-001 -0.179713619507028E+001  0.262508787181057E+001
  0.347294409043973E-001 -0.180019629443870E+001  0.262574141564344E+001
  0.347294409043973E-001 -0.180019974097832E+001  0.337425784763748E+001
  0.347294409043973E-001 -0.181328380604807E+001  0.262854948363600E+001
  0.347294409043973E-001 -0.182065189326486E+001  0.263013976673290E+001
  0.347294409043973E-001 -0.183571210903118E+001  0.263341173282580E+001
  0.347294409043973E-001 -0.184906406627649E+001  0.263633718299704E+001
  0.347294409043973E-001 -0.185709204074294E+001  0.263810751796162E+001
  0.347294409043973E-001 -0.186581186545392E+001  0.264004028475100E+001
  0.347294409043973E-001 -0.190082893018695E+001  0.335209127544553E+001
  0.347294409043973E-001 -0.192108172262507E+001  0.265254090966740E+001
  0.347294409043973E-001 -0.192500251846476E+001  0.265344482095861E+001
  0.347294409043973E-001 -0.193553777605130E+001  0.265588541020968E+001
  0.347294409043973E-001 -0.195321718735077E+001  0.333997962453454E+001
  0.347294409043973E-001 -0.195342733188103E+001  0.333993017220277E+001
  0.347294409043973E-001 -0.195644887253420E+001  0.266078166990963E+001
  0.347294409043973E-001 -0.195755106832863E+001  0.266104170737067E+001
  0.347294409043973E-001 -0.139466023705350E+001  0.324732970240033E+001
  0.347294409043973E-001 -0.140031739321358E+001  0.324549304817820E+001
  0.347294409043973E-001 -0.140819270402746E+001  0.324291312639214E+001
  0.347294409043973E-001 -0.141646517907520E+001  0.324017325197857E+001
  0.347294409043973E-001 -0.141765877264045E+001  0.323977534484497E+001
  0.347294409043973E-001 -0.142325002260471E+001  0.323790253466754E+001
  0.347294409043973E-001 -0.142630976820455E+001  0.323687139275410E+001
  0.347294409043973E-001 -0.142858582037540E+001  0.323610143658591E+001
  0.347294409043973E-001 -0.143027278835654E+001  0.323552913509999E+001
  0.347294409043973E-001 -0.148023210107329E+001  0.321790016853199E+001
  0.347294409043973E-001 -0.148083336790440E+001  0.321767930713160E+001
  0.347294409043973E-001 -0.148491123199213E+001  0.321617544379336E+001
  0.347294409043973E-001 -0.148692648260396E+001  0.321542836953698E+001
  0.347294409043973E-001 -0.150900362490654E+001  0.320706771750553E+001
  0.347294409043973E-001 -0.152338842239312E+001  0.320143354247765E+001
  0.347294409043973E-001 -0.153042027946539E+001  0.319862118442788E+001
  0.347294409043973E-001 -0.153312015820342E+001  0.319753074268440E+001
  0.347294409043973E-001 -0.154358694276160E+001  0.319324520375973E+001
  0.347294409043973E-001 -0.156355409251160E+001  0.318479438523976E+001
  0.347294409043973E-001 -0.156371579743583E+001  0.318472436771651E+001
  0.347294409043973E-001 -0.156958299746567E+001  0.318216569387096E+001
  0.347294409043973E-001 -0.157375539696823E+001  0.318032403085302E+001
  0.347294409043973E-001 -0.157555787020350E+001  0.317952259018139E+001
  0.347294409043973E-001 -0.158020864977412E+001  0.317743797692190E+001
  0.347294409043973E-001 -0.159597614531697E+001  0.317018059926819E+001
  0.347294409043973E-001 -0.160472582952704E+001  0.316601652596555E+001
  0.347294409043973E-001 -0.161002586333767E+001  0.316344259384863E+001
  0.347294409043973E-001 -0.161381050931681E+001  0.316157951023353E+001
  0.347294409043973E-001 -0.162436588878485E+001  0.315626604689574E+001
  0.347294409043973E-001 -0.163757634057971E+001  0.314934994183207E+001
  0.347294409043973E-001 -0.164006238107388E+001  0.314801229221310E+001
  0.347294409043973E-001 -0.165877070612635E+001  0.313752929374420E+001
  0.347294409043973E-001 -0.166077780967164E+001  0.313635677493449E+001
  0.347294409043973E-001 -0.166733392531682E+001  0.313245448866424E+001
  0.347294409043973E-001 -0.167698432972672E+001  0.312649160787072E+001
  0.347294409043973E-001 -0.168795524258459E+001  0.311935150105659E+001
  0.347294409043973E-001 -0.168950795463016E+001  0.311830615739331E+001
  0.347294409043973E-001 -0.169599615144230E+001  0.311383424523063E+001
  0.347294409043973E-001 -0.170093979756940E+001  0.311030526735787E+001
  0.347294409043973E-001 -0.170155928377014E+001  0.310985506003264E+001
  0.347294409043973E-001 -0.171318831413728E+001  0.310103212041737E+001
  0.347294409043973E-001 -0.172648190911336E+001  0.308989168014815E+001
  0.347294409043973E-001 -0.173222585382468E+001  0.308462554582423E+001
  0.347294409043973E-001 -0.173958756908795E+001  0.307735378829718E+001
  0.347294409043973E-001 -0.174549868738019E+001  0.307097766998969E+001
  0.347294409043973E-001 -0.174832950941067E+001  0.306771187571090E+001
  0.347294409043973E-001 -0.175135272071813E+001  0.306404048956009E+001
  0.347294409043973E-001 -0.175326225111063E+001  0.306160892338205E+001
  0.347294409043973E-001 -0.175436718602090E+001  0.306015704326720E+001
  0.347294409043973E-001 -0.175604873712855E+001  0.305787764402106E+001
  0.347294409043973E-001 -0.175636085282699E+001  0.305744460954414E+001
  0.347294409043973E-001 -0.175740040786181E+001  0.305597815967059E+001
  0.347294409043973E-001 -0.175819139293006E+001  0.305483608984225E+001
  0.347294409043973E-001 -0.176564180530913E+001  0.304260200427838E+001
  0.347294409043973E-001 -0.176660164523496E+001  0.304075973969990E+001
  0.347294409043973E-001 -0.176916428578607E+001  0.296462580188578E+001
  0.347294409043973E-001 -0.176952470150692E+001  0.296545050829768E+001
  0.347294409043973E-001 -0.177002632074958E+001  0.296663222665409E+001
  0.347294409043973E-001 -0.177004332498509E+001  0.296667301963301E+001
  0.347294409043973E-001 -0.177150940326097E+001  0.302959924148084E+001
  0.347294409043973E-001 -0.177166673496023E+001  0.302917091058504E+001
  0.347294409043973E-001 -0.177214857582362E+001  0.297218188564590E+001
  0.347294409043973E-001 -0.177368716943589E+001  0.302297112335636E+001
  0.347294409043973E-001 -0.177393489097134E+001  0.302209156089059E+001
  0.347294409043973E-001 -0.177420798702627E+001  0.297892058601875E+001
  0.347294409043973E-001 -0.177437262495877E+001  0.297955496088063E+001
  0.347294409043973E-001 -0.177449105787783E+001  0.298002375516913E+001
  0.347294409043973E-001 -0.177461837774365E+001  0.301945968085588E+001
  0.347294409043973E-001 -0.177522284740072E+001  0.298320821528603E+001
  0.347294409043973E-001 -0.177609146275178E+001  0.298804234229825E+001
  0.347294409043973E-001 -0.177613279762638E+001  0.298832215782879E+001
  0.347294409043973E-001 -0.177621315722077E+001  0.298888629392721E+001
  0.347294409043973E-001 -0.177689786980875E+001  0.299626363162996E+001
  0.347294409043973E-001  0.531634115444133E-002  0.300182158144065E+001
