  0.123682785408173E+000  0.289977202737150E+001  0.210030549818102E+001
  0.123682785408173E+000  0.311818980218781E+001  0.391891079032434E+001
  0.123682785408173E+000  0.402620683695461E+001  0.399482650052183E+001
  0.123682785408173E+000  0.405684912830861E+001  0.200271241221339E+001
  0.123682785408173E+000  0.346157754515587E+001  0.611280496626818E+001
  0.123682785408173E+000  0.304959061095454E+001  0.615076674676151E+001
  0.123682785408173E+000  0.234926793100440E+001  0.778047773165793E+001
  0.123682785408173E+000  0.230998223991549E+001  0.777644045427816E+001
  0.123682785408173E+000  0.190062988939046E+001  0.773305075060031E+001
  0.123682785408173E+000  0.171360048037072E+001  0.628765268477202E+001
  0.123682785408173E+000  0.161443523532408E+001  0.770112214221564E+001
  0.123682785408173E+000  0.145761206409105E+001  0.768299381469217E+001
  0.123682785408173E+000  0.145431548359223E+001  0.768260757249532E+001
  0.123682785408173E+000  0.122379079775073E+001  0.765503370012032E+001
  0.123682785408173E+000  0.107882751801472E+001  0.763708321555002E+001
  0.123682785408173E+000  0.976332155747455E+000  0.637592006475709E+001
  0.123682785408173E+000  0.939754212887371E+000  0.638062669195777E+001
  0.123682785408173E+000  0.718129289445479E+000  0.759005364753086E+001
  0.123682785408173E+000  0.691273618546412E+000  0.758640122750607E+001
  0.123682785408173E+000  0.685238579894246E+000  0.758557731636077E+001
  0.123682785408173E+000  0.572245781567755E+000  0.643006847279341E+001
  0.123682785408173E+000  0.518276598979190E+000  0.643769503248694E+001
  0.123682785408173E+000  0.511344780748605E+000  0.756131790063472E+001
  0.123682785408173E+000  0.399252819950308E+000  0.754510831203096E+001
  0.123682785408173E+000  0.352536121392973E+000  0.753820850985104E+001
  0.123682785408173E+000  0.258665251486891E+000  0.647593029004616E+001
  0.123682785408173E+000  0.243899706729456E+000  0.752181086011112E+001
  0.123682785408173E+000 -0.651468902624397E-002  0.651810761532371E+001
  0.123682785408173E+000 -0.271914977602474E-001  0.652155253056207E+001
  0.123682785408173E+000 -0.402563157555096E-001  0.747625792395751E+001
  0.123682785408173E+000 -0.176438168011409E+000  0.745280516093721E+001
  0.123682785408173E+000 -0.179438299804220E+000  0.654772520224478E+001
  0.123682785408173E+000 -0.243509490518245E+000  0.744079598701699E+001
  0.123682785408173E+000 -0.272049828501300E+000  0.743558540849412E+001
  0.123682785408173E+000 -0.322276226212279E+000  0.742626098162890E+001
  0.123682785408173E+000 -0.366029953741099E+000  0.658203130732718E+001
  0.123682785408173E+000 -0.381604797271050E+000  0.658502306920766E+001
  0.123682785408173E+000 -0.398132952730905E+000  0.741177827555160E+001
  0.123682785408173E+000 -0.418356533034794E+000  0.659216967331054E+001
  0.123682785408173E+000 -0.525722848852634E+000  0.661380449920179E+001
  0.123682785408173E+000 -0.527641525673029E+000  0.661420215585684E+001
  0.123682785408173E+000 -0.528129345617244E+000  0.661430332467801E+001
  0.123682785408173E+000 -0.552599475045534E+000  0.738058731540333E+001
  0.123682785408173E+000 -0.610831219721192E+000  0.736814348493190E+001
  0.123682785408173E+000 -0.698733839575051E+000  0.734851858820039E+001
  0.123682785408173E+000 -0.284246294044030E+000  0.714773042624816E+001
  0.123682785408173E+000 -0.294347715996136E+000  0.714215502568367E+001
  0.123682785408173E+000 -0.304363144338014E+000  0.713640228294433E+001
  0.123682785408173E+000 -0.308724513701990E+000  0.713381989274465E+001
  0.123682785408173E+000 -0.319950316019730E+000  0.712693161672078E+001
  0.123682785408173E+000 -0.333885525990244E+000  0.711782190682580E+001
  0.123682785408173E+000 -0.334402135409305E+000  0.711747061003084E+001
  0.123682785408173E+000 -0.352153964183569E+000  0.710468548904760E+001
  0.123682785408173E+000 -0.356616121932456E+000  0.710121811289149E+001
  0.123682785408173E+000 -0.365507330636333E+000  0.709392823316072E+001
  0.123682785408173E+000 -0.372040155281077E+000  0.708818878070103E+001
  0.123682785408173E+000 -0.387101036443081E+000  0.707326336093583E+001
  0.123682785408173E+000 -0.387964457110946E+000  0.707231440208393E+001
  0.123682785408173E+000 -0.391466602654024E+000  0.706833029680796E+001
  0.123682785408173E+000 -0.408105524150961E+000  0.704479734392074E+001
  0.123682785408173E+000 -0.413054496144155E+000  0.703485636962511E+001
  0.123682785408173E+000 -0.415562787278645E+000  0.702852437417234E+001
  0.123682785408173E+000 -0.417178605226512E+000  0.702356075232808E+001
  0.123682785408173E+000 -0.418555768918036E+000  0.698170347411060E+001
  0.123682785408173E+000 -0.419147317826367E+000  0.701549564565575E+001
  0.123682785408173E+000 -0.419495654148303E+000  0.701357870475335E+001
  0.123682785408173E+000  0.568698883573317E-002  0.700791339294814E+001
  0.123682785408173E+000  0.565408694145106E-002  0.700757347244443E+001
  0.123682785408173E+000  0.557167628898852E-002  0.700664618540763E+001
  0.123682785408173E+000  0.548994381513008E-002  0.700557625184646E+001
  0.123682785408173E+000  0.535883174011465E-002  0.700318066858580E+001
  0.123682785408173E+000  0.532090672566319E-002  0.699798787417379E+001
