  0.205097359227473E-012  0.591363486502714E+002  0.314070249092113E-001
  0.411900680557051E-012  0.577218530601247E+002  0.993022609321105E+001
  0.583142266255751E-012  0.570066545437092E+002  0.893654996361326E-001
  0.144666491328869E-010  0.505644138052560E+002  0.272174001781657E+000
  0.170555167062141E-010  0.502152576006460E+002  0.282433131674896E+000
  0.335080354461663E-009  0.442395636284396E+002  0.464441156615513E+000
  0.581701313808127E-009  0.431164894820258E+002  0.500126646240038E+000
  0.703440432903926E-009  0.427165366383199E+002  0.512958719714098E+000
  0.105504064694810E-008  0.418859332314127E+002  0.539821594936460E+000
  0.205545394158373E-008  0.405321977184998E+002  0.941575663150801E+001
  0.363390695294295E-008  0.393726737660725E+002  0.937704780563760E+001
  0.483786931877052E-008  0.387804410336767E+002  0.935703182691775E+001
  0.198580344714670E-007  0.359362718037686E+002  0.925843573216462E+001
  0.304234000469003E-007  0.350631644096777E+002  0.922729314937737E+001
  0.489016380139086E-007  0.340940660630987E+002  0.919220871219205E+001
  0.158254525119073E-006  0.317253778769364E+002  0.896006433464026E+000
  0.187057689762068E-006  0.313710523846010E+002  0.909047766054821E+001
  0.313687887856667E-006  0.303171888565387E+002  0.904975088358589E+001
  0.961857082044632E-006  0.280563534500150E+002  0.104047326639381E+001
  0.953551094711402E-006  0.280537985206652E+002  0.895942242281275E+001
  0.115127370258210E-005  0.276570355272948E+002  0.500988462627256E+001
  0.115564018304788E-005  0.276295637365447E+002  0.498318522986729E+001
  0.119177566176255E-005  0.275480833023345E+002  0.893866495199363E+001
  0.132542271956235E-005  0.273156084516714E+002  0.494969065526734E+001
  0.158588067578342E-005  0.269368909054798E+002  0.891327755764597E+001
  0.160898831178478E-005  0.268880588052164E+002  0.507754252276883E+001
  0.200249388215498E-005  0.264305826612277E+002  0.510160292380004E+001
  0.380678239859226E-005  0.251259000541657E+002  0.116400640622537E+001
  0.402328493403145E-005  0.249953705940862E+002  0.516841547597673E+001
  0.432651688206357E-005  0.248301417596708E+002  0.882306092856555E+001
  0.495031669487604E-005  0.245408635975128E+002  0.481110467054406E+001
  0.520348585081923E-005  0.244212085285482E+002  0.880502682314770E+001
  0.517088490905465E-005  0.244138777083604E+002  0.519461745022495E+001
  0.665894847937681E-005  0.238881415467724E+002  0.478162572906685E+001
  0.757871332654052E-005  0.236094771784675E+002  0.476896459683532E+001
  0.756694212170693E-005  0.235926853177619E+002  0.123207519431486E+001
  0.787948794850111E-005  0.234918368926610E+002  0.523639882029896E+001
  0.101394743355076E-004  0.229675897598831E+002  0.873940875854304E+001
  0.135968299803203E-004  0.223608880586757E+002  0.128872253649414E+001
  0.152279704612022E-004  0.221143929512502E+002  0.469976682219047E+001
  0.189916809814081E-004  0.216527580066404E+002  0.532212290917337E+001
  0.190696316046541E-004  0.216246652225992E+002  0.467653611095150E+001
  0.290987740967829E-004  0.207595666715670E+002  0.463471518523319E+001
  0.341627604562741E-004  0.204187857513935E+002  0.861794134255167E+001
  0.350120543000131E-004  0.203497726186854E+002  0.538546818608811E+001
  0.391032043270702E-004  0.201088479470467E+002  0.860254302258704E+001
  0.514897568602043E-004  0.195385903328673E+002  0.457382034272217E+001
  0.529854350755461E-004  0.194614213233196E+002  0.143010959635837E+001
  0.541925730774558E-004  0.193964670514621E+002  0.856657690393702E+001
  0.601055546838874E-004  0.191694496090960E+002  0.144505935638356E+001
  0.108740902986229E-003  0.179638174384427E+002  0.849162302806902E+001
  0.111419442613745E-003  0.178952491242514E+002  0.551205873444382E+001
  0.138226583382517E-003  0.174441636520313E+002  0.553651268173890E+001
  0.153092295622200E-003  0.172199695271058E+002  0.554881980996573E+001
  0.164629942769667E-003  0.170547504550948E+002  0.444204327971275E+001
  0.196849143459296E-003  0.166773748291585E+002  0.842095335615928E+001
  0.220158413283297E-003  0.164336548045180E+002  0.840716496418786E+001
  0.252678095568814E-003  0.161382161798890E+002  0.839026726081613E+001
  0.270292633401682E-003  0.159835377773389E+002  0.561866203502501E+001
  0.308687167139265E-003  0.156979907946417E+002  0.436470034636149E+001
  0.387605855712622E-003  0.152227688778761E+002  0.166344791041459E+001
  0.421270283951380E-003  0.150362969265688E+002  0.432534372564525E+001
  0.463667346738078E-003  0.148246107895456E+002  0.431250379238542E+001
  0.464013695071453E-003  0.148032167337357E+002  0.568880087105580E+001
  0.800725201383352E-003  0.136921085685460E+002  0.424155782811209E+001
  0.808879649543060E-003  0.136519432613426E+002  0.176103293444508E+001
  0.903740800366791E-003  0.134102576946371E+002  0.577673809017172E+001
  0.980107835611568E-003  0.132281170170733E+002  0.578870846146711E+001
  0.975114226675295E-003  0.132184323198656E+002  0.421065174173016E+001
  0.100754712716228E-002  0.131330927594262E+002  0.820499929843264E+001
  0.101463881045089E-002  0.130991642831069E+002  0.820274467490488E+001
  0.114021968448808E-002  0.128458871171178E+002  0.581422160294766E+001
  0.122951753017244E-002  0.126751846733939E+002  0.582579473012421E+001
  0.135955314782571E-002  0.124542155368047E+002  0.815905261036922E+001
  0.136182999984955E-002  0.124309682643030E+002  0.584255307239119E+001
  0.194606607702858E-002  0.116971064923673E+002  0.589443882731170E+001
  0.195235384336660E-002  0.116707542200917E+002  0.810365263689696E+001
  0.201259944178709E-002  0.115900707636285E+002  0.590221140926554E+001
  0.200030561731131E-002  0.115824244291550E+002  0.809723123195603E+001
  0.200803501683724E-002  0.115548104418490E+002  0.190478397637234E+001
  0.223654655170949E-002  0.113193571444054E+002  0.192211985322123E+001
  0.243095340340987E-002  0.111327553441457E+002  0.593605953042464E+001
  0.311632538735042E-002  0.106161126429090E+002  0.197564337724580E+001
  0.326221990407714E-002  0.105047052440929E+002  0.401561868177795E+001
  0.353620551044247E-002  0.103235118888890E+002  0.800124441068961E+001
  0.358879295920628E-002  0.102740879064893E+002  0.200271241221339E+001
  0.360811955495739E-002  0.102434456151353E+002  0.399482650052183E+001
  0.384618634816923E-002  0.100957542319713E+002  0.398287799081740E+001
  0.435895706749794E-002  0.982555211908551E+001  0.396063354447484E+001
  0.436931215034340E-002  0.980090591736646E+001  0.395857885147502E+001
  0.435580536159399E-002  0.978719740127661E+001  0.795743409795098E+001
  0.445257755629391E-002  0.972334947280596E+001  0.395208423123442E+001
  0.442549303548883E-002  0.971565173494433E+001  0.395143719987573E+001
  0.452309781127049E-002  0.965212022750226E+001  0.394608017848196E+001
  0.511912927570281E-002  0.938464507443733E+001  0.792318561493609E+001
  0.519471767438219E-002  0.933542858036853E+001  0.391891079032434E+001
  0.539241528092410E-002  0.924082569628446E+001  0.791063745756501E+001
  0.540006235360545E-002  0.921809081088268E+001  0.209136200967812E+001
  0.541114106663618E-002  0.919409117278009E+001  0.209347749318632E+001
  0.545126014290124E-002  0.915941688674678E+001  0.390345734243230E+001
  0.551294801797905E-002  0.911701080555222E+001  0.210030549818102E+001
  0.105414124687625E-001  0.768754263803003E+001  0.610267988268320E+001
  0.111537435424619E-001  0.757461535638659E+001  0.611280496626818E+001
  0.115584255777736E-001  0.746450023867428E+001  0.787720955822663E+001
  0.131830574765025E-001  0.716262842218526E+001  0.615076674676151E+001
  0.166757616391622E-001  0.654156574595152E+001  0.621143986265565E+001
  0.173498917664554E-001  0.646230574223512E+001  0.778047773165793E+001
  0.173663943693646E-001  0.642302005114621E+001  0.777644045427816E+001
  0.191183575037336E-001  0.619341174781044E+001  0.775241109142938E+001
  0.209161381837997E-001  0.601366770062118E+001  0.773305075060031E+001
  0.221676775112543E-001  0.585934283657179E+001  0.771601077136295E+001
  0.225331494185900E-001  0.582663829160144E+001  0.628765268477202E+001
  0.227850330252930E-001  0.572747304655480E+001  0.770112214221564E+001
  0.246435563284585E-001  0.557064987532177E+001  0.768299381469217E+001
  0.246842095570216E-001  0.556735329482295E+001  0.768260757249532E+001
  0.263546959449842E-001  0.543638784816706E+001  0.633291782622902E+001
  0.271458284307509E-001  0.533682860898146E+001  0.765503370012032E+001
  0.277595766935076E-001  0.525170819211821E+001  0.635544598240706E+001
  0.280306796144125E-001  0.519186532924544E+001  0.763708321555002E+001
  0.283475882885489E-001  0.508936996697818E+001  0.637592006475709E+001
  0.283047122532126E-001  0.505279202411809E+001  0.638062669195777E+001
  0.285424823201593E-001  0.491952364058110E+001  0.639808609141401E+001
  0.292688455971212E-001  0.483116710067620E+001  0.759005364753086E+001
  0.291048055758576E-001  0.480431142977713E+001  0.758640122750607E+001
  0.291927625283261E-001  0.479827639112497E+001  0.758557731636077E+001
  0.302954983823710E-001  0.468528359279848E+001  0.643006847279341E+001
  0.311241400203121E-001  0.463131441020991E+001  0.643769503248694E+001
  0.312322006168441E-001  0.462438259197933E+001  0.756131790063472E+001
  0.323719694116189E-001  0.451229063118103E+001  0.754510831203096E+001
  0.324742851076054E-001  0.446557393262369E+001  0.753820850985104E+001
  0.333541191116118E-001  0.437170306271761E+001  0.647593029004616E+001
  0.329292506863815E-001  0.435693751796018E+001  0.752181086011112E+001
  0.358578748729877E-001  0.410652312220448E+001  0.651810761532371E+001
  0.355201088192196E-001  0.408584631347047E+001  0.652155253056207E+001
  0.343777886674575E-001  0.407278149547521E+001  0.747625792395751E+001
  0.354114538491543E-001  0.393659964321931E+001  0.745280516093721E+001
  0.347954695789809E-001  0.393359951142650E+001  0.654772520224478E+001
  0.352503195399377E-001  0.386952832071248E+001  0.744079598701699E+001
  0.357569538378432E-001  0.384098798272942E+001  0.743558540849412E+001
  0.359611747089166E-001  0.379076158501844E+001  0.742626098162890E+001
  0.360497040431964E-001  0.374700785748962E+001  0.658203130732718E+001
  0.356328508834361E-001  0.373143301395967E+001  0.658502306920766E+001
  0.352376101320768E-001  0.371490485849982E+001  0.741177827555160E+001
  0.355957330315428E-001  0.369468127819593E+001  0.659216967331054E+001
  0.329463561477750E-001  0.358731496237809E+001  0.661380449920179E+001
  0.323994170004507E-001  0.358539628555769E+001  0.661420215585684E+001
  0.324073205051802E-001  0.358490846561348E+001  0.661430332467801E+001
  0.322204356256541E-001  0.356043833618519E+001  0.738058731540333E+001
  0.320084102231593E-001  0.350220659150953E+001  0.736814348493190E+001
  0.317459209953766E-001  0.341430397165567E+001  0.734851858820039E+001
  0.123174170904087E+000  0.284790939192329E+000  0.678853072600255E+001
  0.123619675278279E+000  0.277570259017422E+000  0.679128022370407E+001
  0.126147455209868E+000  0.237086689622737E+000  0.680742125269420E+001
  0.126332419301677E+000  0.234156331307938E+000  0.680864243787217E+001
  0.126521708260918E+000  0.231161893425107E+000  0.680989843103685E+001
  0.126548723167362E+000  0.230734899146974E+000  0.681007820704893E+001
  0.121384344883201E+000  0.165849918665825E+000  0.683972308163442E+001
  0.121863559339556E+000  0.157969643966522E+000  0.684370589707581E+001
  0.113375459067676E+000  0.142278419200361E+000  0.685195524107118E+001
  0.105426958981217E+000  0.127566156500286E+000  0.686013117354364E+001
  0.982574427217251E-001  0.108335502031139E+000  0.687160068575255E+001
  0.995819668677329E-001  0.815553182710873E-001  0.688953935317223E+001
  0.997908471021144E-001  0.773645701615912E-001  0.689261734404435E+001
  0.839288141719499E-001  0.589364115488129E-001  0.690735805797564E+001
  0.843825523521459E-001  0.481530808980389E-001  0.691719180887182E+001
  0.844132035185575E-001  0.474267316698756E-001  0.691789652479088E+001
  0.847698696443689E-001  0.389940522645457E-001  0.692657145012625E+001
  0.849909328534935E-001  0.337852330123547E-001  0.693248451395264E+001
  0.849979752467183E-001  0.336195188299967E-001  0.693268115726608E+001
  0.852389974764585E-001  0.279562980401060E-001  0.693978612069754E+001
  0.852710644103254E-001  0.272040389912237E-001  0.694079400526273E+001
  0.853689205262804E-001  0.249101774037800E-001  0.694397918280818E+001
  0.853739263286206E-001  0.247929062575200E-001  0.694414690182776E+001
  0.854322007219797E-001  0.234282152683511E-001  0.694613704411035E+001
