  0.571775382695407E-017  0.699688324828961E+002  0.999207040118882E+001
  0.717137041772129E-017  0.695091354470057E+002  0.202460235905721E-001
  0.983369201497383E-017  0.688710445036510E+002  0.996257307234624E+001
  0.110013213647021E-016  0.686399870443929E+002  0.995632711578231E+001
  0.125334377031385E-016  0.683725620653610E+002  0.994908155513961E+001
  0.141047523829531E-016  0.681296830852530E+002  0.994248557890219E+001
  0.149752797983264E-016  0.680032494267539E+002  0.609538968080969E-001
  0.155464563077503E-016  0.679217300579922E+002  0.993682633086903E+001
  0.184499901206175E-016  0.675726122527249E+002  0.992730081283814E+001
  0.191965059044116E-016  0.674866277859218E+002  0.750499945889049E-001
  0.356988068336446E-016  0.662391942299906E+002  0.989063023667943E+001
  0.714019692030940E-016  0.648461222845249E+002  0.985181550138344E+001
  0.804310187483356E-016  0.646013177878030E+002  0.155060117602595E+000
  0.835534661471741E-016  0.645184885416679E+002  0.984260976130628E+001
  0.104913131961666E-015  0.640565410554636E+002  0.170420763208590E+000
  0.143543272155907E-015  0.634228777857285E+002  0.188393246891834E+000
  0.174998656773976E-015  0.630199386846455E+002  0.199881738577785E+000
  0.210066926168255E-015  0.626479873491258E+002  0.210528712413944E+000
  0.368114071186189E-015  0.615193983885370E+002  0.243085813708958E+000
  0.421507648038061E-015  0.612418526965454E+002  0.251151419256757E+000
  0.531305959250542E-015  0.607721968610354E+002  0.264854010080531E+000
  0.592270422973696E-015  0.605482907280556E+002  0.972858912350243E+001
  0.672022173336610E-015  0.602889791281362E+002  0.972097569796363E+001
  0.109959496078545E-014  0.592975118729616E+002  0.969166751068566E+001
  0.149614164966185E-014  0.586749609604866E+002  0.326899582491385E+000
  0.197430815487221E-014  0.581136484303412E+002  0.965624845171936E+001
  0.200475175798391E-014  0.580763884382335E+002  0.965512603062910E+001
  0.204945861747153E-014  0.580256220028072E+002  0.346404023055500E+000
  0.253369153631034E-014  0.575947630720092E+002  0.359425407240243E+000
  0.285872275739786E-014  0.573467123073871E+002  0.366951185870489E+000
  0.301868277323560E-014  0.572311654638496E+002  0.370464192557397E+000
  0.328676491087610E-014  0.570543434780406E+002  0.375849271689337E+000
  0.335790201393056E-014  0.570048626836693E+002  0.962264182033955E+001
  0.394733881232354E-014  0.566747565932365E+002  0.961255299340027E+001
  0.501592690881402E-014  0.561889478167457E+002  0.959763425814455E+001
  0.857927685118525E-014  0.551088294460548E+002  0.956415381749528E+001
  0.976260952064981E-014  0.548437536523931E+002  0.955587023786220E+001
  0.191573516941530E-013  0.534888444545551E+002  0.486896898029111E+000
  0.195102518056879E-013  0.534456818371467E+002  0.951172872387731E+001
  0.197994277996192E-013  0.534096003025042E+002  0.489420756716179E+000
  0.233887806988623E-013  0.530697378987191E+002  0.500273984573122E+000
  0.416875939579391E-013  0.519071880636073E+002  0.537760738964621E+000
  0.448153800616062E-013  0.517558368675921E+002  0.945731682678925E+001
  0.455308109483813E-013  0.517175055373390E+002  0.543931398681804E+000
  0.649049410419811E-013  0.510017809701841E+002  0.567355956240959E+000
  0.836215151479389E-013  0.504883712075224E+002  0.941570103316004E+001
  0.139057468387562E-012  0.494645427391056E+002  0.938155388909505E+001
  0.186102522039878E-012  0.488750663063200E+002  0.638330527483136E+000
  0.435716031183308E-012  0.471670247043185E+002  0.930308402823211E+001
  0.715178696085544E-012  0.461692857050719E+002  0.926816176698629E+001
  0.893559009658764E-012  0.457172702456422E+002  0.925216236708405E+001
  0.151448930060769E-011  0.446553722852164E+002  0.785879033557222E+000
  0.212631560968839E-011  0.439700918361816E+002  0.918922058783393E+001
  0.216011834384073E-011  0.439318916804719E+002  0.918782420621091E+001
  0.247806393682789E-011  0.436506069489853E+002  0.822485545341998E+000
  0.517713622199223E-011  0.421704024371327E+002  0.912243644860055E+001
  0.574286617549908E-011  0.419563341191035E+002  0.911435227610336E+001
  0.826338082742361E-011  0.412219277678854E+002  0.913620233210513E+000
  0.840844524347523E-011  0.411804666237356E+002  0.915210622579685E+000
  0.842421957077758E-011  0.411700625385823E+002  0.915609898656191E+000
  0.121683584261384E-010  0.404279506152399E+002  0.944289858261806E+000
  0.168777704446099E-010  0.397669782614522E+002  0.902982477328444E+001
  0.173463078712017E-010  0.397055581149554E+002  0.972597379206650E+000
  0.175935427496345E-010  0.396705980056422E+002  0.902602264777806E+001
  0.216504840625119E-010  0.392489506909655E+002  0.990695593255874E+000
  0.238955095897358E-010  0.390449696202474E+002  0.900116646675045E+001
  0.263382655243424E-010  0.388436494667761E+002  0.100689789446425E+001
  0.306869583234636E-010  0.385313640678476E+002  0.101947220689471E+001
  0.350048949487472E-010  0.382614081809344E+002  0.896959320605966E+001
  0.366203081788186E-010  0.381645225059299E+002  0.103434598940819E+001
  0.398122820268807E-010  0.379907219186909E+002  0.104143225917574E+001
  0.414095844111404E-010  0.379053925320503E+002  0.104492074494793E+001
  0.469325569501402E-010  0.376483384496441E+002  0.105546760367693E+001
  0.472462347415032E-010  0.376283601692777E+002  0.499723696526743E+001
  0.472588319278662E-010  0.376211714034387E+002  0.499254066517294E+001
  0.496214778767518E-010  0.375169474109895E+002  0.497232684994965E+001
  0.499196990360370E-010  0.374983079639947E+002  0.502992704739145E+001
  0.512729396688554E-010  0.374381575317067E+002  0.496366128507525E+001
  0.568646113063328E-010  0.372244817893852E+002  0.494610515967924E+001
  0.574746560282717E-010  0.371964844418490E+002  0.494413335012541E+001
  0.625342645957244E-010  0.370210877533905E+002  0.493273056382260E+001
  0.978368519810925E-010  0.361192588219259E+002  0.511473342909571E+001
  0.110777810686763E-009  0.358641528937222E+002  0.512679274563543E+001
  0.118163923252364E-009  0.357284046118273E+002  0.886387146185010E+001
  0.118359794046832E-009  0.357184365378002E+002  0.113655643110533E+001
  0.118744044195634E-009  0.357052985575315E+002  0.513417381273030E+001
  0.118726469379470E-009  0.356989390110041E+002  0.486553229866205E+001
  0.123588198142968E-009  0.356120178598218E+002  0.486152616686397E+001
  0.131321748035137E-009  0.354839715843886E+002  0.485565649479814E+001
  0.136089078934567E-009  0.354059974848436E+002  0.115001846334028E+001
  0.136678404058613E-009  0.353906997302384E+002  0.884931988721395E+001
  0.137684158487408E-009  0.353693809405451E+002  0.884839742449888E+001
  0.140350961504356E-009  0.353243577641725E+002  0.884644776007188E+001
  0.164082255539754E-009  0.350052587705683E+002  0.116742981261349E+001
  0.169870248655126E-009  0.349292691060399E+002  0.882924988598421E+001
  0.175087776641176E-009  0.348621084727467E+002  0.517252459101247E+001
  0.178102704929924E-009  0.348213069947558E+002  0.482563634278762E+001
  0.179328965842856E-009  0.348009283360153E+002  0.517528201218404E+001
  0.200076431682301E-009  0.345753176862407E+002  0.881370419809995E+001
  0.203170545468841E-009  0.345379695063742E+002  0.881205607237380E+001
  0.247302755952599E-009  0.341381787925159E+002  0.520515444666405E+001
  0.283023264921263E-009  0.338616916446625E+002  0.878194914393001E+001
  0.318870759796142E-009  0.336165225114348E+002  0.522879600698605E+001
  0.348164727426271E-009  0.334340872443238E+002  0.523711102952569E+001
  0.349797761252297E-009  0.334180727840702E+002  0.523784228743723E+001
  0.369722393925199E-009  0.333006226541671E+002  0.875657954931555E+001
  0.384575629958838E-009  0.332151910156582E+002  0.475287356073391E+001
  0.408114032675457E-009  0.330897231140734E+002  0.125305186492025E+001
  0.431867541548724E-009  0.329699229394140E+002  0.125854665330560E+001
  0.441237205281069E-009  0.329203399855192E+002  0.873917408159447E+001
  0.453022703587226E-009  0.328609651428852E+002  0.873644075950449E+001
  0.503112458716741E-009  0.326445666055665E+002  0.527345830947110E+001
  0.516591251681004E-009  0.325850345753511E+002  0.527622561296617E+001
  0.541400126096660E-009  0.324845656671944E+002  0.471909503595936E+001
  0.566983216075897E-009  0.323855679031613E+002  0.128560128531526E+001
  0.572560429677480E-009  0.323593351592415E+002  0.871317416332535E+001
  0.690606091048235E-009  0.319777769371084E+002  0.469530934130314E+001
  0.707497456211171E-009  0.319227924985309E+002  0.530729023366478E+001
  0.721256093194921E-009  0.318776164546640E+002  0.130947028385978E+001
  0.728456696868286E-009  0.318510930415197E+002  0.868927409707544E+001
  0.791842776998477E-009  0.316775681096400E+002  0.468106907138065E+001
  0.809463442185191E-009  0.316268950236568E+002  0.867862303457089E+001
  0.897931510221400E-009  0.314127950733989E+002  0.533158768902330E+001
  0.937172213429230E-009  0.313205929701227E+002  0.133603877340050E+001
  0.964268148561221E-009  0.312569326686559E+002  0.466091779734844E+001
  0.966717075177097E-009  0.312452041797839E+002  0.866033272483931E+001
  0.100590094173693E-008  0.311590825882559E+002  0.465619579156081E+001
  0.105981478758040E-008  0.310480058784937E+002  0.534918057259485E+001
  0.110318009030867E-008  0.309611446263958E+002  0.464660311078244E+001
  0.112155043151757E-008  0.309214589626760E+002  0.535532680919413E+001
  0.114982228472455E-008  0.308650126754340E+002  0.535807565605602E+001
  0.118187583982692E-008  0.308033661440333E+002  0.463891705264612E+001
  0.135812631920994E-008  0.305187042191367E+002  0.137504930429605E+001
  0.143817534693414E-008  0.303975103458451E+002  0.461898026317813E+001
  0.153721938198552E-008  0.302576547689976E+002  0.861204740980112E+001
  0.155020535135042E-008  0.302341747515337E+002  0.538911231894322E+001
  0.159722641835157E-008  0.301677567121732E+002  0.539241462951431E+001
  0.167753488447929E-008  0.300629876346307E+002  0.460236248129177E+001
  0.171797607272235E-008  0.300086890326487E+002  0.459964894096724E+001
  0.211003671934289E-008  0.295909165448509E+002  0.142138708494355E+001
  0.212533614883231E-008  0.295698117092994E+002  0.542245435912932E+001
  0.237991090168295E-008  0.293368899827877E+002  0.543431144638919E+001
  0.256812155780831E-008  0.291780110634272E+002  0.855754738565324E+001
  0.297148981772147E-008  0.288795780255015E+002  0.854214285086925E+001
  0.297787316999288E-008  0.288686306549284E+002  0.145842515809467E+001
  0.308350837249788E-008  0.287922577020689E+002  0.453760735369494E+001
  0.319897613218600E-008  0.287120765834587E+002  0.453342984591982E+001
  0.319413139661633E-008  0.287084522280574E+002  0.546675925487199E+001
  0.318584043359744E-008  0.287069947696862E+002  0.146683619545833E+001
  0.401289181958549E-008  0.282387471758756E+002  0.149146705818302E+001
  0.477333421501825E-008  0.278850257473997E+002  0.448965671508424E+001
  0.488408147256070E-008  0.278324978070986E+002  0.448683307589929E+001
  0.527029091149748E-008  0.276736335772740E+002  0.847826028180788E+001
  0.535337202521565E-008  0.276356958270960E+002  0.447620597431191E+001
  0.577725781306599E-008  0.274766352552019E+002  0.553243935075130E+001
  0.581150061781549E-008  0.274581603228013E+002  0.446655318923571E+001
  0.660709860096189E-008  0.271948931481416E+002  0.845212086002149E+001
  0.736861701061490E-008  0.269700667264781E+002  0.556031842804646E+001
  0.743467383336594E-008  0.269455618013336E+002  0.156168085022125E+001
  0.754938337844281E-008  0.269082838644890E+002  0.156375576355373E+001
  0.776381547793310E-008  0.268456122633797E+002  0.843274912338051E+001
  0.781054871544102E-008  0.268269540416254E+002  0.443170700610577E+001
  0.795238906873561E-008  0.267843041097008E+002  0.842932177831271E+001
  0.814103457710522E-008  0.267307587804146E+002  0.842632166542938E+001
  0.879169141155742E-008  0.265703235045368E+002  0.841729455270695E+001
  0.896988199146928E-008  0.265235371196250E+002  0.558534874660298E+001
  0.964960879387497E-008  0.263707918295153E+002  0.559401319535982E+001
  0.982378057976083E-008  0.263283589273320E+002  0.440357031309723E+001
  0.979445689797249E-008  0.263276822132216E+002  0.159646829657384E+001
  0.103532646034095E-007  0.262100560578358E+002  0.160318896852129E+001
  0.114361645193558E-007  0.260044429379440E+002  0.561501515324884E+001
  0.116828380890803E-007  0.259551068087326E+002  0.838213211300660E+001
  0.117321048130802E-007  0.259400349284249E+002  0.838125945316398E+001
  0.117742521234167E-007  0.259262072703855E+002  0.838045834840047E+001
  0.122195668401908E-007  0.258453049254565E+002  0.837576192579964E+001
  0.125165175598882E-007  0.257906280042911E+002  0.162742119749230E+001
  0.131062278036227E-007  0.256918957335410E+002  0.563318785179867E+001
  0.138150698041039E-007  0.255798951752674E+002  0.563975908285390E+001
  0.144863440545207E-007  0.254783467847179E+002  0.835425535773788E+001
  0.144553189898471E-007  0.254759791511527E+002  0.564588450135296E+001
  0.150995292867999E-007  0.253821213164383E+002  0.834855904543962E+001
  0.151575449043777E-007  0.253677960338475E+002  0.165229103519251E+001
  0.158853185860190E-007  0.252673466500234E+002  0.565826695083571E+001
  0.163983086795970E-007  0.251971253159948E+002  0.166246041592555E+001
  0.167995382140780E-007  0.251421233386993E+002  0.566575420498539E+001
  0.179139968250977E-007  0.250070058504168E+002  0.432611954208939E+001
  0.186625281762406E-007  0.249184796305917E+002  0.567923172251668E+001
  0.196637165207282E-007  0.248073091225621E+002  0.431401733604403E+001
  0.198855891133946E-007  0.247782132070259E+002  0.831224471861427E+001
  0.212296470421632E-007  0.246407509350230E+002  0.569616249215831E+001
  0.224052982534625E-007  0.245262977350059E+002  0.170320405382812E+001
  0.224447334274947E-007  0.245161250840211E+002  0.829616823825083E+001
  0.230505444629934E-007  0.244562027145292E+002  0.829246451507635E+001
  0.237717299442241E-007  0.243879318001924E+002  0.828823180229246E+001
  0.237895761630918E-007  0.243797753176000E+002  0.828772518000654E+001
  0.239011855499082E-007  0.243637586295971E+002  0.171327024238094E+001
  0.258426592971741E-007  0.242009059988306E+002  0.827656454917868E+001
  0.268185326301095E-007  0.241201172646809E+002  0.827149158501180E+001
  0.268479903328176E-007  0.241112660732250E+002  0.827093456169973E+001
  0.292560734903393E-007  0.239328180478297E+002  0.574034807228743E+001
  0.312533755316057E-007  0.237940820785613E+002  0.174919017393662E+001
  0.338570852386985E-007  0.236273846925612E+002  0.424010227038505E+001
  0.344868318978620E-007  0.235838705587965E+002  0.423729195402292E+001
  0.345223394202401E-007  0.235751568448974E+002  0.576327157983551E+001
  0.346777589821191E-007  0.235595174726774E+002  0.176428365551180E+001
  0.353628328095494E-007  0.235137362564498E+002  0.176725108418671E+001
  0.359375088012176E-007  0.234748402452480E+002  0.423022214622021E+001
  0.365490712872098E-007  0.234344362389960E+002  0.422759190611578E+001
  0.374617800952688E-007  0.233784497802353E+002  0.177606207132692E+001
  0.373391292728513E-007  0.233783529936996E+002  0.422393160290867E+001
  0.375648865918232E-007  0.233596415577657E+002  0.177729204727809E+001
  0.387912263524146E-007  0.232887372790005E+002  0.178194004538078E+001
  0.393476237104662E-007  0.232535987220826E+002  0.821574992656389E+001
  0.396652163621934E-007  0.232308650279178E+002  0.178574694034821E+001
  0.395745993580333E-007  0.232287837664806E+002  0.578588406979297E+001
  0.397634285974505E-007  0.232126079297002E+002  0.178695038965469E+001
  0.420612769933872E-007  0.230935925082266E+002  0.179482495473763E+001
  0.468599663299362E-007  0.228708645610216E+002  0.180970154239773E+001
  0.469348727672030E-007  0.228610145000348E+002  0.581036374932441E+001
  0.487078692655420E-007  0.227801996225679E+002  0.418418918609400E+001
  0.522385249286688E-007  0.226335847533048E+002  0.582575741463611E+001
  0.531003572229281E-007  0.225942023582150E+002  0.182844357126032E+001
  0.535735428761935E-007  0.225698034028872E+002  0.816988915409488E+001
  0.535319934711066E-007  0.225646995410757E+002  0.816954008694828E+001
  0.542541140148814E-007  0.225312452809917E+002  0.583275052638418E+001
  0.568406274973745E-007  0.224314446628833E+002  0.816038925989007E+001
  0.578652244530140E-007  0.223890585880619E+002  0.815746337414917E+001
  0.598392802630107E-007  0.223153115764705E+002  0.584764504563802E+001
  0.615488767866008E-007  0.222523174007566E+002  0.185202662377216E+001
  0.615640164441402E-007  0.222451699254588E+002  0.414747517474571E+001
  0.634946429583492E-007  0.221767583687631E+002  0.185730431548510E+001
  0.639728857677154E-007  0.221550952001142E+002  0.814117804063396E+001
  0.648883086123184E-007  0.221200233616836E+002  0.813871674540961E+001
  0.661773286714879E-007  0.220740268329863E+002  0.413548068315412E+001
  0.661649741592958E-007  0.220677446636292E+002  0.186496201183063E+001
  0.677950240252371E-007  0.220124139462051E+002  0.186886856652301E+001
  0.703799076034006E-007  0.219309203284737E+002  0.412535298509611E+001
  0.707621230502101E-007  0.219134326416691E+002  0.187589088115346E+001
  0.709214679084307E-007  0.219022784480784E+002  0.187668497735523E+001
  0.755472077486455E-007  0.217692537679530E+002  0.811380101062953E+001
  0.795890812186695E-007  0.216583598202244E+002  0.810580724343928E+001
  0.810693780114004E-007  0.216148474522249E+002  0.589734516696260E+001
  0.808601201611588E-007  0.216133609849952E+002  0.810254698131468E+001
  0.808813116504680E-007  0.216061813216682E+002  0.589797409289493E+001
  0.847195153611004E-007  0.215067993635292E+002  0.190521235549009E+001
  0.892281172899478E-007  0.213964433325998E+002  0.591330638096027E+001
  0.904191577812803E-007  0.213632678301459E+002  0.591575143935224E+001
  0.999247015947350E-007  0.211566907479695E+002  0.593110215263249E+001
  0.103955200165724E-006  0.210709489269912E+002  0.193753874577683E+001
  0.103787622914612E-006  0.210675199764429E+002  0.593779696636717E+001
  0.104788857214378E-006  0.210416629601270E+002  0.806025381962396E+001
  0.116384598613098E-006  0.208251018393841E+002  0.804378560188783E+001
  0.121030428912824E-006  0.207401626984446E+002  0.596274491075276E+001
  0.123762582593922E-006  0.206888609558453E+002  0.403329078257398E+001
  0.123649415287091E-006  0.206840349929088E+002  0.403291707667286E+001
  0.124434590157591E-006  0.206647195479201E+002  0.803141999984202E+001
  0.128229990046671E-006  0.205979734652023E+002  0.802622991714296E+001
  0.132714472182474E-006  0.205225687931325E+002  0.802033479569604E+001
  0.133781250407987E-006  0.204999011897421E+002  0.198144402276281E+001
  0.134131193260932E-006  0.204880208719944E+002  0.801762243878857E+001
  0.137391661951152E-006  0.204333306552463E+002  0.198668613290536E+001
  0.137558793666929E-006  0.204242436299340E+002  0.401259620244321E+001
  0.139261448645949E-006  0.203929846979589E+002  0.801012357663818E+001
  0.140280748152837E-006  0.203717437845250E+002  0.400843993075263E+001
  0.141136720860789E-006  0.203529215772901E+002  0.800694564936411E+001
  0.142513426155494E-006  0.203268517134235E+002  0.199512768843268E+001
  0.142623234350801E-006  0.203186557041605E+002  0.800421959803250E+001
  0.149424643760118E-006  0.202188285595917E+002  0.799623524227040E+001
  0.149719574363885E-006  0.202082293203756E+002  0.799538373488167E+001
  0.150846009460001E-006  0.201865827973741E+002  0.799364245882850E+001
  0.153949856671570E-006  0.201391923535802E+002  0.398981961234518E+001
  0.155385824423841E-006  0.201139682324244E+002  0.601222117576957E+001
  0.158705070925775E-006  0.200650399200863E+002  0.201619185019604E+001
  0.164415597899053E-006  0.199876847880457E+002  0.602250235064388E+001
  0.166439893037104E-006  0.199565554366399E+002  0.797494664380635E+001
  0.168939207853716E-006  0.199200904726458E+002  0.602805012267483E+001
  0.169107695260383E-006  0.199114412351417E+002  0.602876229169594E+001
  0.170090624174463E-006  0.198931944222282E+002  0.203026643042359E+001
  0.170742140010623E-006  0.198788926683393E+002  0.796855300079096E+001
  0.171638539211939E-006  0.198617645199994E+002  0.796713722480669E+001
  0.172145020422826E-006  0.198492159113300E+002  0.603390133308156E+001
  0.172015931585019E-006  0.198440606622323E+002  0.203432831958059E+001
  0.178479317379095E-006  0.197636338271201E+002  0.395898566243072E+001
  0.182176247664876E-006  0.197159744733999E+002  0.395500157285332E+001
  0.182054586534726E-006  0.197106549814668E+002  0.204544414231456E+001
  0.184894848093330E-006  0.196730379879283E+002  0.204860199365596E+001
  0.185371163194607E-006  0.196612367519226E+002  0.204959483970546E+001
  0.190251995568740E-006  0.196026024053995E+002  0.205454324621863E+001
  0.191391688912924E-006  0.195840016860342E+002  0.794388153820930E+001
  0.205163158356528E-006  0.194383791027770E+002  0.606854267684879E+001
  0.204554986997181E-006  0.194376609877776E+002  0.606860435557595E+001
  0.205336865311865E-006  0.194233753045921E+002  0.606983219947023E+001
  0.209189569010848E-006  0.193795417369843E+002  0.207360981960927E+001
  0.211900410262835E-006  0.193471350932692E+002  0.207641259031429E+001
  0.214485098986595E-006  0.193162317811372E+002  0.392090671264219E+001
  0.219466063897996E-006  0.192636615073236E+002  0.608367149472517E+001
  0.222379019439926E-006  0.192306347137371E+002  0.391344055231051E+001
  0.225584914995278E-006  0.191953522728381E+002  0.791034523784165E+001
  0.226956002128605E-006  0.191765776441714E+002  0.790869384914519E+001
  0.239686810847794E-006  0.190607681822402E+002  0.789844031385803E+001
  0.239985309166130E-006  0.190516234154258E+002  0.389762566522764E+001
  0.517642077818464E-006  0.176072202144699E+002  0.610983068722154E+001
  0.518492393802551E-006  0.176039375665192E+002  0.611012574947897E+001
  0.519834173567215E-006  0.175848312163112E+002  0.611184507786813E+001
  0.527821559342833E-006  0.175403970635483E+002  0.611585651545409E+001
  0.527641410631131E-006  0.175271424536089E+002  0.788294335247197E+001
  0.585822833984909E-006  0.172492061539362E+002  0.614260909981099E+001
  0.639884012340469E-006  0.170322617064423E+002  0.616309615598454E+001
  0.640308280008780E-006  0.170175580927771E+002  0.616450286299628E+001
  0.642224521149411E-006  0.170115816606272E+002  0.783492468929679E+001
  0.654249908984846E-006  0.169610107196078E+002  0.783006498916305E+001
  0.699591949016455E-006  0.168135269896438E+002  0.618427303008907E+001
  0.696598402936537E-006  0.168086352649269E+002  0.781524708738229E+001
  0.713745837410029E-006  0.167198644114674E+002  0.619351101871642E+001
  0.727389240241335E-006  0.166687057032087E+002  0.780139820539504E+001
  0.757306973568950E-006  0.165616013613560E+002  0.779063416882523E+001
  0.791201687032524E-006  0.164608315372706E+002  0.621962879534139E+001
  0.793027602162786E-006  0.164562213057815E+002  0.777989844212054E+001
  0.814217257650329E-006  0.164034828990117E+002  0.777446977664650E+001
  0.818301192454254E-006  0.163800984365405E+002  0.777205046528286E+001
  0.814660466291407E-006  0.163623494830150E+002  0.777020911990147E+001
  0.835189826805019E-006  0.162992851658867E+002  0.623636933165379E+001
  0.873806162296034E-006  0.161823956478194E+002  0.624871478468685E+001
  0.871470665461825E-006  0.161745470081976E+002  0.624955100612458E+001
  0.891038549544300E-006  0.160778454730911E+002  0.625993145804487E+001
  0.887352891367021E-006  0.160603285446441E+002  0.626182743329214E+001
  0.892026305347349E-006  0.160369610219024E+002  0.773563573499483E+001
  0.921521807678309E-006  0.159590376016454E+002  0.627288777526419E+001
  0.921037419233772E-006  0.159472273767744E+002  0.627418834992754E+001
  0.941505995229400E-006  0.159032672738325E+002  0.627904997752257E+001
  0.989828246035858E-006  0.157645794211516E+002  0.770539271223996E+001
  0.995875652003216E-006  0.157523974947933E+002  0.629599022005094E+001
  0.998740599917997E-006  0.157466521292229E+002  0.770335660356086E+001
  0.106213903810750E-005  0.155722772098996E+002  0.768323533623558E+001
  0.106077743145540E-005  0.155621442946535E+002  0.768204784160758E+001
  0.113478661535410E-005  0.154019423729794E+002  0.633700908695993E+001
  0.114055403234807E-005  0.153791850176476E+002  0.633976082067131E+001
  0.115306486367897E-005  0.153073636962167E+002  0.634852140289057E+001
  0.118135668220812E-005  0.152341919994110E+002  0.635756954383936E+001
  0.120047864566914E-005  0.152020783195538E+002  0.636158109189528E+001
  0.118956057866794E-005  0.151956593906110E+002  0.636238595248006E+001
  0.122467824326136E-005  0.151251633122067E+002  0.762870684826084E+001
  0.122828015832004E-005  0.151192897227563E+002  0.637204098323377E+001
  0.125475334380810E-005  0.150766415851359E+002  0.637749793195625E+001
  0.124878424631352E-005  0.150737175644132E+002  0.637787382195963E+001
  0.124512744350199E-005  0.150671216371988E+002  0.637872257964030E+001
  0.125358856063673E-005  0.150535768414556E+002  0.761953084324342E+001
  0.126577369541189E-005  0.150216910847555E+002  0.761539966254288E+001
  0.126334207059407E-005  0.149881526301405E+002  0.761102421549353E+001
  0.125880670790560E-005  0.149706538213684E+002  0.760872882510684E+001
  0.126963719853337E-005  0.149412121418013E+002  0.639515281782486E+001
  0.126712936058922E-005  0.149328587969986E+002  0.760374131763263E+001
  0.126862460553608E-005  0.149305001373808E+002  0.760342869759229E+001
  0.130034134522769E-005  0.148564215109270E+002  0.640647357864597E+001
  0.129813558017789E-005  0.148475092543473E+002  0.759232394160000E+001
  0.135068692435997E-005  0.147436006093050E+002  0.642188040286996E+001
  0.135380787073700E-005  0.147389846673286E+002  0.757748049133246E+001
  0.135488869989664E-005  0.147128483945969E+002  0.757384833730917E+001
  0.135471229066320E-005  0.147008763615381E+002  0.642782311393845E+001
  0.137218438155953E-005  0.146630142895155E+002  0.756685841038083E+001
  0.137240167453843E-005  0.146626976035382E+002  0.643318628486679E+001
  0.138373023107713E-005  0.146462562709393E+002  0.643551158165354E+001
  0.137659406032964E-005  0.146442134148852E+002  0.643580117203363E+001
  0.137158824048601E-005  0.146391154908641E+002  0.756347550934824E+001
  0.138039257754914E-005  0.146263183564595E+002  0.756165568467748E+001
  0.138191723708735E-005  0.146116494529169E+002  0.644043759636327E+001
  0.138561334355451E-005  0.146063073494685E+002  0.755879812724450E+001
  0.139123529090994E-005  0.145982090253942E+002  0.755763753026503E+001
  0.139522663634427E-005  0.145924793965411E+002  0.644318506257143E+001
  0.140206509647120E-005  0.145700022346300E+002  0.644642387277105E+001
  0.140837751798950E-005  0.145610179812589E+002  0.644772375743797E+001
  0.143127234810719E-005  0.145287670668043E+002  0.754758460696562E+001
  0.143230014163092E-005  0.145273313866230E+002  0.754737481943973E+001
  0.143100509838285E-005  0.145161955162278E+002  0.754574486135323E+001
  0.143079211015006E-005  0.145035481857852E+002  0.645611225347261E+001
  0.146945836562230E-005  0.144372718366983E+002  0.646594975426582E+001
  0.147842516990571E-005  0.143992978815741E+002  0.752833117658231E+001
  0.147837991896595E-005  0.143864973169063E+002  0.647361065569105E+001
  0.149011995626572E-005  0.143450363692178E+002  0.647995001185285E+001
  0.149211655985357E-005  0.143295787776629E+002  0.648233333551109E+001
  0.148673433881084E-005  0.143240264339634E+002  0.648319210480959E+001
  0.148044352763648E-005  0.143197273817483E+002  0.751614198838762E+001
  0.149161283849860E-005  0.142919152800133E+002  0.751181306733917E+001
  0.148420247921655E-005  0.142890964828685E+002  0.751137227961239E+001
  0.149748424991847E-005  0.142712785700485E+002  0.750857717438434E+001
  0.148083913114491E-005  0.142552939893568E+002  0.649394347213568E+001
  0.147232952309319E-005  0.142541216371115E+002  0.750587116248591E+001
  0.147773364642948E-005  0.142340957056011E+002  0.750269422514405E+001
  0.147385448502285E-005  0.142266543030131E+002  0.649849141624585E+001
  0.147098677580299E-005  0.142178510798566E+002  0.649989766659807E+001
  0.147476225011364E-005  0.142127244022683E+002  0.650071844069710E+001
  0.148221895138832E-005  0.142026374702622E+002  0.749766270338348E+001
  0.148135326847503E-005  0.141909441213099E+002  0.650422058281269E+001
  0.151718702097147E-005  0.141431402500742E+002  0.748800472447393E+001
  0.153780836663658E-005  0.141031946449602E+002  0.651858820715459E+001
  0.155305411189778E-005  0.140705193704130E+002  0.652404908828422E+001
  0.155787730038394E-005  0.140643177648981E+002  0.652509262641995E+001
  0.156324143811398E-005  0.140574431235134E+002  0.652625210200029E+001
  0.156087399575253E-005  0.140473595072345E+002  0.652795795499286E+001
  0.155534456602026E-005  0.140413423283735E+002  0.747102117111311E+001
  0.155408475061731E-005  0.140298481661105E+002  0.746906489708214E+001
  0.155365378124426E-005  0.140172880698254E+002  0.653308216754008E+001
  0.155520528779560E-005  0.140152918305033E+002  0.653342432127518E+001
  0.155918028572506E-005  0.140101864895054E+002  0.746569948402147E+001
  0.156623387601680E-005  0.140011590750224E+002  0.746414612257411E+001
  0.157467326487882E-005  0.139770333640147E+002  0.745996903084811E+001
  0.156179116226452E-005  0.139667952149587E+002  0.745818490316726E+001
  0.156182953828220E-005  0.139534569865282E+002  0.654414992712350E+001
  0.156431618625116E-005  0.139502752429851E+002  0.745529134625493E+001
  0.155454913875233E-005  0.139494237189789E+002  0.745514169896157E+001
  0.155812144804714E-005  0.139448330489884E+002  0.654566591704435E+001
  0.154878289384149E-005  0.139433879905521E+002  0.745407956305624E+001
  0.157146708968127E-005  0.138874614651660E+002  0.655588289210664E+001
  0.157291957265280E-005  0.138856137495625E+002  0.744378414913898E+001
  0.158508571515065E-005  0.138702037656292E+002  0.655900252427290E+001
  0.158672177199086E-005  0.138681405168451E+002  0.744062302912151E+001
  0.158691969987613E-005  0.138542391219966E+002  0.743809180615078E+001
  0.159156636311663E-005  0.137943341296820E+002  0.742701244928706E+001
  0.159515606085199E-005  0.137898283098759E+002  0.742616745614505E+001
  0.158661744393058E-005  0.137870946832804E+002  0.742565399143184E+001
  0.158679538748937E-005  0.137600243496313E+002  0.657946454722817E+001
  0.158908858598693E-005  0.137571360842976E+002  0.741998564806981E+001
  0.159160686060145E-005  0.137405010708409E+002  0.741680492131397E+001
  0.158207629525973E-005  0.137390450360637E+002  0.741652536161342E+001
  0.160197645153128E-005  0.137140449283741E+002  0.658830428756561E+001
  0.160197478644819E-005  0.137004876331904E+002  0.740905279904613E+001
  0.160575257645351E-005  0.136957767692989E+002  0.740813043770935E+001
  0.160934473572277E-005  0.136913076532316E+002  0.659274652166733E+001
  0.161018994927318E-005  0.136765117881624E+002  0.740433656426668E+001
  0.160971996946250E-005  0.136633498717761E+002  0.659827602687769E+001
  0.162999608214814E-005  0.136109174243235E+002  0.660885685613989E+001
  0.162951726817017E-005  0.135978530837152E+002  0.661153807845370E+001
  0.162856521414486E-005  0.135853700055695E+002  0.661411741165462E+001
  0.163005009290355E-005  0.135698953639743E+002  0.661733901514149E+001
  0.160000272390148E-005  0.135530488482113E+002  0.737912265404590E+001
  0.160094807877913E-005  0.135384895292857E+002  0.662396210858118E+001
  0.157817319205231E-005  0.135272771643666E+002  0.662635509183764E+001
  0.157971450445840E-005  0.135253248308113E+002  0.737322666574992E+001
  0.157487161358005E-005  0.135181765125006E+002  0.662830871264302E+001
  0.156541068716506E-005  0.135169385156392E+002  0.737142473477041E+001
  0.155417156776028E-005  0.135048591814677E+002  0.663118617144712E+001
  0.156749713105615E-005  0.134745827865239E+002  0.736218699167810E+001
  0.156791806254059E-005  0.134740457839760E+002  0.736206835892295E+001
  0.154454123458367E-005  0.134644839970215E+002  0.664005054435317E+001
  0.154681219710887E-005  0.134484307251475E+002  0.664363629937856E+001
  0.155056540258864E-005  0.134435837767908E+002  0.735527394413823E+001
  0.154232509958307E-005  0.134410395238085E+002  0.664529942922746E+001
  0.154675626523993E-005  0.134353016772803E+002  0.735340407391801E+001
  0.154769910699020E-005  0.134340829273989E+002  0.664687192198747E+001
  0.153784976122774E-005  0.134334733493777E+002  0.664701004688882E+001
  0.154440614018032E-005  0.134249647906455E+002  0.735105631684999E+001
  0.156743678779191E-005  0.133953603810985E+002  0.734424385553378E+001
  0.156428809477154E-005  0.133858226810607E+002  0.665797982505894E+001
  0.156705131995526E-005  0.133822929124410E+002  0.665880645216013E+001
  0.156880788370501E-005  0.133800522966232E+002  0.734066778326798E+001
  0.156175653418070E-005  0.133753162379074E+002  0.733955377948446E+001
  0.153495073098538E-005  0.133689849508615E+002  0.666194118376407E+001
  0.152493790768976E-005  0.133685147578601E+002  0.666205247100384E+001
  0.152265431372765E-005  0.133579526279083E+002  0.666456208985517E+001
  0.151200513102530E-005  0.133449619889051E+002  0.733232527638116E+001
  0.150641570554048E-005  0.133389010187500E+002  0.666913698590353E+001
  0.152100085491312E-005  0.133196301164159E+002  0.667382981478444E+001
  0.152374440865098E-005  0.133160258024351E+002  0.667471504878551E+001
  0.151395798726358E-005  0.133152605267061E+002  0.667490331381268E+001
  0.151502130641340E-005  0.133138563319720E+002  0.667524904278430E+001
  0.150868453188988E-005  0.132948414478528E+002  0.732003250265161E+001
  0.149224872777540E-005  0.132626919124598E+002  0.668810758731485E+001
  0.147597662633129E-005  0.132447520932135E+002  0.730725641736367E+001
  0.145964953171257E-005  0.132147085932084E+002  0.729933183260447E+001
  0.145196588613925E-005  0.132123194409973E+002  0.729869262069319E+001
  0.144794367041766E-005  0.132049224723272E+002  0.729670484773484E+001
  0.145533880059952E-005  0.131947338031239E+002  0.670605514191123E+001
  0.144601949398355E-005  0.131945526834837E+002  0.670610443954630E+001
  0.144019613692936E-005  0.131895939103383E+002  0.670745735908909E+001
  0.143099099142920E-005  0.131764437297981E+002  0.671107584409626E+001
  0.143505514760221E-005  0.131707715825960E+002  0.671265069286257E+001
  0.141855279769631E-005  0.131679293585221E+002  0.728655692010583E+001
  0.141661340113056E-005  0.131577205315283E+002  0.728369253804344E+001
  0.141370804119914E-005  0.131488815533825E+002  0.728118893939520E+001
  0.138943035122986E-005  0.131449395975972E+002  0.671993481702905E+001
  0.136920194543210E-005  0.131361747983731E+002  0.727755024560734E+001
  0.136307458318849E-005  0.131325268148556E+002  0.672350323424333E+001
  0.135457027143629E-005  0.131324256962925E+002  0.727646750713926E+001
  0.134624901705763E-005  0.131321314415563E+002  0.672361765297687E+001
  0.133053199554210E-005  0.131304605980427E+002  0.727589829065045E+001
  0.133324964689401E-005  0.131263797045468E+002  0.727471243842333E+001
  0.132721249577522E-005  0.131228382274836E+002  0.727367916890837E+001
  0.131981760468190E-005  0.131213945415197E+002  0.672674316524529E+001
  0.131312116344646E-005  0.131189495588607E+002  0.672745991026141E+001
  0.131401652208375E-005  0.131175863129572E+002  0.727213963542666E+001
  0.131563718821994E-005  0.131151210965905E+002  0.727141397633776E+001
  0.131761318295918E-005  0.131121194904663E+002  0.672947220185051E+001
  0.129816578891303E-005  0.130909004569685E+002  0.726417843252612E+001
  0.129398647334597E-005  0.130847313063851E+002  0.726230360294632E+001
  0.128179656002631E-005  0.130785039145322E+002  0.726039738366994E+001
  0.126929768400639E-005  0.130731014161863E+002  0.725873228960995E+001
  0.127117812941335E-005  0.130701406389327E+002  0.674218480780559E+001
  0.126912823800326E-005  0.130608291997289E+002  0.725490948011723E+001
  0.126921802553227E-005  0.130606877099246E+002  0.725486507152794E+001
  0.126325187082040E-005  0.130574928450539E+002  0.674613975044204E+001
  0.126689274774340E-005  0.130517368429513E+002  0.725203981028642E+001
  0.126107950894828E-005  0.130482366674036E+002  0.674907364052063E+001
  0.125427477559126E-005  0.130463593516354E+002  0.674967287929857E+001
  0.124020362165128E-005  0.130436064785995E+002  0.675055419892705E+001
  0.123382921083449E-005  0.130412942684723E+002  0.724870314443644E+001
  0.122615530164900E-005  0.130411539502342E+002  0.724865800436437E+001
  0.120073687556565E-005  0.130330474890938E+002  0.675396388608172E+001
  0.118142464663732E-005  0.130285521502212E+002  0.724457006180724E+001
  0.117130140102408E-005  0.130213728013975E+002  0.724221027913901E+001
  0.117088455023244E-005  0.130099266096740E+002  0.723839972450664E+001
  0.117117518376647E-005  0.130094302371327E+002  0.676176690188341E+001
  0.116523397451733E-005  0.130073693269541E+002  0.676245997514174E+001
  0.116711234024769E-005  0.130041479080344E+002  0.676354739083170E+001
  0.114794788430307E-005  0.130005630564776E+002  0.676476339542194E+001
  0.114213978483916E-005  0.129985497496015E+002  0.676544908647964E+001
  0.113541886737894E-005  0.129981954140059E+002  0.676556997347194E+001
  0.113056741638950E-005  0.129946012896705E+002  0.676679970530832E+001
  0.113062907471001E-005  0.129944922176447E+002  0.676683712576795E+001
  0.113118560806374E-005  0.129935079931294E+002  0.676717506577322E+001
  0.112511539324244E-005  0.129919616443726E+002  0.676770700786158E+001
  0.111931642176209E-005  0.129899887950331E+002  0.676838743923894E+001
  0.110456978769867E-005  0.129798149867005E+002  0.722807141199432E+001
  0.109859809436478E-005  0.129784989334262E+002  0.677239068462560E+001
  0.109327468876184E-005  0.129760556679930E+002  0.722674893158709E+001
  0.109422463894160E-005  0.129743186155927E+002  0.722613524623958E+001
  0.109458044650886E-005  0.129736683839704E+002  0.722590509629548E+001
  0.108825616478664E-005  0.129729497921743E+002  0.722565047716523E+001
  0.108909443583538E-005  0.129714098085081E+002  0.677489615627827E+001
  0.108310134292987E-005  0.129700619047651E+002  0.722462429935211E+001
  0.107973219645682E-005  0.129639089554887E+002  0.722242213013815E+001
  0.107332600753336E-005  0.129511188809606E+002  0.721777325834617E+001
  0.106701989077762E-005  0.129505964131341E+002  0.721758124275420E+001
  0.106186135009193E-005  0.129479811921787E+002  0.721661754740925E+001
  0.104628809829480E-005  0.129408321198989E+002  0.721396100177562E+001
  0.104071035835219E-005  0.129393645066111E+002  0.721341155581360E+001
  0.103049729156778E-005  0.129348458331303E+002  0.721171089815560E+001
  0.102703585223606E-005  0.129294905103444E+002  0.679032250299066E+001
  0.102273691968524E-005  0.129257949846789E+002  0.679173726054421E+001
  0.102338341723541E-005  0.129245311341419E+002  0.679222331083661E+001
  0.101811980273850E-005  0.129226862780575E+002  0.679293485183111E+001
  0.101202131087260E-005  0.129225441195147E+002  0.720701021766896E+001
  0.100590415381073E-005  0.129225116998048E+002  0.679300231144825E+001
  0.100075255603788E-005  0.129206226468261E+002  0.679373368042944E+001
  0.999363618654445E-006  0.129112422685367E+002  0.679740450631152E+001
  0.994212990875339E-006  0.129094186460296E+002  0.679812589452398E+001
  0.988345687701647E-006  0.129090984285720E+002  0.720174716768402E+001
  0.982907523270468E-006  0.129079753027988E+002  0.679869868469180E+001
  0.983203796109672E-006  0.129073725437617E+002  0.720106162761419E+001
  0.977368953590266E-006  0.129070444880655E+002  0.679906894419357E+001
  0.979089368053838E-006  0.129035270813557E+002  0.719952569787853E+001
  0.973868901692162E-006  0.129019118035520E+002  0.719887699632013E+001
  0.968639984691278E-006  0.129003714458081E+002  0.719825640576358E+001
  0.963937800498960E-006  0.128977961942675E+002  0.719721450803581E+001
  0.960022011347857E-006  0.128936295781958E+002  0.680448298383943E+001
  0.960753555528909E-006  0.128921061431230E+002  0.680510732698053E+001
  0.950549325529880E-006  0.128887702221647E+002  0.680648150826508E+001
  0.950813157073057E-006  0.128882151853481E+002  0.719328890488775E+001
  0.929456481507503E-006  0.128845681404600E+002  0.719177349548519E+001
  0.923866825326783E-006  0.128844741562991E+002  0.680826571484252E+001
  0.919301981400376E-006  0.128822225973795E+002  0.680920747740617E+001
  0.911154334739234E-006  0.128757846180049E+002  0.718807368231039E+001
  0.906192270856399E-006  0.128746215737778E+002  0.681242168861660E+001
  0.898577776054054E-006  0.128674013736066E+002  0.681552672043341E+001
  0.893807200873703E-006  0.128660356687812E+002  0.718388006444962E+001
  0.884206818863133E-006  0.128636814860360E+002  0.718285297061508E+001
  0.874293531630745E-006  0.128624213319132E+002  0.718230080691843E+001
  0.864796929776981E-006  0.128605953200426E+002  0.681850228016908E+001
  0.857576252289301E-006  0.128538348710193E+002  0.682150700164966E+001
  0.853142457160608E-006  0.128524717486532E+002  0.682211899797474E+001
  0.844035104924455E-006  0.128505445761797E+002  0.717701215575704E+001
  0.839240436428392E-006  0.128502764292119E+002  0.682310907380280E+001
  0.834402325008021E-006  0.128501776891719E+002  0.682315373522602E+001
  0.831686508063841E-006  0.128450360755530E+002  0.682549514853310E+001
  0.822190679704308E-006  0.128332190661811E+002  0.683099934412558E+001
  0.817598304065448E-006  0.128328940436177E+002  0.683115327046153E+001
  0.818300418255517E-006  0.128311772766233E+002  0.683196864769713E+001
  0.819862959333866E-006  0.128273619268881E+002  0.716620493193374E+001
  0.815914938662222E-006  0.128253542779328E+002  0.716523575752919E+001
  0.816498164311043E-006  0.128239251649893E+002  0.683545761185856E+001
  0.816819584290206E-006  0.128231380064989E+002  0.683584077200220E+001
  0.812510525428871E-006  0.128219173120805E+002  0.716356326308154E+001
  0.799388406363286E-006  0.128192896387898E+002  0.716227295924880E+001
  0.791682905930742E-006  0.128154055686077E+002  0.683965330663142E+001
  0.791719850128850E-006  0.128153122399888E+002  0.683969987680851E+001
  0.787218655686131E-006  0.128150535201849E+002  0.716017095344219E+001
  0.779542039594922E-006  0.128113962956224E+002  0.684166624366046E+001
  0.776644226061596E-006  0.128072505693344E+002  0.684377496298446E+001
  0.768061431921690E-006  0.128063542136547E+002  0.684423464672220E+001
  0.764279858955173E-006  0.128046981838308E+002  0.715491249307250E+001
  0.749665140366126E-006  0.127975967122955E+002  0.684879932187890E+001
  0.745479146482528E-006  0.127974641692810E+002  0.684886946641409E+001
  0.741456113037881E-006  0.127969550705987E+002  0.715086080469357E+001
  0.742091056217608E-006  0.127952431109613E+002  0.714995022124293E+001
  0.735838850725635E-006  0.127894372156123E+002  0.685317995506411E+001
  0.731767756549736E-006  0.127892016421211E+002  0.685330837162135E+001
  0.724100837784100E-006  0.127876675911174E+002  0.714585261628020E+001
  0.724224604769568E-006  0.127873257701919E+002  0.714566500721763E+001
  0.724999102378047E-006  0.127851880803973E+002  0.714448620681774E+001
  0.722287227489655E-006  0.127812871080965E+002  0.714230990265065E+001
  0.719518001200024E-006  0.127775737393372E+002  0.714020688068332E+001
  0.719887012012187E-006  0.127765482855785E+002  0.713962054572865E+001
  0.715890170888800E-006  0.127762219548674E+002  0.686056656112760E+001
  0.716045054220687E-006  0.127757893002898E+002  0.713918498174504E+001
  0.709135808350543E-006  0.127721926064918E+002  0.713710210842905E+001
  0.705087622883613E-006  0.127721812060260E+002  0.713709545601938E+001
  0.697829988236646E-006  0.127700169736477E+002  0.713582667956126E+001
  0.690458523796317E-006  0.127685286545491E+002  0.686505276651649E+001
  0.682995855810482E-006  0.127676637684550E+002  0.686556646977110E+001
  0.679180196398909E-006  0.127676007622152E+002  0.686560396936132E+001
  0.675865554943428E-006  0.127661177353454E+002  0.713351033200565E+001
  0.664911029808831E-006  0.127651853609111E+002  0.713295047515062E+001
  0.661444507064639E-006  0.127644975737222E+002  0.686746403170253E+001
  0.658955126473389E-006  0.127608967869605E+002  0.713034437851582E+001
  0.652537223060764E-006  0.127582488449389E+002  0.712870892077562E+001
  0.649184133728285E-006  0.127574720617733E+002  0.687177480364321E+001
  0.646091903035880E-006  0.127559409753980E+002  0.687273363696291E+001
  0.646284025863632E-006  0.127553463408962E+002  0.712689202354914E+001
  0.646983532837831E-006  0.127531828070236E+002  0.687447940320102E+001
  0.647196555071822E-006  0.127525244064257E+002  0.687489973571128E+001
  0.643711898110779E-006  0.127520543311611E+002  0.712479929520145E+001
  0.637166929917523E-006  0.127500213550247E+002  0.712348922180078E+001
  0.633627994242906E-006  0.127499561544669E+002  0.712344697570906E+001
  0.626940712068964E-006  0.127488296418682E+002  0.687728523399397E+001
  0.623594728745471E-006  0.127483901394738E+002  0.687757208891431E+001
  0.610924564416956E-006  0.127452438357710E+002  0.687964558661866E+001
  0.599195689003551E-006  0.127405343654312E+002  0.711718220669537E+001
  0.596379449489668E-006  0.127391748939404E+002  0.688374960590401E+001
  0.593673628176220E-006  0.127374880043797E+002  0.711508367302860E+001
  0.593684734003179E-006  0.127374505908159E+002  0.688494233781470E+001
  0.584961277125920E-006  0.127347104233933E+002  0.711313637275400E+001
  0.582401508417071E-006  0.127327576675363E+002  0.688825297362875E+001
  0.579454999274595E-006  0.127321779442885E+002  0.711133122734956E+001
  0.576526685208418E-006  0.127315868148450E+002  0.688909435779816E+001
  0.554091581905631E-006  0.127267471312644E+002  0.689264213070616E+001
  0.554446985117017E-006  0.127254647104840E+002  0.710639795474747E+001
  0.551751224721585E-006  0.127248229346018E+002  0.710591430797252E+001
  0.549120795593758E-006  0.127239909391025E+002  0.689471599668798E+001
  0.549287806002576E-006  0.127233827486355E+002  0.710482085135448E+001
  0.546579408519045E-006  0.127228247408677E+002  0.710439410728503E+001
  0.546670623293029E-006  0.127224910028516E+002  0.689586195914436E+001
  0.541093386904179E-006  0.127220575768350E+002  0.710380454417127E+001
  0.538381228177886E-006  0.127216636312995E+002  0.710350049325935E+001
  0.538472234317561E-006  0.127213255866424E+002  0.689676112670229E+001
  0.535874908944120E-006  0.127204972330963E+002  0.689740502745060E+001
  0.533110196447021E-006  0.127203437306165E+002  0.689752479326374E+001
  0.533334491821375E-006  0.127195024478753E+002  0.710181631871686E+001
  0.533344669679421E-006  0.127194642813547E+002  0.710178632577000E+001
  0.530766841323175E-006  0.127185442643433E+002  0.689893935784920E+001
  0.525235849372357E-006  0.127183309109705E+002  0.689910839057543E+001
  0.525313568106309E-006  0.127180349944422E+002  0.689934330520150E+001
  0.522686354758335E-006  0.127174524435894E+002  0.710019262483486E+001
  0.517351703468079E-006  0.127168055436280E+002  0.709967476148694E+001
  0.514886591329140E-006  0.127158039400730E+002  0.690113240415244E+001
  0.514995998246508E-006  0.127153790104008E+002  0.690147684149838E+001
  0.512502837585605E-006  0.127144746709190E+002  0.709778608512485E+001
  0.512544246485229E-006  0.127143130826357E+002  0.690234620171893E+001
  0.509972749821597E-006  0.127137058893306E+002  0.709715509965975E+001
  0.507526341212053E-006  0.127126565556466E+002  0.690371282535838E+001
  0.507531888975567E-006  0.127126346937934E+002  0.690373099094752E+001
  0.504832352749170E-006  0.127125770974232E+002  0.690377886570656E+001
  0.499676505992193E-006  0.127117175159615E+002  0.690449621132725E+001
  0.497283372575306E-006  0.127106525665275E+002  0.709460751419102E+001
  0.497317804147465E-006  0.127105140926428E+002  0.690550965171062E+001
  0.494674610230508E-006  0.127104483530716E+002  0.709443467365568E+001
  0.492248787990398E-006  0.127095563428180E+002  0.690632403751293E+001
  0.492360330639363E-006  0.127091031979209E+002  0.709328817054879E+001
  0.490459898169030E-006  0.127060561189799E+002  0.690936253460192E+001
  0.490511615202363E-006  0.127058452381024E+002  0.709045114257648E+001
  0.490656733860124E-006  0.127052536223661E+002  0.691007363748276E+001
  0.485422306323194E-006  0.127049653182308E+002  0.708966951552193E+001
  0.485664985106515E-006  0.127039657014487E+002  0.708877321290111E+001
  0.483428454326982E-006  0.127022979433269E+002  0.708725733223809E+001
  0.483505589252907E-006  0.127019788525819E+002  0.691303571129420E+001
  0.480960294797425E-006  0.127015762316767E+002  0.708659311846369E+001
  0.478395756722166E-006  0.127013100734088E+002  0.691365312488339E+001
  0.475790888485110E-006  0.127012709120152E+002  0.708631058463153E+001
  0.473360770991973E-006  0.127005532218253E+002  0.708564278480442E+001
  0.470780569194913E-006  0.127005257392674E+002  0.691438289084655E+001
  0.465762126033679E-006  0.127001017142113E+002  0.691478001777274E+001
  0.461181315036603E-006  0.126981299114677E+002  0.708334840689442E+001
  0.458708753603766E-006  0.126980413542303E+002  0.691673663606452E+001
  0.458713131456756E-006  0.126980222665976E+002  0.691675497761054E+001
  0.454109095851002E-006  0.126964580427979E+002  0.691827204918349E+001
  0.449251544116214E-006  0.126963452218890E+002  0.691838255946648E+001
  0.449273038398217E-006  0.126962495348820E+002  0.691847640416345E+001
  0.447001239363994E-006  0.126955482779893E+002  0.708083251558190E+001
  0.442414728175365E-006  0.126945536978739E+002  0.707984211142517E+001
  0.438028612305338E-006  0.126929751304188E+002  0.707824443727201E+001
  0.435835051335858E-006  0.126922920121323E+002  0.692245715353327E+001
  0.431449402717393E-006  0.126911286429999E+002  0.707633317743277E+001
  0.429253397830629E-006  0.126906676092647E+002  0.692415154201072E+001
  0.426980891180365E-006  0.126906172264965E+002  0.692420470109276E+001
  0.424756871264358E-006  0.126903951810961E+002  0.707556057220786E+001
  0.422515820154271E-006  0.126903085838848E+002  0.692453116856233E+001
  0.420448339843933E-006  0.126894524369325E+002  0.707455575769984E+001
  0.418218569054866E-006  0.126894206038002E+002  0.692547840779317E+001
  0.414046836833217E-006  0.126881939843225E+002  0.707319295450109E+001
  0.409772252318843E-006  0.126877849189852E+002  0.692725552849440E+001
  0.407619573505773E-006  0.126877652080987E+002  0.707272279142606E+001
  0.405520130015808E-006  0.126875387074473E+002  0.707247319703566E+001
  0.401294154532803E-006  0.126874374893528E+002  0.707236138053855E+001
  0.399198603489340E-006  0.126874101069432E+002  0.692766889875086E+001
  0.397110079252839E-006  0.126874024475513E+002  0.707232262927475E+001
  0.397119756950609E-006  0.126873537075150E+002  0.692773130484506E+001
  0.397152239818677E-006  0.126871901219009E+002  0.707208738170543E+001
  0.397202086492983E-006  0.126869391171655E+002  0.692819171465994E+001
  0.397212613976765E-006  0.126868861096681E+002  0.692825079342666E+001
  0.393119621913315E-006  0.126862110152265E+002  0.692900751072652E+001
  0.389056202255843E-006  0.126857144888649E+002  0.707043074126679E+001
  0.387045067073208E-006  0.126854697311133E+002  0.707015217797857E+001
  0.387107205298171E-006  0.126851486664995E+002  0.693021491751870E+001
  0.385135485586131E-006  0.126846949504430E+002  0.693073700000809E+001
  0.381135072310594E-006  0.126843008544243E+002  0.706880630643250E+001
  0.379237287488001E-006  0.126836742205042E+002  0.693192616965617E+001
  0.377306244892167E-006  0.126832739543783E+002  0.693239819678794E+001
  0.375399086383686E-006  0.126827988257744E+002  0.693296282209914E+001
  0.375486860241881E-006  0.126823312508571E+002  0.693352315264585E+001
  0.373575984048146E-006  0.126818686711700E+002  0.693408218386356E+001
  0.371607720050333E-006  0.126817672589710E+002  0.706579462388643E+001
  0.369677609324899E-006  0.126815155314646E+002  0.706548783193340E+001
  0.367746251599457E-006  0.126813251055738E+002  0.706525479284167E+001
  0.365812255762283E-006  0.126812042681053E+002  0.693489351803512E+001
  0.365815108003480E-006  0.126811886741494E+002  0.706508731797295E+001
  0.363953493051814E-006  0.126806686743430E+002  0.693555499249840E+001
  0.362009415952503E-006  0.126806565295137E+002  0.693557007047034E+001
  0.358257286555023E-006  0.126801035844849E+002  0.706373966280573E+001
  0.356520104076151E-006  0.126791584417719E+002  0.693745783997569E+001
  0.354676113775654E-006  0.126788629772623E+002  0.693783692849466E+001
  0.352844202591802E-006  0.126785531060851E+002  0.693823700079646E+001
  0.352847996651071E-006  0.126785316006227E+002  0.706173513745532E+001
  0.351017277777563E-006  0.126782115405735E+002  0.693868101771256E+001
  0.351038854723793E-006  0.126780886048410E+002  0.693884161650635E+001
  0.349170661774562E-006  0.126779791268892E+002  0.693898499037719E+001
  0.349223931050514E-006  0.126776740313080E+002  0.693938633729697E+001
  0.347388871909223E-006  0.126773709601626E+002  0.693978766967629E+001
  0.345513548731478E-006  0.126773567522279E+002  0.706019345025383E+001
  0.345515698350678E-006  0.126773443092280E+002  0.706017691063429E+001
  0.338162926860616E-006  0.126771199158342E+002  0.694012214407256E+001
  0.338173698390329E-006  0.126770562106950E+002  0.694020731810501E+001
  0.336388122365183E-006  0.126768626027036E+002  0.694046692071141E+001
  0.334626837018170E-006  0.126765801610302E+002  0.694084768084140E+001
  0.332844143311676E-006  0.126764817623479E+002  0.694098090925247E+001
  0.331097456489532E-006  0.126762232246591E+002  0.705866759789231E+001
  0.324249417894128E-006  0.126752403138280E+002  0.694268838416616E+001
  0.322535415771589E-006  0.126752303721779E+002  0.705729773682672E+001
  0.320847725675557E-006  0.126751128893511E+002  0.694286653000933E+001
  0.319150722449892E-006  0.126751091056275E+002  0.705712817166160E+001
  0.317498822583787E-006  0.126748777320480E+002  0.705680324132191E+001
  0.315843044426674E-006  0.126747250567635E+002  0.694341219054276E+001
  0.314210049925024E-006  0.126744823208508E+002  0.705624359904140E+001
  0.312568052447812E-006  0.126743512119235E+002  0.705605680159238E+001
  0.310915122769255E-006  0.126743456184873E+002  0.705604881849752E+001
  0.307654399737295E-006  0.126742671670123E+002  0.705593673049951E+001
  0.306145109816436E-006  0.126735487919357E+002  0.705489970679987E+001
  0.304565273650269E-006  0.126733422318809E+002  0.694540212277070E+001
  0.304583577640974E-006  0.126732220380027E+002  0.705442147717062E+001
  0.303009226966848E-006  0.126729764683802E+002  0.694594071737582E+001
  0.301447971283355E-006  0.126726980079807E+002  0.705364561840363E+001
  0.299856098904573E-006  0.126726773951055E+002  0.694638512973174E+001
  0.299860283982438E-006  0.126726494813917E+002  0.694642679662669E+001
  0.299862669853643E-006  0.126726335682359E+002  0.705354943524208E+001
  0.298261930666814E-006  0.126726147625143E+002  0.694647866687674E+001
  0.296718532829305E-006  0.126722670239813E+002  0.694700099119786E+001
  0.295143377545448E-006  0.126721885870853E+002  0.694711952127057E+001
  0.292039965653539E-006  0.126719392133845E+002  0.694749814061850E+001
  0.292093472885025E-006  0.126715728092165E+002  0.705194054843411E+001
  0.292117944536269E-006  0.126714052558238E+002  0.705168183461147E+001
  0.290558596225416E-006  0.126713283110157E+002  0.705156259166801E+001
  0.285943669398853E-006  0.126711769012161E+002  0.694867286008765E+001
  0.284457108283026E-006  0.126709349109113E+002  0.705094857056683E+001
  0.284472130566254E-006  0.126708292929735E+002  0.694921754266713E+001
  0.282966271414314E-006  0.126707205690184E+002  0.694938911046079E+001
  0.281517880077037E-006  0.126702601738331E+002  0.695012216012802E+001
  0.281544258812079E-006  0.126700727789916E+002  0.695042363732923E+001
  0.281546444849117E-006  0.126700572501468E+002  0.704955129786891E+001
  0.281549876919053E-006  0.126700328701620E+002  0.704951192101838E+001
  0.280041308998175E-006  0.126698786408707E+002  0.704926209127024E+001
  0.280060312861436E-006  0.126697429236185E+002  0.704904119570285E+001
  0.278546913727401E-006  0.126696209649373E+002  0.704884184155998E+001
  0.277095583404895E-006  0.126691100004413E+002  0.695200238372999E+001
  0.272643724006380E-006  0.126688049454395E+002  0.704748644403742E+001
  0.272658937771798E-006  0.126686933467514E+002  0.695270193896977E+001
  0.271182038399756E-006  0.126686568935545E+002  0.695276363619278E+001
  0.269725434864735E-006  0.126685292642098E+002  0.704701971257429E+001
  0.269746844589191E-006  0.126683705185223E+002  0.704674884020567E+001
  0.269750367405464E-006  0.126683443992676E+002  0.695329587834225E+001
  0.268268936040657E-006  0.126683390798892E+002  0.695330499085261E+001
  0.265362718706750E-006  0.126681454969356E+002  0.704636216783871E+001
  0.263939398149087E-006  0.126679427966250E+002  0.704601106993980E+001
  0.262533342578190E-006  0.126676667271331E+002  0.695447146566940E+001
  0.262581166670167E-006  0.126673024325553E+002  0.704488385350933E+001
  0.262584320928736E-006  0.126672784076820E+002  0.695515898834632E+001
  0.310032504401132E-006  0.116392750755823E+002  0.697061959203038E+001
  0.310040434028163E-006  0.116392239227160E+002  0.697075920805020E+001
  0.308006376036440E-006  0.116391870289457E+002  0.697086032068447E+001
  0.305981868619077E-006  0.116391749345996E+002  0.697089354340988E+001
  0.303977300707060E-006  0.116391192013898E+002  0.697104713310124E+001
  0.303995414728644E-006  0.116390000248469E+002  0.697137832543675E+001
  0.300005943751296E-006  0.116389302337444E+002  0.697157406679810E+001
  0.290441300339673E-006  0.116385794835256E+002  0.697257895619428E+001
  0.290443382178096E-006  0.116385651478856E+002  0.697262081190039E+001
  0.288574280390756E-006  0.116385323901258E+002  0.697271669559195E+001
  0.284881443430578E-006  0.116384844166031E+002  0.697285772788083E+001
  0.279508298854797E-006  0.116382268280201E+002  0.697362787906685E+001
  0.277745543717805E-006  0.116381815722065E+002  0.697376552206865E+001
  0.275993993724543E-006  0.116381356779650E+002  0.697390584828546E+001
  0.276002694812590E-006  0.116380726262241E+002  0.697409987499730E+001
  0.270833170638606E-006  0.116377914456159E+002  0.697498345391852E+001
  0.269135119002743E-006  0.116377520476301E+002  0.697510976295607E+001
  0.269136121281815E-006  0.116377445994961E+002  0.697513371361312E+001
  0.267433973190218E-006  0.116377352881588E+002  0.697516368818246E+001
  0.267440450995299E-006  0.116376868446005E+002  0.697532022254196E+001
  0.264070144685259E-006  0.116375731151108E+002  0.697569167432691E+001
  0.257519201088515E-006  0.116374969613625E+002  0.697594360589581E+001
  0.252819616463493E-006  0.116371802474675E+002  0.697702096881719E+001
  0.249738572073006E-006  0.116371632563160E+002  0.697708019873871E+001
  0.248222976998192E-006  0.116371052342835E+002  0.697728362342584E+001
  0.246711962263214E-006  0.116370846433412E+002  0.697735625442006E+001
  0.245211620178917E-006  0.116370520251348E+002  0.697747178877817E+001
  0.245215661565233E-006  0.116370190629692E+002  0.697758914650526E+001
  0.237894106322374E-006  0.116368489713922E+002  0.697820477799943E+001
  0.236474556865459E-006  0.116368069693941E+002  0.697835949671688E+001
  0.235062140309450E-006  0.116367763495579E+002  0.697847298886142E+001
  0.229542897580794E-006  0.116366750050529E+002  0.697885296503627E+001
  0.228194045763862E-006  0.116366627301833E+002  0.697889945240944E+001
  0.226852245479753E-006  0.116366581665720E+002  0.697891676185191E+001
  0.226854333942590E-006  0.116366397541183E+002  0.697898674374996E+001
  0.222886443658306E-006  0.116365319805400E+002  0.697940113678646E+001
  0.221584147416835E-006  0.116365217518615E+002  0.697944090038140E+001
  0.210471872720831E-006  0.116362477992225E+002  0.698053608069046E+001
  0.209296185115761E-006  0.116362465291280E+002  0.698054130169386E+001
  0.206974441406491E-006  0.116362101044082E+002  0.701930836566400E+001
  0.203574667661845E-006  0.116360932606036E+002  0.698118197736556E+001
  0.202459140196872E-006  0.116360634799034E+002  0.701869098884042E+001
  0.201349732843338E-006  0.116360336261054E+002  0.698143722929730E+001
  0.201350975082049E-006  0.116360212870289E+002  0.701850951657715E+001
  0.201352853853813E-006  0.116360026254555E+002  0.701842868286605E+001
  0.201353471667340E-006  0.116359964888395E+002  0.701840202417146E+001
  0.201353570527533E-006  0.116359955068830E+002  0.701839775477000E+001
  0.201353732549816E-006  0.116359938975525E+002  0.698160924450432E+001
  0.200216279187666E-006  0.116359925155748E+002  0.701838474289366E+001
  0.197972446464267E-006  0.116359340379857E+002  0.698187150428180E+001
  0.197973027596556E-006  0.116359281671542E+002  0.701810256954045E+001
  0.196854586140246E-006  0.116359276568787E+002  0.698189968564107E+001
  0.195743961849202E-006  0.116359118350049E+002  0.701803024902989E+001
  0.195745214305182E-006  0.116358990381660E+002  0.701797337992297E+001
  0.193542086505884E-006  0.116358093137371E+002  0.698243052427576E+001
  0.192449857509978E-006  0.116357965402917E+002  0.701751121714681E+001
  0.188180457447395E-006  0.116357193422880E+002  0.698284508684429E+001
  0.185079505626927E-006  0.116357093589671E+002  0.701710829372078E+001
  0.185079831822869E-006  0.116357058340425E+002  0.701709180289192E+001
  0.184057670455814E-006  0.116357017142398E+002  0.701707250882745E+001
  0.183041131189597E-006  0.116356978469007E+002  0.698294562274945E+001
  0.180043830005996E-006  0.116356603768047E+002  0.698312230560620E+001
  0.178090666461359E-006  0.116356173127974E+002  0.698332767782003E+001
  0.178091644124179E-006  0.116356063334445E+002  0.698338044433772E+001
  0.177118602028556E-006  0.116356047945025E+002  0.698338785385022E+001
  0.177119428498973E-006  0.116355954621289E+002  0.701656714278066E+001
  0.641712603047387E-005  0.532648854516704E-002  0.699777699719724E+001
  0.641712937926132E-005  0.532544484225392E-002  0.699781488009597E+001
  0.641713045164481E-005  0.532511061698295E-002  0.699782715095976E+001
  0.641713095886713E-005  0.532495253314515E-002  0.699783297911003E+001
