  0.902368339578036E-013  0.597896845214982E+002  0.314070249092113E-001
  0.181224241299514E-012  0.583751889313515E+002  0.993022609321105E+001
  0.256565526012140E-012  0.576599904149360E+002  0.893654996361326E-001
  0.636490211598616E-011  0.512177496764827E+002  0.272174001781657E+000
  0.750392806070332E-011  0.508685934718728E+002  0.282433131674896E+000
  0.147425546686554E-009  0.448928994996664E+002  0.464441156615513E+000
  0.255931549118203E-009  0.437698253532526E+002  0.500126646240038E+000
  0.309493197680597E-009  0.433698725095467E+002  0.512958719714098E+000
  0.464186998974468E-009  0.425392691026395E+002  0.539821594936460E+000
  0.904339562114453E-009  0.411855335897265E+002  0.941575663150801E+001
  0.159881267884650E-008  0.400260096372993E+002  0.937704780563760E+001
  0.212852087453387E-008  0.394337769049034E+002  0.935703182691775E+001
  0.873695383538644E-008  0.365896076749954E+002  0.925843573216462E+001
  0.133854053938313E-007  0.357165002809045E+002  0.922729314937737E+001
  0.215152891599716E-007  0.347474019343254E+002  0.919220871219205E+001
  0.696273582460044E-007  0.323787137481631E+002  0.896006433464026E+000
  0.822999074935382E-007  0.320243882558278E+002  0.909047766054821E+001
  0.138013487631997E-006  0.309705247277655E+002  0.904975088358589E+001
  0.423188958309963E-006  0.287096893212418E+002  0.104047326639381E+001
  0.419534567036142E-006  0.287071343918920E+002  0.895942242281275E+001
  0.506526726288391E-006  0.283103713985216E+002  0.500988462627256E+001
  0.508447849867235E-006  0.282828996077715E+002  0.498318522986729E+001
  0.524346402657204E-006  0.282014191735612E+002  0.893866495199363E+001
  0.583147195651590E-006  0.279689443228982E+002  0.494969065526734E+001
  0.697741071638271E-006  0.275902267767066E+002  0.891327755764597E+001
  0.707907755016676E-006  0.275413946764432E+002  0.507754252276883E+001
  0.881038686339803E-006  0.270839185324545E+002  0.510160292380004E+001
  0.167487281410712E-005  0.257792359253925E+002  0.116400640622537E+001
  0.177012759171838E-005  0.256487064653130E+002  0.516841547597673E+001
  0.190354077191895E-005  0.254834776308975E+002  0.882306092856555E+001
  0.217799442819074E-005  0.251941994687395E+002  0.481110467054406E+001
  0.228938144543041E-005  0.250745443997750E+002  0.880502682314770E+001
  0.227503798542703E-005  0.250672135795872E+002  0.519461745022495E+001
  0.292974239419949E-005  0.245414774179992E+002  0.478162572906685E+001
  0.333441200138681E-005  0.242628130496943E+002  0.476896459683532E+001
  0.332923301585500E-005  0.242460211889887E+002  0.123207519431486E+001
  0.346674403005264E-005  0.241451727638878E+002  0.523639882029896E+001
  0.446107188058835E-005  0.236209256311099E+002  0.873940875854304E+001
  0.598220715229128E-005  0.230142239299025E+002  0.128872253649414E+001
  0.669986121321922E-005  0.227677288224769E+002  0.469976682219047E+001
  0.835578366173976E-005  0.223060938778672E+002  0.532212290917337E+001
  0.839007965401023E-005  0.222780010938260E+002  0.467653611095150E+001
  0.128026087534105E-004  0.214129025427938E+002  0.463471518523319E+001
  0.150306145064206E-004  0.210721216226202E+002  0.861794134255167E+001
  0.154042789350974E-004  0.210031084899122E+002  0.538546818608811E+001
  0.172042651810372E-004  0.207621838182734E+002  0.860254302258704E+001
  0.226539856867135E-004  0.201919262040941E+002  0.457382034272217E+001
  0.233120403163805E-004  0.201147571945464E+002  0.143010959635837E+001
  0.238431456989790E-004  0.200498029226889E+002  0.856657690393702E+001
  0.264446845068158E-004  0.198227854803228E+002  0.144505935638356E+001
  0.478428139891698E-004  0.186171533096695E+002  0.849162302806902E+001
  0.490212930126346E-004  0.185485849954782E+002  0.551205873444382E+001
  0.608156501879122E-004  0.180974995232581E+002  0.553651268173890E+001
  0.673561283885554E-004  0.178733053983326E+002  0.554881980996573E+001
  0.724323553757345E-004  0.177080863263216E+002  0.444204327971275E+001
  0.866078604813790E-004  0.173307107003853E+002  0.842095335615928E+001
  0.968632568390333E-004  0.170869906757448E+002  0.840716496418786E+001
  0.111170965050450E-003  0.167915520511158E+002  0.839026726081613E+001
  0.118920846041872E-003  0.166368736485657E+002  0.561866203502501E+001
  0.135813316909442E-003  0.163513266658685E+002  0.436470034636149E+001
  0.170535229584404E-003  0.158761047491028E+002  0.166344791041459E+001
  0.185346592503495E-003  0.156896327977955E+002  0.432534372564525E+001
  0.204000058981035E-003  0.154779466607724E+002  0.431250379238542E+001
  0.204152442108580E-003  0.154565526049624E+002  0.568880087105580E+001
  0.352295647858246E-003  0.143454444397728E+002  0.424155782811209E+001
  0.355883366331934E-003  0.143052791325694E+002  0.176103293444508E+001
  0.397619495691032E-003  0.140635935658639E+002  0.577673809017172E+001
  0.431218755599540E-003  0.138814528883001E+002  0.578870846146711E+001
  0.429021713852491E-003  0.138717681910924E+002  0.421065174173016E+001
  0.443291240613035E-003  0.137864286306530E+002  0.820499929843264E+001
  0.446411373655245E-003  0.137525001543337E+002  0.820274467490488E+001
  0.501663281926779E-003  0.134992229883446E+002  0.581422160294766E+001
  0.540951719886977E-003  0.133285205446207E+002  0.582579473012421E+001
  0.598163584939634E-003  0.131075514080315E+002  0.815905261036922E+001
  0.599165333176645E-003  0.130843041355298E+002  0.584255307239119E+001
  0.856212103974366E-003  0.123504423635940E+002  0.589443882731170E+001
  0.858978537092505E-003  0.123240900913184E+002  0.810365263689696E+001
  0.885484836743728E-003  0.122434066348553E+002  0.590221140926554E+001
  0.880075913868727E-003  0.122357603003818E+002  0.809723123195603E+001
  0.883476623386602E-003  0.122081463130758E+002  0.190478397637234E+001
  0.984015009192145E-003  0.119726930156322E+002  0.192211985322123E+001
  0.106954833279623E-002  0.117860912153725E+002  0.593605953042464E+001
  0.137109194187596E-002  0.112694485141358E+002  0.197564337724580E+001
  0.143528125826116E-002  0.111580411153197E+002  0.401561868177795E+001
  0.155582690429747E-002  0.109768477601158E+002  0.800124441068961E+001
  0.157896384228750E-002  0.109274237777161E+002  0.200271241221339E+001
  0.158746697864348E-002  0.108967814863621E+002  0.399482650052183E+001
  0.169220939839398E-002  0.107490901031981E+002  0.398287799081740E+001
  0.191781350384309E-002  0.104788879903123E+002  0.396063354447484E+001
  0.192236943715624E-002  0.104542417885932E+002  0.395857885147502E+001
  0.191642684550965E-002  0.104405332725034E+002  0.795743409795098E+001
  0.195900377822961E-002  0.103766853440327E+002  0.395208423123442E+001
  0.194708738195849E-002  0.103689876061711E+002  0.395143719987573E+001
  0.199003062598110E-002  0.103054560987290E+002  0.394608017848196E+001
  0.225226702186737E-002  0.100379809456641E+002  0.792318561493609E+001
  0.228552370448123E-002  0.998876445159531E+001  0.391891079032434E+001
  0.237250486388071E-002  0.989416156751124E+001  0.791063745756501E+001
  0.237586935199703E-002  0.987142668210946E+001  0.209136200967812E+001
  0.238074366140787E-002  0.984742704400688E+001  0.209347749318632E+001
  0.239839488050258E-002  0.981275275797357E+001  0.390345734243230E+001
  0.242553573966124E-002  0.977034667677901E+001  0.210030549818102E+001
  0.501077245025314E-002  0.837604793791057E+001  0.389752443370430E+001
  0.531753087214951E-002  0.817556597098997E+001  0.212052686545376E+001
  0.529271804151880E-002  0.810490960666753E+001  0.387302232279431E+001
  0.559575385118791E-002  0.795395205630519E+001  0.214092214087487E+001
  0.557098828886352E-002  0.792321800250462E+001  0.385621102505810E+001
  0.617099782358527E-002  0.771864184694728E+001  0.216312179228890E+001
  0.724038077807342E-002  0.739901534291409E+001  0.380574493103989E+001
  0.726256482085753E-002  0.735165827073601E+001  0.219897081055186E+001
  0.762250398626918E-002  0.725491452016897E+001  0.220869174005498E+001
  0.876279559459623E-002  0.693398757577571E+001  0.375816914415868E+001
  0.944867560999824E-002  0.665951757083114E+001  0.227136754782458E+001
  0.103324249041651E-001  0.644028732647938E+001  0.229584915588570E+001
  0.106915141305589E-001  0.625311377462332E+001  0.368255449816840E+001
  0.110995586533566E-001  0.613936761959041E+001  0.366908987301009E+001
  0.117301042904071E-001  0.595192864399539E+001  0.235370980042287E+001
  0.119371133939564E-001  0.587884472225964E+001  0.363717940534180E+001
  0.117778698155894E-001  0.586760830863695E+001  0.363576707087745E+001
  0.121161719728146E-001  0.581097079734026E+001  0.237140015383025E+001
  0.130367374293464E-001  0.566451031507398E+001  0.360967539678260E+001
  0.133222018368295E-001  0.562118906215697E+001  0.239603585456146E+001
  0.133336726719202E-001  0.557906232552290E+001  0.240164190394560E+001
  0.133831796431068E-001  0.553124480600860E+001  0.240806959193537E+001
  0.136093746227537E-001  0.549772441037337E+001  0.241261737794694E+001
  0.136443186531246E-001  0.541095171467776E+001  0.357544305832865E+001
  0.136478885202884E-001  0.533041783863730E+001  0.243586411813097E+001
  0.130237651580088E-001  0.530749811216808E+001  0.243912377749001E+001
  0.131208683577324E-001  0.525454534320553E+001  0.244672819162452E+001
  0.134982627593986E-001  0.515973490217155E+001  0.353938856437417E+001
  0.142448118190839E-001  0.501397498248163E+001  0.248268149440867E+001
  0.142472946841685E-001  0.501362641364687E+001  0.248273540115944E+001
  0.143067897696365E-001  0.500529203028942E+001  0.351597399534908E+001
  0.141631149680601E-001  0.498587314760188E+001  0.248704567196827E+001
  0.146452853438944E-001  0.487931306011776E+001  0.349605698125218E+001
  0.148069992800092E-001  0.477890857548542E+001  0.252040870409498E+001
  0.149194566528105E-001  0.476377620860746E+001  0.347706040750347E+001
  0.149713107914935E-001  0.475683705044795E+001  0.252410466791336E+001
  0.161923720973261E-001  0.452001734654100E+001  0.343426399168794E+001
  0.174577475888830E-001  0.432992556223563E+001  0.339770658655331E+001
  0.175826186605174E-001  0.431567096234366E+001  0.260517118518886E+001
  0.176387643342409E-001  0.430929464017721E+001  0.339353472713160E+001
  0.177155887198844E-001  0.430060269704432E+001  0.339176379434205E+001
  0.178608963389454E-001  0.428426511598865E+001  0.338841325619547E+001
  0.179169228790424E-001  0.427800128134270E+001  0.261287903176782E+001
  0.175765687199283E-001  0.427240144020060E+001  0.261403799479446E+001
  0.175773895697241E-001  0.427230803964647E+001  0.261405735481341E+001
  0.167137468384068E-001  0.424115579967661E+001  0.262056968099736E+001
  0.163971110012876E-001  0.423639615709699E+001  0.262157454609170E+001
  0.160951394002564E-001  0.423055941675565E+001  0.262281046447298E+001
  0.162598477587919E-001  0.421019658606796E+001  0.337284566887797E+001
  0.167181074276721E-001  0.415460925011383E+001  0.263927861298725E+001
  0.167361538329356E-001  0.415245150920624E+001  0.336024253011434E+001
  0.167993593319710E-001  0.414491256700311E+001  0.264143557099081E+001
  0.169756917380753E-001  0.407696822751026E+001  0.334307048172617E+001
  0.166962028025279E-001  0.406310944577404E+001  0.333982341054441E+001
  0.163612717980410E-001  0.405657695106320E+001  0.266171794135618E+001
  0.165167630130480E-001  0.399059847833563E+001  0.332230140484318E+001
  0.160723437086013E-001  0.390716432043520E+001  0.330087992671466E+001
  0.157571104495189E-001  0.390183519338849E+001  0.329945962995426E+001
  0.154537327303704E-001  0.389577177303162E+001  0.329783539533649E+001
  0.153735509316289E-001  0.386123008919280E+001  0.271159186332381E+001
  0.148881879919870E-001  0.379347498272923E+001  0.273104194329438E+001
  0.138175443399163E-001  0.377596983015787E+001  0.326369985183053E+001
  0.138737775996038E-001  0.372744153325538E+001  0.324854191668820E+001
  0.136117365842692E-001  0.372517241881873E+001  0.324781046394610E+001
  0.129508569128316E-001  0.370586647365984E+001  0.324149756689408E+001
  0.125395781554932E-001  0.365609377019046E+001  0.277559536042974E+001
  0.123075067585432E-001  0.365607053003783E+001  0.277560364567079E+001
  0.121113806539359E-001  0.365081390664441E+001  0.277748558677405E+001
  0.117328600204978E-001  0.360419856530768E+001  0.279492876974228E+001
  0.116275322005211E-001  0.358619695931462E+001  0.319792410798214E+001
  0.111100760382918E-001  0.357102391607719E+001  0.319169315481398E+001
  0.106358872948149E-001  0.355567446932293E+001  0.318517654852020E+001
  0.107068172263354E-001  0.354238089772539E+001  0.317934152521446E+001
  0.105309487354936E-001  0.354131651525158E+001  0.317886609927664E+001
  0.103868396605369E-001  0.353468531423293E+001  0.282412479052619E+001
  0.102740562311598E-001  0.352233181230043E+001  0.282983675779342E+001
  0.101267915375775E-001  0.351701767729891E+001  0.316764625673725E+001
  0.997621630392353E-002  0.351279010808095E+001  0.283438340565288E+001
  0.999220773352446E-002  0.350958676404346E+001  0.316406194341510E+001
  0.987950656879234E-002  0.349748926763756E+001  0.284194709160476E+001
  0.974698201746841E-002  0.348971551753222E+001  0.315406791306220E+001
  0.962220201189737E-002  0.348070115725589E+001  0.285068615539365E+001
  0.918671806735808E-002  0.347074333897581E+001  0.314387971805059E+001
  0.904184382618333E-002  0.346892037418795E+001  0.285713748252163E+001
  0.889364149752923E-002  0.346835920506395E+001  0.285745207177788E+001
  0.874573119403864E-002  0.346828669870818E+001  0.285749276922382E+001
  0.847517880397095E-002  0.346446179203161E+001  0.314034359891083E+001
  0.847766079794163E-002  0.346387616884477E+001  0.285999062158073E+001
  0.836227593416384E-002  0.345766979516520E+001  0.286358296933074E+001
  0.822699105276587E-002  0.345667613919931E+001  0.286416693590265E+001
  0.779131309769721E-002  0.343430344022697E+001  0.312194666648376E+001
  0.767023612529797E-002  0.343362677187250E+001  0.287849805544854E+001
  0.755666357550421E-002  0.343146135655006E+001  0.312006771455389E+001
  0.734318078079126E-002  0.342527929821570E+001  0.288412452052009E+001
  0.723138587743062E-002  0.342446537537151E+001  0.311531218101150E+001
  0.712321789560555E-002  0.342311091571326E+001  0.288563136118539E+001
  0.712612683330772E-002  0.342229433423589E+001  0.311379601270663E+001
  0.713443685306860E-002  0.341996342477557E+001  0.311214538329453E+001
  0.702800721409276E-002  0.341750263027252E+001  0.288962400680497E+001
  0.692741965814556E-002  0.341381318180965E+001  0.289233130390067E+001
  0.682243925505350E-002  0.341183280050986E+001  0.289381296165838E+001
  0.672072598451986E-002  0.340935353442689E+001  0.310430246659830E+001
  0.661326332452947E-002  0.340907040265659E+001  0.289591492203375E+001
  0.960627696383125E-002  0.259786966205634E+001  0.289612305571585E+001
  0.937887946220596E-002  0.259758743818392E+001  0.289634063605142E+001
  0.937981674514744E-002  0.259738757718465E+001  0.289649499541403E+001
  0.823898608553762E-002  0.257722956760213E+001  0.291346674372740E+001
  0.790302114306018E-002  0.257352370160001E+001  0.291696346658970E+001
  0.790426934296821E-002  0.257320784736509E+001  0.291726833010743E+001
  0.757435576259906E-002  0.257150709692672E+001  0.291892960384288E+001
  0.758766892102384E-002  0.256799485839024E+001  0.292247290172310E+001
  0.742545966531070E-002  0.256725670224605E+001  0.292323838208996E+001
  0.726998116050174E-002  0.256562066964695E+001  0.292496280410150E+001
  0.711651654440352E-002  0.256433354384631E+001  0.292634784022034E+001
  0.653940685549587E-002  0.256316170685181E+001  0.292763186667401E+001
  0.640951517801782E-002  0.256204879976697E+001  0.292887277885709E+001
  0.641131871970494E-002  0.256148610884892E+001  0.292950850377085E+001
  0.627887293792022E-002  0.256112825522688E+001  0.292991580448419E+001
  0.628023823946550E-002  0.256069341504388E+001  0.293041393794862E+001
  0.591693569248042E-002  0.255351405302066E+001  0.293922564596720E+001
  0.547552257451967E-002  0.254849059131887E+001  0.294624343541652E+001
  0.537069666118145E-002  0.254831459236211E+001  0.294650599657218E+001
  0.526922106269580E-002  0.254762859361003E+001  0.294754193482025E+001
  0.526953219219990E-002  0.254751050392839E+001  0.294772233504315E+001
  0.527121293408031E-002  0.254687269630682E+001  0.294870765131241E+001
  0.527288677720747E-002  0.254623770870728E+001  0.294970778372388E+001
  0.516574536667592E-002  0.254605630412292E+001  0.294999717723502E+001
  0.517042131221211E-002  0.254424675673444E+001  0.295298133665969E+001
  0.506641292666068E-002  0.254278217685509E+001  0.295554303292382E+001
  0.506702106986738E-002  0.254254212271051E+001  0.295597712800737E+001
  0.448938715325193E-002  0.253941124608645E+001  0.296209125432529E+001
  0.440396821408408E-002  0.253899547363975E+001  0.296297906798637E+001
  0.432093008022873E-002  0.253822995370881E+001  0.296467201933018E+001
  0.415854482173788E-002  0.253790832169555E+001  0.296540801977213E+001
  0.415902117357429E-002  0.253767923937161E+001  0.296594193305169E+001
  0.407977258298108E-002  0.253732007640938E+001  0.296679629764170E+001
  0.385360166458682E-002  0.253706932694360E+001  0.296740604449021E+001
  0.378288539944033E-002  0.253672737424713E+001  0.303174355847002E+001
  0.378289952509051E-002  0.253671990607281E+001  0.296827526837864E+001
  0.378349580520999E-002  0.253640468060827E+001  0.296908038612593E+001
  0.371129639601704E-002  0.253610280884410E+001  0.303012844237352E+001
  0.364000357450484E-002  0.253605980676108E+001  0.296998595817671E+001
  0.350391325596622E-002  0.253533573831483E+001  0.297198229568342E+001
  0.350456532911558E-002  0.253496357585857E+001  0.302693410035938E+001
  0.343723899936418E-002  0.253492333539654E+001  0.302681431125806E+001
  0.337143292546089E-002  0.253474852013569E+001  0.297371242029952E+001
  0.330687479729126E-002  0.253458091051871E+001  0.297422754750141E+001
  0.324354371965879E-002  0.253441894007634E+001  0.297473532036593E+001
  0.318118744007899E-002  0.253440664199999E+001  0.297477429198621E+001
  0.312002171518180E-002  0.253439961854757E+001  0.302520342421992E+001
  0.306032651683038E-002  0.253420014017952E+001  0.297543791430841E+001
  0.306044615382081E-002  0.253412195593914E+001  0.297569389839854E+001
  0.288807189502383E-002  0.253352732392898E+001  0.297773690377698E+001
  0.283398604949670E-002  0.253324072681156E+001  0.302120825109827E+001
  0.283400646266489E-002  0.253322632088696E+001  0.297884615952808E+001
  0.283432501816869E-002  0.253300152422133E+001  0.302028589411909E+001
  0.277876086459796E-002  0.253299371728348E+001  0.302025508306956E+001
  0.267264718232353E-002  0.253242361272786E+001  0.301786201727843E+001
  0.267268496897548E-002  0.253239533635446E+001  0.301773492152538E+001
  0.252155011920831E-002  0.253227698891895E+001  0.298280721512289E+001
  0.252166964787979E-002  0.253218218545845E+001  0.298325415579465E+001
  0.247317869665822E-002  0.253218000538589E+001  0.301673542609377E+001
  0.247322597851605E-002  0.253214177005260E+001  0.301655164140544E+001
  0.242474509715013E-002  0.253213043219875E+001  0.298350324951396E+001
  0.237724872503446E-002  0.253209034394537E+001  0.301630118572548E+001
  0.233065784404726E-002  0.253207160313028E+001  0.301620895202174E+001
  0.228505228961882E-002  0.253198966110863E+001  0.298420065184324E+001
  0.228511853175781E-002  0.253193168328541E+001  0.301550299811208E+001
  0.219572535335348E-002  0.253173190967507E+001  0.301443534456843E+001
  0.215271079510467E-002  0.253169578740222E+001  0.298576625105064E+001
  0.215279784669807E-002  0.253161491278261E+001  0.298622830184703E+001
  0.210979532109742E-002  0.253156426141433E+001  0.301347425141115E+001
  0.198814447557984E-002  0.253149573874642E+001  0.301306108051523E+001
  0.198818400568188E-002  0.253145597331735E+001  0.301281520017688E+001
  0.198821991298613E-002  0.253141985293825E+001  0.298741230382804E+001
  0.191027769059771E-002  0.253139138989588E+001  0.298759451701310E+001
  0.191030748120745E-002  0.253136020031794E+001  0.301220269132893E+001
  0.183547274798066E-002  0.253127380583821E+001  0.298837749773450E+001
  0.179950642322816E-002  0.253124786858827E+001  0.301144257833362E+001
  0.176422354002082E-002  0.253124610411290E+001  0.301143023546837E+001
  0.176422505956092E-002  0.253124438149736E+001  0.298858182745027E+001
  0.172895316853208E-002  0.253122979439507E+001  0.298868449170346E+001
  0.172901374202909E-002  0.253115972605887E+001  0.298919121680220E+001
  0.172904424516189E-002  0.253112444251774E+001  0.301054440266852E+001
  0.169302807692506E-002  0.253111784265090E+001  0.301049421025812E+001
  0.162394610832128E-002  0.253109171081315E+001  0.298970692684852E+001
  0.162395578192396E-002  0.253107979714950E+001  0.301020005728992E+001
  0.162397834485152E-002  0.253105200972934E+001  0.299002026145170E+001
  0.158943085472434E-002  0.253104541539027E+001  0.299007326401875E+001
  0.152324805061205E-002  0.253098832406912E+001  0.300945544688826E+001
  0.149151746090622E-002  0.253098330275797E+001  0.299058713295145E+001
  0.143064622170398E-002  0.253097348268455E+001  0.300932903287200E+001
  0.137342920238953E-002  0.253096062496742E+001  0.300921811366745E+001
  0.137343332960294E-002  0.253095461489104E+001  0.300916580642194E+001
  0.137343914671442E-002  0.253094614400420E+001  0.299090842887781E+001
  0.134484688236902E-002  0.253091483727897E+001  0.300881178696030E+001
  0.134484939146924E-002  0.253091110585362E+001  0.300877784491646E+001
  0.128883913611327E-002  0.253087209989909E+001  0.300841484454121E+001
  0.121153862494526E-002  0.253082284457107E+001  0.299206723527581E+001
  0.114164606464943E-002  0.253081601435914E+001  0.300786358202476E+001
  0.111969757178793E-002  0.253080486997777E+001  0.300774937553881E+001
  0.109816534929953E-002  0.253080409937800E+001  0.299225858376793E+001
  0.101830908204381E-002  0.253078386258597E+001  0.300752938500500E+001
  0.999803734256249E-003  0.253076513323226E+001  0.300732768326002E+001
  0.981635806111589E-003  0.253074410379692E+001  0.300709438033269E+001
  0.981636550584096E-003  0.253074258699767E+001  0.299292274456970E+001
  0.981642989315904E-003  0.253072946867870E+001  0.300692738142374E+001
  0.981656832990988E-003  0.253070126376588E+001  0.300659362019976E+001
  0.944614242303048E-003  0.253069901229063E+001  0.299343375363703E+001
  0.909632187265870E-003  0.253069097025317E+001  0.300646752389289E+001
  0.892793055012453E-003  0.253067773477598E+001  0.300630168143868E+001
  0.876263910420918E-003  0.253066846784104E+001  0.299381708164661E+001
  0.860052506706864E-003  0.253063194476490E+001  0.300569076332165E+001
  0.828781426993460E-003  0.253062336131543E+001  0.299443120881453E+001
  0.813714675149908E-003  0.253061844220304E+001  0.299450232983125E+001
  0.813715527894844E-003  0.253061634627306E+001  0.300546708592291E+001
  0.813716541521248E-003  0.253061385492139E+001  0.299456949245281E+001
  0.813717556147273E-003  0.253061136111589E+001  0.299460635528238E+001
  0.813723493654474E-003  0.253059676763565E+001  0.300517266338571E+001
  0.797771230824298E-003  0.253058899649424E+001  0.300505104582009E+001
  0.797776015969400E-003  0.253057700024628E+001  0.300485733097522E+001
  0.797777319474701E-003  0.253057373240114E+001  0.300480320819673E+001
  0.781497573134022E-003  0.253057008953426E+001  0.299525785383188E+001
  0.735531659954520E-003  0.253055776562441E+001  0.300452947289473E+001
  0.707244052020590E-003  0.253055190824571E+001  0.299557518993492E+001
  0.693650001633184E-003  0.253053231104216E+001  0.300405504519635E+001
  0.680311620497616E-003  0.253052924781782E+001  0.300399415518593E+001
  0.667229951820030E-003  0.253052550966914E+001  0.300391856757771E+001
  0.630167212850713E-003  0.253050776291226E+001  0.300353775221856E+001
  0.630167761232074E-003  0.253050602248175E+001  0.300349817407778E+001
  0.630169417800116E-003  0.253050076494252E+001  0.299662420148690E+001
  0.189051690753546E-002  0.535767242659214E-002  0.299684862530169E+001
  0.151242680689619E-002  0.534011002149540E-002  0.299733144652037E+001
  0.143680550990766E-002  0.534004967055260E-002  0.299733325638226E+001
  0.143680658450193E-002  0.533855386077089E-002  0.299737851340692E+001
  0.143681372602588E-002  0.532861305693342E-002  0.299770181303117E+001
  0.143681400748208E-002  0.532822127870289E-002  0.299771549155685E+001
  0.143681553415305E-002  0.532609620176416E-002  0.299779116172692E+001
  0.134701680558634E-002  0.532276688959371E-002  0.299791522745381E+001
  0.134701978338128E-002  0.531834557630252E-002  0.299809241869301E+001
  0.134701978553352E-002  0.531834238075101E-002  0.299809255271252E+001
  0.116741759708468E-002  0.531757209531193E-002  0.299812513747590E+001
  0.116741852903965E-002  0.531597548653353E-002  0.299819454934166E+001
  0.116741949962446E-002  0.531431269912588E-002  0.299826979593847E+001
  0.116742163133519E-002  0.531066069779419E-002  0.299844781254951E+001
  0.116742183020562E-002  0.531031999756169E-002  0.299846547276198E+001
  0.116742229486667E-002  0.530952395118778E-002  0.299850755019367E+001
  0.116742283603110E-002  0.530859684142350E-002  0.299855810233994E+001
  0.103771011055556E-002  0.530681797705864E-002  0.299866042896279E+001
  0.103771033015443E-002  0.530639473969828E-002  0.299868594802764E+001
  0.103771049068985E-002  0.530608533656596E-002  0.299870492159121E+001
  0.103771091331308E-002  0.530527080661238E-002  0.299875625432971E+001
  0.103771105759006E-002  0.530499273885290E-002  0.299877427064536E+001
  0.103771136804210E-002  0.530439439890304E-002  0.299881396540572E+001
  0.103771182679526E-002  0.530351023577895E-002  0.299887518358874E+001
  0.103771224691602E-002  0.530270052992517E-002  0.299893432696271E+001
