  0.300010060033724E+001 -0.264783295685475E-002
  0.299966847184546E+001 -0.264814480213406E-002
  0.299993501454087E+001 -0.264781452773591E-002
  0.300004784757920E+001 -0.264780848486404E-002
  0.300039032212851E+001 -0.264827742853022E-002
  0.299990880158681E+001 -0.264782732161313E-002
  0.300024566231876E+001 -0.264798992418905E-002
  0.300038674369919E+001 -0.264826873892034E-002
  0.300038393835920E+001 -0.264826198259167E-002
  0.299960027744746E+001 -0.264830063713959E-002
  0.299998631924840E+001 -0.264780191540185E-002
  0.300015570107894E+001 -0.264787708934885E-002
  0.300030872090731E+001 -0.264809916988820E-002
  0.299994677816107E+001 -0.264781018228055E-002
  0.300001326840020E+001 -0.264780188067517E-002
  0.299998356665256E+001 -0.264780217443916E-002
  0.299958746630767E+001 -0.264833315566546E-002
  0.300011217433508E+001 -0.264784065264716E-002
  0.300030218699983E+001 -0.264808669608918E-002
  0.299965458547403E+001 -0.264817417800112E-002
  0.299987300031620E+001 -0.264785173339167E-002
  0.300027034796800E+001 -0.264802973059207E-002
  0.300015514757774E+001 -0.264787655167667E-002
  0.299983778017475E+001 -0.264788356574178E-002
  0.300009741951247E+001 -0.264783098852194E-002
  0.299963928474720E+001 -0.264820794143523E-002
  0.299980179949852E+001 -0.264792409126374E-002
  0.299979849031516E+001 -0.264792822474605E-002
  0.300010941293306E+001 -0.264783874048618E-002
  0.299981344585531E+001 -0.264791008817034E-002
  0.299958345234697E+001 -0.264834355535270E-002
  0.299976415887503E+001 -0.264797514625585E-002
  0.299961700781069E+001 -0.264825971494588E-002
  0.300022777985729E+001 -0.264796346696568E-002
  0.299993972690506E+001 -0.264781268316133E-002
  0.300030672025984E+001 -0.264809532213576E-002
  0.300009947832876E+001 -0.264783225532346E-002
  0.299981104058421E+001 -0.264791291070779E-002
  0.300001193796391E+001 -0.264780177587700E-002
  0.300003519455172E+001 -0.264780520131907E-002
  0.300020255221447E+001 -0.264792954114127E-002
  0.299977609847859E+001 -0.264795799267788E-002
  0.300015714743034E+001 -0.264787850337662E-002
  0.299990102783899E+001 -0.264783194141972E-002
  0.299967839284969E+001 -0.264812455288993E-002
  0.300021054633932E+001 -0.264793986102071E-002
  0.300023918197069E+001 -0.264798010556485E-002
  0.300034494404058E+001 -0.264817316298986E-002
  0.300007217687998E+001 -0.264781761021140E-002
  0.300010125719593E+001 -0.264783337120430E-002
