  0.427577698043646E-013  0.605546436940842E+002  0.314070249092113E-001
  0.858711908717758E-013  0.591401481039374E+002  0.993022609321105E+001
  0.121570862139209E-012  0.584249495875220E+002  0.893654996361326E-001
  0.301594157913288E-011  0.519827088490687E+002  0.272174001781657E+000
  0.355565698147278E-011  0.516335526444588E+002  0.282433131674896E+000
  0.698560367427563E-010  0.456578586722523E+002  0.464441156615513E+000
  0.121270458890300E-009  0.445347845258386E+002  0.500126646240038E+000
  0.146650079818091E-009  0.441348316821327E+002  0.512958719714098E+000
  0.219950102167927E-009  0.433042282752255E+002  0.539821594936460E+000
  0.428511741003141E-009  0.419504927623125E+002  0.941575663150801E+001
  0.757580485529730E-009  0.407909688098853E+002  0.937704780563760E+001
  0.100857711408251E-008  0.401987360774894E+002  0.935703182691775E+001
  0.413991320949386E-008  0.373545668475814E+002  0.925843573216462E+001
  0.634253283792260E-008  0.364814594534905E+002  0.922729314937737E+001
  0.101947923129328E-007  0.355123611069114E+002  0.919220871219205E+001
  0.329921876177620E-007  0.331436729207491E+002  0.896006433464026E+000
  0.389969411069403E-007  0.327893474284138E+002  0.909047766054821E+001
  0.653962320622413E-007  0.317354839003514E+002  0.904975088358589E+001
  0.200523614022492E-006  0.294746484938278E+002  0.104047326639381E+001
  0.198792019350917E-006  0.294720935644780E+002  0.895942242281275E+001
  0.240012334348136E-006  0.290753305711076E+002  0.500988462627256E+001
  0.240922638446220E-006  0.290478587803575E+002  0.498318522986729E+001
  0.248455999609289E-006  0.289663783461472E+002  0.893866495199363E+001
  0.276318133738947E-006  0.287339034954842E+002  0.494969065526734E+001
  0.330617230410709E-006  0.283551859492926E+002  0.891327755764597E+001
  0.335434605849335E-006  0.283063538490292E+002  0.507754252276883E+001
  0.417470867349724E-006  0.278488777050405E+002  0.510160292380004E+001
  0.793620776529778E-006  0.265441950979785E+002  0.116400640622537E+001
  0.838756245885596E-006  0.264136656378990E+002  0.516841547597673E+001
  0.901972670905025E-006  0.262484368034835E+002  0.882306092856555E+001
  0.103201963445788E-005  0.259591586413255E+002  0.481110467054406E+001
  0.108479919501467E-005  0.258395035723610E+002  0.880502682314770E+001
  0.107800269812838E-005  0.258321727521732E+002  0.519461745022495E+001
  0.138822746081549E-005  0.253064365905852E+002  0.478162572906685E+001
  0.157997587609155E-005  0.250277722222803E+002  0.476896459683532E+001
  0.157752186854855E-005  0.250109803615747E+002  0.123207519431486E+001
  0.164268000888597E-005  0.249101319364738E+002  0.523639882029896E+001
  0.211383174901856E-005  0.243858848036959E+002  0.873940875854304E+001
  0.283460561636400E-005  0.237791831024885E+002  0.128872253649414E+001
  0.317465840623329E-005  0.235326879950629E+002  0.469976682219047E+001
  0.395929975236952E-005  0.230710530504532E+002  0.532212290917337E+001
  0.397555054573621E-005  0.230429602664120E+002  0.467653611095150E+001
  0.606638081107379E-005  0.221778617153798E+002  0.463471518523319E+001
  0.712209778308716E-005  0.218370807952062E+002  0.861794134255167E+001
  0.729915472230685E-005  0.217680676624982E+002  0.538546818608811E+001
  0.815205917583526E-005  0.215271429908594E+002  0.860254302258704E+001
  0.107343516240477E-004  0.209568853766801E+002  0.457382034272217E+001
  0.110461638534878E-004  0.208797163671324E+002  0.143010959635837E+001
  0.112978225242876E-004  0.208147620952749E+002  0.856657690393702E+001
  0.125305341854107E-004  0.205877446529088E+002  0.144505935638356E+001
  0.226698116236940E-004  0.193821124822555E+002  0.849162302806902E+001
  0.232282214503081E-004  0.193135441680642E+002  0.551205873444382E+001
  0.288168529101264E-004  0.188624586958440E+002  0.553651268173890E+001
  0.319159893608172E-004  0.186382645709186E+002  0.554881980996573E+001
  0.343213058537917E-004  0.184730454989076E+002  0.444204327971275E+001
  0.410382190873739E-004  0.180956698729713E+002  0.842095335615928E+001
  0.458976302333608E-004  0.178519498483308E+002  0.840716496418786E+001
  0.526771865109872E-004  0.175565112237018E+002  0.839026726081613E+001
  0.563493856885140E-004  0.174018328211517E+002  0.561866203502501E+001
  0.643537044251428E-004  0.171162858384545E+002  0.436470034636149E+001
  0.808063156727567E-004  0.166410639216888E+002  0.166344791041459E+001
  0.878245234090737E-004  0.164545919703815E+002  0.432534372564525E+001
  0.966632712985782E-004  0.162429058333584E+002  0.431250379238542E+001
  0.967354764326002E-004  0.162215117775484E+002  0.568880087105580E+001
  0.166931568335458E-003  0.151104036123588E+002  0.424155782811209E+001
  0.168631570805541E-003  0.150702383051554E+002  0.176103293444508E+001
  0.188407794475977E-003  0.148285527384499E+002  0.577673809017172E+001
  0.204328448578678E-003  0.146464120608861E+002  0.578870846146711E+001
  0.203287403573543E-003  0.146367273636784E+002  0.421065174173016E+001
  0.210048867974321E-003  0.145513878032390E+002  0.820499929843264E+001
  0.211527310030922E-003  0.145174593269197E+002  0.820274467490488E+001
  0.237707842652788E-003  0.142641821609306E+002  0.581422160294766E+001
  0.256324253630380E-003  0.140934797172067E+002  0.582579473012421E+001
  0.283433491052692E-003  0.138725105806175E+002  0.815905261036922E+001
  0.283908158864510E-003  0.138492633081158E+002  0.584255307239119E+001
  0.405707053757739E-003  0.131154015361800E+002  0.589443882731170E+001
  0.407017898844566E-003  0.130890492639044E+002  0.810365263689696E+001
  0.419577628714772E-003  0.130083658074413E+002  0.590221140926554E+001
  0.417014667792550E-003  0.130007194729678E+002  0.809723123195603E+001
  0.418626058045946E-003  0.129731054856618E+002  0.190478397637234E+001
  0.466265109287325E-003  0.127376521882182E+002  0.192211985322123E+001
  0.506794170435190E-003  0.125510503879585E+002  0.593605953042464E+001
  0.649677421736289E-003  0.120344076867218E+002  0.197564337724580E+001
  0.680092850708251E-003  0.119230002879056E+002  0.401561868177795E+001
  0.737212130697053E-003  0.117418069327018E+002  0.800124441068961E+001
  0.748175324164349E-003  0.116923829503021E+002  0.200271241221339E+001
  0.752204445433097E-003  0.116617406589481E+002  0.399482650052183E+001
  0.801835533715055E-003  0.115140492757841E+002  0.398287799081740E+001
  0.908735654038685E-003  0.112438471628983E+002  0.396063354447484E+001
  0.910894434874669E-003  0.112192009611792E+002  0.395857885147502E+001
  0.908078600646874E-003  0.112054924450894E+002  0.795743409795098E+001
  0.928253230101037E-003  0.111416445166187E+002  0.395208423123442E+001
  0.922606771705828E-003  0.111339467787571E+002  0.395143719987573E+001
  0.942954973898185E-003  0.110704152713150E+002  0.394608017848196E+001
  0.106721291777590E-002  0.108029401182501E+002  0.792318561493609E+001
  0.108297124524919E-002  0.107537236241813E+002  0.391891079032434E+001
  0.112418634808247E-002  0.106591207400972E+002  0.791063745756501E+001
  0.112578057520766E-002  0.106363858546954E+002  0.209136200967812E+001
  0.112809021519172E-002  0.106123862165929E+002  0.209347749318632E+001
  0.113645405875443E-002  0.105777119305596E+002  0.390345734243230E+001
  0.114931446793880E-002  0.105353058493650E+002  0.210030549818102E+001
  0.219762599308900E-002  0.910583768184280E+001  0.610267988268320E+001
  0.232528200578422E-002  0.899291040019937E+001  0.611280496626818E+001
  0.240964828614490E-002  0.888279528248705E+001  0.787720955822663E+001
  0.274834419624500E-002  0.858092346599804E+001  0.615076674676151E+001
  0.347648736271120E-002  0.795986078976429E+001  0.621143986265565E+001
  0.361702696258494E-002  0.788060078604790E+001  0.778047773165793E+001
  0.362046735059881E-002  0.784131509495899E+001  0.777644045427816E+001
  0.398570870079095E-002  0.761170679162321E+001  0.775241109142938E+001
  0.436050188567904E-002  0.743196274443395E+001  0.773305075060031E+001
  0.462141714400306E-002  0.727763788038457E+001  0.771601077136295E+001
  0.469760907422919E-002  0.724493333541421E+001  0.628765268477202E+001
  0.475012062929487E-002  0.714576809036757E+001  0.770112214221564E+001
  0.513757716151020E-002  0.698894491913455E+001  0.768299381469217E+001
  0.514605236272806E-002  0.698564833863572E+001  0.768260757249532E+001
  0.549430780934554E-002  0.685468289197983E+001  0.633291782622902E+001
  0.565923953171672E-002  0.675512365279423E+001  0.765503370012032E+001
  0.578719099357670E-002  0.667000323593099E+001  0.635544598240706E+001
  0.584370930433899E-002  0.661016037305821E+001  0.763708321555002E+001
  0.590977699135735E-002  0.650766501079095E+001  0.637592006475709E+001
  0.590083838943707E-002  0.647108706793086E+001  0.638062669195777E+001
  0.595040761756937E-002  0.633781868439388E+001  0.639808609141401E+001
  0.610183654823753E-002  0.624946214448897E+001  0.759005364753086E+001
  0.606763822655112E-002  0.622260647358991E+001  0.758640122750607E+001
  0.608597509417590E-002  0.621657143493774E+001  0.758557731636077E+001
  0.631586847739578E-002  0.610357863661125E+001  0.643006847279341E+001
  0.648861993815986E-002  0.604960945402268E+001  0.643769503248694E+001
  0.651114792257096E-002  0.604267763579210E+001  0.756131790063472E+001
  0.674876176577569E-002  0.593058567499380E+001  0.754510831203096E+001
  0.677009207930504E-002  0.588386897643647E+001  0.753820850985104E+001
  0.695351589300530E-002  0.578999810653038E+001  0.647593029004616E+001
  0.686494124537666E-002  0.577523256177295E+001  0.752181086011112E+001
  0.747548756974703E-002  0.552481816601725E+001  0.651810761532371E+001
  0.740507163056017E-002  0.550414135728325E+001  0.652155253056207E+001
  0.716692589199042E-002  0.549107653928798E+001  0.747625792395751E+001
  0.738241973384318E-002  0.535489468703208E+001  0.745280516093721E+001
  0.725400211927030E-002  0.535189455523927E+001  0.654772520224478E+001
  0.734882718186191E-002  0.528782336452525E+001  0.744079598701699E+001
  0.745444800880203E-002  0.525928302654219E+001  0.743558540849412E+001
  0.749702305232034E-002  0.520905662883122E+001  0.742626098162890E+001
  0.751547924751626E-002  0.516530290130240E+001  0.658203130732718E+001
  0.742857558618005E-002  0.514972805777244E+001  0.658502306920766E+001
  0.734617758199520E-002  0.513319990231259E+001  0.741177827555160E+001
  0.742083742429993E-002  0.511297632200870E+001  0.659216967331054E+001
  0.686850731460063E-002  0.500561000619086E+001  0.661380449920179E+001
  0.675448391495096E-002  0.500369132937047E+001  0.661420215585684E+001
  0.675613160186973E-002  0.500320350942625E+001  0.661430332467801E+001
  0.671717068745914E-002  0.497873337999796E+001  0.738058731540333E+001
  0.667296859052970E-002  0.492050163532230E+001  0.736814348493190E+001
  0.661824602355013E-002  0.483259901546844E+001  0.734851858820039E+001
  0.512681333000511E-001  0.631978095482031E+000  0.668334687929635E+001
  0.530626783720887E-001  0.563169196111385E+000  0.670123625562653E+001
  0.530874807515624E-001  0.562234581217545E+000  0.670148662246217E+001
  0.462822185011566E-001  0.471958058398970E+000  0.672674921241089E+001
  0.465000965150024E-001  0.462564957384131E+000  0.672951322258621E+001
  0.468600400513983E-001  0.447143158184107E+000  0.673411354136833E+001
  0.470406989206956E-001  0.439447410773394E+000  0.673643921138004E+001
  0.485720516043854E-001  0.375377142505872E+000  0.675666269012917E+001
