  0.425699928396461E-013  0.605546436940842E+002  0.314070249092113E-001
  0.854940750480919E-013  0.591401481039374E+002  0.993022609321105E+001
  0.121036966017050E-012  0.584249495875220E+002  0.893654996361326E-001
  0.300269663305433E-011  0.519827088490687E+002  0.272174001781657E+000
  0.354004179670950E-011  0.516335526444588E+002  0.282433131674896E+000
  0.695492537976485E-010  0.456578586722523E+002  0.464441156615513E+000
  0.120737882032699E-009  0.445347845258386E+002  0.500126646240038E+000
  0.146006044664013E-009  0.441348316821327E+002  0.512958719714098E+000
  0.218984159305060E-009  0.433042282752255E+002  0.539821594936460E+000
  0.426629869370453E-009  0.419504927623125E+002  0.941575663150801E+001
  0.754253460646214E-009  0.407909688098853E+002  0.937704780563760E+001
  0.100414780100015E-008  0.401987360774894E+002  0.935703182691775E+001
  0.412173217853191E-008  0.373545668475814E+002  0.925843573216462E+001
  0.631467868251688E-008  0.364814594534905E+002  0.922729314937737E+001
  0.101500203997761E-007  0.355123611069114E+002  0.919220871219205E+001
  0.328472976275067E-007  0.331436729207491E+002  0.896006433464026E+000
  0.388256803684155E-007  0.327893474284138E+002  0.909047766054821E+001
  0.651090349980149E-007  0.317354839003514E+002  0.904975088358589E+001
  0.199642985407673E-006  0.294746484938278E+002  0.104047326639381E+001
  0.197918995285939E-006  0.294720935644780E+002  0.895942242281275E+001
  0.238958285274830E-006  0.290753305711076E+002  0.500988462627256E+001
  0.239864591640074E-006  0.290478587803575E+002  0.498318522986729E+001
  0.247364868951955E-006  0.289663783461472E+002  0.893866495199363E+001
  0.275104642467358E-006  0.287339034954842E+002  0.494969065526734E+001
  0.329165276758911E-006  0.283551859492926E+002  0.891327755764597E+001
  0.333961495992667E-006  0.283063538490292E+002  0.507754252276883E+001
  0.415637483319452E-006  0.278488777050405E+002  0.510160292380004E+001
  0.790135475466691E-006  0.265441950979785E+002  0.116400640622537E+001
  0.835072725844402E-006  0.264136656378990E+002  0.516841547597673E+001
  0.898011526739261E-006  0.262484368034835E+002  0.882306092856555E+001
  0.102748737013784E-005  0.259591586413255E+002  0.481110467054406E+001
  0.108003514157828E-005  0.258395035723610E+002  0.880502682314770E+001
  0.107326849249653E-005  0.258321727521732E+002  0.519461745022495E+001
  0.138213085801970E-005  0.253064365905852E+002  0.478162572906685E+001
  0.157303718224249E-005  0.250277722222803E+002  0.476896459683532E+001
  0.157059395183052E-005  0.250109803615747E+002  0.123207519431486E+001
  0.163546594071816E-005  0.249101319364738E+002  0.523639882029896E+001
  0.210454854946039E-005  0.243858848036959E+002  0.873940875854304E+001
  0.282215703353916E-005  0.237791831024885E+002  0.128872253649414E+001
  0.316071643212500E-005  0.235326879950629E+002  0.469976682219047E+001
  0.394191191167267E-005  0.230710530504532E+002  0.532212290917337E+001
  0.395809133731679E-005  0.230429602664120E+002  0.467653611095150E+001
  0.603973941745709E-005  0.221778617153798E+002  0.463471518523319E+001
  0.709082005484607E-005  0.218370807952062E+002  0.861794134255167E+001
  0.726709942276627E-005  0.217680676624982E+002  0.538546818608811E+001
  0.811625822234193E-005  0.215271429908594E+002  0.860254302258704E+001
  0.106872101577035E-004  0.209568853766801E+002  0.457382034272217E+001
  0.109976530183885E-004  0.208797163671324E+002  0.143010959635837E+001
  0.112482064935347E-004  0.208147620952749E+002  0.856657690393702E+001
  0.124755045221143E-004  0.205877446529088E+002  0.144505935638356E+001
  0.225702538488868E-004  0.193821124822555E+002  0.849162302806902E+001
  0.231262113375331E-004  0.193135441680642E+002  0.551205873444382E+001
  0.286902995094939E-004  0.188624586958440E+002  0.553651268173890E+001
  0.317758256517281E-004  0.186382645709186E+002  0.554881980996573E+001
  0.341705788474981E-004  0.184730454989076E+002  0.444204327971275E+001
  0.408579937797179E-004  0.180956698729713E+002  0.842095335615928E+001
  0.456960641149119E-004  0.178519498483308E+002  0.840716496418786E+001
  0.524458469851373E-004  0.175565112237018E+002  0.839026726081613E+001
  0.561019191658970E-004  0.174018328211517E+002  0.561866203502501E+001
  0.640710857726583E-004  0.171162858384545E+002  0.436470034636149E+001
  0.804514429851365E-004  0.166410639216888E+002  0.166344791041459E+001
  0.874388292414623E-004  0.164545919703815E+002  0.432534372564525E+001
  0.962387604841165E-004  0.162429058333584E+002  0.431250379238542E+001
  0.963106485187911E-004  0.162215117775484E+002  0.568880087105580E+001
  0.166198464074848E-003  0.151104036123588E+002  0.424155782811209E+001
  0.167891000736839E-003  0.150702383051554E+002  0.176103293444508E+001
  0.187580374244803E-003  0.148285527384499E+002  0.577673809017172E+001
  0.203431110479537E-003  0.146464120608861E+002  0.578870846146711E+001
  0.202394637374950E-003  0.146367273636784E+002  0.421065174173016E+001
  0.209126407821436E-003  0.145513878032390E+002  0.820499929843264E+001
  0.210598357084723E-003  0.145174593269197E+002  0.820274467490488E+001
  0.236663914089924E-003  0.142641821609306E+002  0.581422160294766E+001
  0.255198568391166E-003  0.140934797172067E+002  0.582579473012421E+001
  0.282188751654614E-003  0.138725105806175E+002  0.815905261036922E+001
  0.282661334893701E-003  0.138492633081158E+002  0.584255307239119E+001
  0.403925332225767E-003  0.131154015361800E+002  0.589443882731170E+001
  0.405230420545749E-003  0.130890492639044E+002  0.810365263689696E+001
  0.417734992535562E-003  0.130083658074413E+002  0.590221140926554E+001
  0.415183287228983E-003  0.130007194729678E+002  0.809723123195603E+001
  0.416787600827723E-003  0.129731054856618E+002  0.190478397637234E+001
  0.464217438247027E-003  0.127376521882182E+002  0.192211985322123E+001
  0.504568510128379E-003  0.125510503879585E+002  0.593605953042464E+001
  0.646824268850673E-003  0.120344076867218E+002  0.197564337724580E+001
  0.677106124042734E-003  0.119230002879056E+002  0.401561868177795E+001
  0.733974556406127E-003  0.117418069327018E+002  0.800124441068961E+001
  0.744889603414842E-003  0.116923829503021E+002  0.200271241221339E+001
  0.748901030211549E-003  0.116617406589481E+002  0.399482650052183E+001
  0.798314156351049E-003  0.115140492757841E+002  0.398287799081740E+001
  0.904744809248893E-003  0.112438471628983E+002  0.396063354447484E+001
  0.906894109484866E-003  0.112192009611792E+002  0.395857885147502E+001
  0.904090641402613E-003  0.112054924450894E+002  0.795743409795098E+001
  0.924176671037362E-003  0.111416445166187E+002  0.395208423123442E+001
  0.918555009885407E-003  0.111339467787571E+002  0.395143719987573E+001
  0.938813849988426E-003  0.110704152713150E+002  0.394608017848196E+001
  0.106252609703372E-002  0.108029401182501E+002  0.792318561493609E+001
  0.107821521952005E-002  0.107537236241813E+002  0.391891079032434E+001
  0.111924932023497E-002  0.106591207400972E+002  0.791063745756501E+001
  0.112083654607988E-002  0.106363858546954E+002  0.209136200967812E+001
  0.112313604294404E-002  0.106123862165929E+002  0.209347749318632E+001
  0.113146315547133E-002  0.105777119305596E+002  0.390345734243230E+001
  0.114426708629836E-002  0.105353058493650E+002  0.210030549818102E+001
  0.218797479892109E-002  0.910583768184280E+001  0.610267988268320E+001
  0.231507019167047E-002  0.899291040019937E+001  0.611280496626818E+001
  0.239906596524084E-002  0.888279528248705E+001  0.787720955822663E+001
  0.273627444299234E-002  0.858092346599804E+001  0.615076674676151E+001
  0.346121986284301E-002  0.795986078976429E+001  0.621143986265565E+001
  0.360114226262404E-002  0.788060078604790E+001  0.778047773165793E+001
  0.360456754167359E-002  0.784131509495899E+001  0.777644045427816E+001
  0.396820488135624E-002  0.761170679162321E+001  0.775241109142938E+001
  0.434135210746356E-002  0.743196274443395E+001  0.773305075060031E+001
  0.460112151848354E-002  0.727763788038457E+001  0.771601077136295E+001
  0.467697884076686E-002  0.724493333541421E+001  0.628765268477202E+001
  0.472925978370126E-002  0.714576809036757E+001  0.770112214221564E+001
  0.511501474420430E-002  0.698894491913455E+001  0.768299381469217E+001
  0.512345272534340E-002  0.698564833863572E+001  0.768260757249532E+001
  0.547017875751733E-002  0.685468289197983E+001  0.633291782622902E+001
  0.563438615824231E-002  0.675512365279423E+001  0.765503370012032E+001
  0.576177570264847E-002  0.667000323593099E+001  0.635544598240706E+001
  0.581804580502912E-002  0.661016037305821E+001  0.763708321555002E+001
  0.588382334619115E-002  0.650766501079095E+001  0.637592006475709E+001
  0.587492399944123E-002  0.647108706793086E+001  0.638062669195777E+001
  0.592427553709891E-002  0.633781868439388E+001  0.639808609141401E+001
  0.607503944559446E-002  0.624946214448897E+001  0.759005364753086E+001
  0.604099131081148E-002  0.622260647358991E+001  0.758640122750607E+001
  0.605924764941520E-002  0.621657143493774E+001  0.758557731636077E+001
  0.628813142240734E-002  0.610357863661125E+001  0.643006847279341E+001
  0.646012422000678E-002  0.604960945402268E+001  0.643769503248694E+001
  0.648255326949790E-002  0.604267763579210E+001  0.756131790063472E+001
  0.671912359695201E-002  0.593058567499380E+001  0.754510831203096E+001
  0.674036023530725E-002  0.588386897643647E+001  0.753820850985104E+001
  0.692297851665278E-002  0.578999810653038E+001  0.647593029004616E+001
  0.683479285747135E-002  0.577523256177295E+001  0.752181086011112E+001
  0.744265787886135E-002  0.552481816601725E+001  0.651810761532371E+001
  0.737255118151262E-002  0.550414135728325E+001  0.652155253056207E+001
  0.713545129458934E-002  0.549107653928798E+001  0.747625792395751E+001
  0.734999876389451E-002  0.535489468703208E+001  0.745280516093721E+001
  0.722214511395289E-002  0.535189455523927E+001  0.654772520224478E+001
  0.731655373849092E-002  0.528782336452525E+001  0.744079598701699E+001
  0.742171071620821E-002  0.525928302654219E+001  0.743558540849412E+001
  0.746409878523086E-002  0.520905662883122E+001  0.742626098162890E+001
  0.748247392736134E-002  0.516530290130240E+001  0.658203130732718E+001
  0.739595191609302E-002  0.514972805777244E+001  0.658502306920766E+001
  0.731391577472738E-002  0.513319990231259E+001  0.741177827555160E+001
  0.738824773747622E-002  0.511297632200870E+001  0.659216967331054E+001
  0.683834326578369E-002  0.500561000619086E+001  0.661380449920179E+001
  0.672482061647696E-002  0.500369132937047E+001  0.661420215585684E+001
  0.672646106733899E-002  0.500320350942625E+001  0.661430332467801E+001
  0.668767125545045E-002  0.497873337999796E+001  0.738058731540333E+001
  0.664366327845836E-002  0.492050163532230E+001  0.736814348493190E+001
  0.658918103359044E-002  0.483259901546844E+001  0.734851858820039E+001
  0.510429818363074E-001  0.631978095482031E+000  0.668334687929635E+001
  0.528296459026653E-001  0.563169196111385E+000  0.670123625562653E+001
  0.528543393588824E-001  0.562234581217545E+000  0.670148662246217E+001
  0.460789634073958E-001  0.471958058398970E+000  0.672674921241089E+001
  0.462958845782560E-001  0.462564957384131E+000  0.672951322258621E+001
  0.466542473702622E-001  0.447143158184107E+000  0.673411354136833E+001
  0.468341128498602E-001  0.439447410773394E+000  0.673643921138004E+001
  0.483587403755220E-001  0.375377142505872E+000  0.675666269012917E+001
