  0.135615553305358E+000  0.303803359437143E+001  0.210030549818102E+001
  0.135615553305358E+000  0.325645136918773E+001  0.391891079032434E+001
  0.135615553305358E+000  0.416446840395454E+001  0.399482650052183E+001
  0.135615553305358E+000  0.419511069530853E+001  0.200271241221339E+001
  0.135615553305358E+000  0.359983911215580E+001  0.611280496626818E+001
  0.135615553305358E+000  0.318785217795447E+001  0.615076674676151E+001
  0.135615553305358E+000  0.248752949800433E+001  0.778047773165793E+001
  0.135615553305358E+000  0.244824380691542E+001  0.777644045427816E+001
  0.135615553305358E+000  0.203889145639039E+001  0.773305075060031E+001
  0.135615553305358E+000  0.185186204737064E+001  0.628765268477202E+001
  0.135615553305358E+000  0.175269680232400E+001  0.770112214221564E+001
  0.135615553305358E+000  0.159587363109098E+001  0.768299381469217E+001
  0.135615553305358E+000  0.159257705059215E+001  0.768260757249532E+001
  0.135615553305358E+000  0.136205236475066E+001  0.765503370012032E+001
  0.135615553305358E+000  0.121708908501465E+001  0.763708321555002E+001
  0.135615553305358E+000  0.111459372274738E+001  0.637592006475709E+001
  0.135615553305358E+000  0.107801577988729E+001  0.638062669195777E+001
  0.135615553305358E+000  0.856390856445403E+000  0.759005364753086E+001
  0.135615553305358E+000  0.829535185546336E+000  0.758640122750607E+001
  0.135615553305358E+000  0.823500146894170E+000  0.758557731636077E+001
  0.135615553305358E+000  0.710507348567679E+000  0.643006847279341E+001
  0.135615553305358E+000  0.656538165979114E+000  0.643769503248694E+001
  0.135615553305358E+000  0.649606347748529E+000  0.756131790063472E+001
  0.135615553305358E+000  0.537514386950233E+000  0.754510831203096E+001
  0.135615553305358E+000  0.490797688392897E+000  0.753820850985104E+001
  0.135615553305358E+000  0.396926818486815E+000  0.647593029004616E+001
  0.135615553305358E+000  0.382161273729380E+000  0.752181086011112E+001
  0.135615553305358E+000  0.131746877973680E+000  0.651810761532371E+001
  0.135615553305358E+000  0.111070069239677E+000  0.652155253056207E+001
  0.135615553305358E+000  0.980052512444147E-001  0.747625792395751E+001
  0.135615553305358E+000 -0.381766010114850E-001  0.745280516093721E+001
  0.135615553305358E+000 -0.411767328042958E-001  0.654772520224478E+001
  0.135615553305358E+000 -0.105247923518321E+000  0.744079598701699E+001
  0.135615553305358E+000 -0.133788261501375E+000  0.743558540849412E+001
  0.135615553305358E+000 -0.184014659212355E+000  0.742626098162890E+001
  0.135615553305358E+000 -0.227768386741175E+000  0.658203130732718E+001
  0.135615553305358E+000 -0.243343230271126E+000  0.658502306920766E+001
  0.135615553305358E+000 -0.259871385730981E+000  0.741177827555160E+001
  0.135615553305358E+000 -0.280094966034870E+000  0.659216967331054E+001
  0.135615553305358E+000 -0.387461281852709E+000  0.661380449920179E+001
  0.135615553305358E+000 -0.389379958673105E+000  0.661420215585684E+001
  0.135615553305358E+000 -0.389867778617319E+000  0.661430332467801E+001
  0.135615553305358E+000 -0.414337908045609E+000  0.738058731540333E+001
  0.135615553305358E+000 -0.472569652721268E+000  0.736814348493190E+001
  0.135615553305358E+000 -0.560472272575126E+000  0.734851858820039E+001
  0.135615553305358E+000  0.284790939192329E+000  0.678853072600255E+001
  0.135615553305358E+000  0.237086689622737E+000  0.680742125269420E+001
  0.135615553305358E+000  0.234156331307938E+000  0.680864243787217E+001
  0.135615553305358E+000  0.231161893425107E+000  0.680989843103685E+001
  0.135615553305358E+000  0.230734899146974E+000  0.681007820704893E+001
  0.135615553305358E+000  0.165849918665825E+000  0.683972308163442E+001
  0.135615553305358E+000  0.157969643966522E+000  0.684370589707581E+001
  0.135615553305358E+000  0.142278419200361E+000  0.685195524107118E+001
  0.135615553305358E+000  0.127566156500286E+000  0.686013117354364E+001
  0.135615553305358E+000  0.108335502031139E+000  0.687160068575255E+001
  0.135615553305358E+000  0.815553182710873E-001  0.688953935317223E+001
  0.135615553305358E+000  0.589364115488129E-001  0.690735805797564E+001
  0.135615553305358E+000  0.481530808980389E-001  0.691719180887182E+001
  0.135615553305358E+000  0.474267316698756E-001  0.691789652479088E+001
  0.135615553305358E+000  0.337852330123547E-001  0.693248451395264E+001
  0.135615553305358E+000  0.279562980401060E-001  0.693978612069754E+001
  0.135615553305358E+000  0.249101774037800E-001  0.694397918280818E+001
  0.135615553305358E+000  0.247929062575200E-001  0.694414690182776E+001
  0.135615553305358E+000  0.234282152683511E-001  0.694613704411035E+001
