  0.572047200253108E-001  0.232888607246504E+001  0.210030549818102E+001
  0.572047200253108E-001  0.254730384728135E+001  0.391891079032434E+001
  0.572047200253108E-001  0.345532088204815E+001  0.399482650052183E+001
  0.572047200253108E-001  0.348596317340214E+001  0.200271241221339E+001
  0.572047200253108E-001  0.289069159024941E+001  0.611280496626818E+001
  0.572047200253108E-001  0.247870465604808E+001  0.615076674676151E+001
  0.572047200253108E-001  0.177838197609794E+001  0.778047773165793E+001
  0.572047200253108E-001  0.173909628500903E+001  0.777644045427816E+001
  0.572047200253108E-001  0.132974393448400E+001  0.773305075060031E+001
  0.572047200253108E-001  0.114271452546426E+001  0.628765268477202E+001
  0.572047200253108E-001  0.104354928041762E+001  0.770112214221564E+001
  0.572047200253108E-001  0.886726109184590E+000  0.768299381469217E+001
  0.572047200253108E-001  0.883429528685763E+000  0.768260757249532E+001
  0.572047200253108E-001  0.652904842844272E+000  0.765503370012032E+001
  0.572047200253108E-001  0.507941563108259E+000  0.763708321555002E+001
  0.572047200253108E-001  0.405446200840993E+000  0.637592006475709E+001
  0.572047200253108E-001  0.368868257980909E+000  0.638062669195777E+001
  0.572047200253108E-001  0.147243334539017E+000  0.759005364753086E+001
  0.572047200253108E-001  0.120387663639950E+000  0.758640122750607E+001
  0.572047200253108E-001  0.114352624987784E+000  0.758557731636077E+001
  0.572047200253108E-001  0.135982666129308E-002  0.643006847279341E+001
  0.572047200253108E-001 -0.526093559272724E-001  0.643769503248694E+001
  0.572047200253108E-001 -0.595411741578573E-001  0.756131790063472E+001
  0.572047200253108E-001 -0.171633134956154E+000  0.754510831203096E+001
  0.572047200253108E-001 -0.218349833513489E+000  0.753820850985104E+001
  0.572047200253108E-001 -0.312220703419571E+000  0.647593029004616E+001
  0.572047200253108E-001 -0.326986248177006E+000  0.752181086011112E+001
  0.572047200253108E-001 -0.577400643932706E+000  0.651810761532371E+001
  0.572047200253108E-001 -0.598077452666709E+000  0.652155253056207E+001
  0.572047200253108E-001 -0.611142270661972E+000  0.747625792395751E+001
  0.572047200253108E-001 -0.747324122917871E+000  0.745280516093721E+001
  0.572047200253108E-001 -0.750324254710682E+000  0.654772520224478E+001
  0.572047200253108E-001 -0.814395445424707E+000  0.744079598701699E+001
  0.572047200253108E-001 -0.842935783407762E+000  0.743558540849412E+001
  0.572047200253108E-001 -0.893162181118741E+000  0.742626098162890E+001
  0.572047200253108E-001 -0.936915908647561E+000  0.658203130732718E+001
  0.572047200253108E-001 -0.952490752177512E+000  0.658502306920766E+001
  0.572047200253108E-001 -0.969018907637367E+000  0.741177827555160E+001
  0.572047200253108E-001 -0.989242487941256E+000  0.659216967331054E+001
  0.572047200253108E-001 -0.109660880375910E+001  0.661380449920179E+001
  0.572047200253108E-001 -0.109852748057949E+001  0.661420215585684E+001
  0.572047200253108E-001 -0.109901530052371E+001  0.661430332467801E+001
  0.572047200253108E-001 -0.112348542995200E+001  0.738058731540333E+001
  0.572047200253108E-001 -0.118171717462765E+001  0.736814348493190E+001
  0.572047200253108E-001 -0.126961979448151E+001  0.734851858820039E+001
  0.572047200253108E-001  0.631978095482031E+000  0.668334687929635E+001
  0.572047200253108E-001  0.563169196111385E+000  0.670123625562653E+001
  0.572047200253108E-001  0.471958058398970E+000  0.672674921241089E+001
  0.572047200253108E-001  0.462564957384131E+000  0.672951322258621E+001
  0.572047200253108E-001  0.447143158184107E+000  0.673411354136833E+001
  0.572047200253108E-001  0.375377142505872E+000  0.675666269012917E+001
