  0.166357614220602E+000  0.340460033752231E+001  0.791063745756501E+001
  0.166357614220602E+000  0.387942637618218E+001  0.395143719987573E+001
  0.166357614220602E+000  0.395097204251446E+001  0.795743409795098E+001
  0.166357614220602E+000  0.398932676032337E+001  0.396063354447484E+001
  0.166357614220602E+000  0.443786254772718E+001  0.200271241221339E+001
  0.166357614220602E+000  0.394137149584215E+001  0.389752443370430E+001
  0.166357614220602E+000  0.291698182866760E+001  0.219897081055186E+001
  0.166357614220602E+000  0.282023807810056E+001  0.220869174005498E+001
  0.166357614220602E+000  0.249931113370730E+001  0.375816914415868E+001
  0.166357614220602E+000  0.181843733255491E+001  0.368255449816840E+001
  0.166357614220602E+000  0.170469117752200E+001  0.366908987301009E+001
  0.166357614220602E+000  0.151725220192697E+001  0.235370980042287E+001
  0.166357614220602E+000  0.144416828019123E+001  0.363717940534180E+001
  0.166357614220602E+000  0.114438588345449E+001  0.240164190394560E+001
  0.166357614220602E+000  0.109656836394019E+001  0.240806959193537E+001
  0.166357614220602E+000  0.106304796830495E+001  0.241261737794694E+001
  0.166357614220602E+000  0.976275272609346E+000  0.357544305832865E+001
  0.166357614220602E+000  0.725058460103133E+000  0.353938856437417E+001
  0.166357614220602E+000  0.579298540413214E+000  0.248268149440867E+001
  0.166357614220602E+000  0.578949971578456E+000  0.248273540115944E+001
  0.166357614220602E+000  0.570615588221011E+000  0.351597399534908E+001
  0.166357614220602E+000  0.551196705533462E+000  0.248704567196827E+001
  0.166357614220602E+000  0.444636618049352E+000  0.349605698125218E+001
  0.166357614220602E+000  0.344232133417011E+000  0.252040870409498E+001
  0.166357614220602E+000  0.329099766539044E+000  0.347706040750347E+001
  0.166357614220602E+000  0.322160608379538E+000  0.252410466791336E+001
  0.166357614220602E+000  0.853409044725848E-001  0.343426399168794E+001
  0.166357614220602E+000 -0.119005479724752E+000  0.260517118518886E+001
  0.166357614220602E+000 -0.125381801891204E+000  0.339353472713160E+001
  0.166357614220602E+000 -0.134073745024091E+000  0.339176379434205E+001
  0.166357614220602E+000 -0.150411326079758E+000  0.338841325619547E+001
  0.166357614220602E+000 -0.156675160725710E+000  0.261287903176782E+001
  0.166357614220602E+000 -0.162275001867815E+000  0.261403799479446E+001
  0.166357614220602E+000 -0.162368402421938E+000  0.261405735481341E+001
  0.166357614220602E+000 -0.193520642391806E+000  0.262056968099736E+001
  0.166357614220602E+000 -0.204117025312761E+000  0.262281046447298E+001
  0.166357614220602E+000 -0.224479856000453E+000  0.337284566887797E+001
  0.166357614220602E+000 -0.280067191954579E+000  0.263927861298725E+001
  0.166357614220602E+000 -0.282224932862178E+000  0.336024253011434E+001
  0.166357614220602E+000 -0.289763875065298E+000  0.264143557099081E+001
  0.166357614220602E+000 -0.357708214558155E+000  0.334307048172617E+001
  0.166357614220602E+000 -0.371566996294376E+000  0.333982341054441E+001
  0.166357614220602E+000 -0.378099491005212E+000  0.266171794135618E+001
  0.166357614220602E+000 -0.444077963732785E+000  0.332230140484318E+001
  0.166357614220602E+000 -0.527512121633211E+000  0.330087992671466E+001
  0.166357614220602E+000 -0.538904669036796E+000  0.329783539533649E+001
  0.166357614220602E+000 -0.641201459339185E+000  0.273104194329438E+001
  0.166357614220602E+000 -0.658706611910542E+000  0.326369985183053E+001
  0.166357614220602E+000 -0.707234908813037E+000  0.324854191668820E+001
  0.166357614220602E+000 -0.709504023249685E+000  0.324781046394610E+001
  0.166357614220602E+000 -0.728809968408575E+000  0.324149756689408E+001
  0.166357614220602E+000 -0.778582671877950E+000  0.277559536042974E+001
  0.166357614220602E+000 -0.778605912030584E+000  0.277560364567079E+001
  0.166357614220602E+000 -0.863652525991220E+000  0.319169315481398E+001
  0.166357614220602E+000 -0.879001972745483E+000  0.318517654852020E+001
  0.166357614220602E+000 -0.899991127835480E+000  0.282412479052619E+001
  0.166357614220602E+000 -0.912344629767983E+000  0.282983675779342E+001
  0.166357614220602E+000 -0.917658764769504E+000  0.316764625673725E+001
  0.166357614220602E+000 -0.925089678024948E+000  0.316406194341510E+001
  0.166357614220602E+000 -0.963933103092599E+000  0.314387971805059E+001
  0.166357614220602E+000 -0.965756067880464E+000  0.285713748252163E+001
  0.166357614220602E+000 -0.970214650036801E+000  0.314034359891083E+001
  0.166357614220602E+000 -0.101156552635515E+001  0.288563136118539E+001
  0.166357614220602E+000  0.645705145251114E-001  0.309738575819006E+001
  0.166357614220602E+000  0.584686509436214E-001  0.309223712769386E+001
  0.166357614220602E+000  0.503385770594286E-001  0.308489332072515E+001
  0.166357614220602E+000  0.473329694996831E-001  0.308201206432095E+001
  0.166357614220602E+000  0.430595149925141E-001  0.307773175652870E+001
  0.166357614220602E+000  0.281658717556161E-001  0.306049167756917E+001
  0.166357614220602E+000  0.204954272169233E-001  0.304931502741500E+001
  0.166357614220602E+000  0.151219385141215E-001  0.303965115050656E+001
  0.166357614220602E+000  0.140436504214378E-001  0.303741239957106E+001
  0.166357614220602E+000  0.136970777594727E-001  0.303666382434703E+001
