  0.295868103708414E-002 -0.785477355426450E+000  0.389762566522764E+001
  0.295868103708414E-002 -0.660523126680895E+000  0.790869384914519E+001
  0.295868103708414E-002 -0.573439263528682E+000  0.608367149472517E+001
  0.295868103708414E-002 -0.253099084818039E+000  0.794388153820930E+001
  0.295868103708414E-002  0.452665785874481E+001  0.171327024238094E+001
  0.295868103708414E-002  0.119454665787683E+000  0.797494664380635E+001
  0.295868103708414E-002  0.349482026521837E+000  0.799364245882850E+001
  0.295868103708414E-002  0.302391372918257E+001  0.581036374932441E+001
  0.295868103708414E-002  0.515820806437882E+000  0.800694564936411E+001
  0.295868103708414E-002  0.555883927106631E+000  0.801012357663818E+001
  0.295868103708414E-002  0.241521662990430E+001  0.185202662377216E+001
  0.295868103708414E-002  0.233965759791082E+001  0.185730431548510E+001
  0.295868103708414E-002  0.177626021414299E+001  0.810254698131468E+001
  0.295868103708414E-002  0.223064389277696E+001  0.186496201183063E+001
  0.295868103708414E-002 -0.191531179113194E+000  0.611012574947897E+001
  0.295868103708414E-002 -0.986833480705471E+000  0.781524708738229E+001
  0.295868103708414E-002 -0.107560433416502E+001  0.619351101871642E+001
  0.295868103708414E-002 -0.123386738427645E+001  0.779063416882523E+001
  0.295868103708414E-002 -0.133463720836177E+001  0.621962879534139E+001
  0.295868103708414E-002 -0.139198584662072E+001  0.777446977664650E+001
  0.295868103708414E-002 -0.149618357974575E+001  0.623636933165379E+001
  0.295868103708414E-002 -0.161307309781296E+001  0.624871478468685E+001
  0.295868103708414E-002 -0.162092173743477E+001  0.624955100612458E+001
  0.295868103708414E-002 -0.171762327254126E+001  0.625993145804487E+001
  0.295868103708414E-002 -0.175850772373004E+001  0.773563573499483E+001
  0.295868103708414E-002 -0.184824136885800E+001  0.627418834992754E+001
  0.295868103708414E-002 -0.189220147179993E+001  0.627904997752257E+001
  0.295868103708414E-002 -0.204307125083914E+001  0.629599022005094E+001
  0.295868103708414E-002 -0.204881661640953E+001  0.770335660356086E+001
  0.295868103708414E-002 -0.222319153573276E+001  0.768323533623558E+001
  0.295868103708414E-002 -0.223332445097895E+001  0.768204784160758E+001
  0.295868103708414E-002 -0.241628372798479E+001  0.633976082067131E+001
  0.295868103708414E-002 -0.248810504941574E+001  0.634852140289057E+001
  0.295868103708414E-002 -0.259339042607856E+001  0.636158109189528E+001
  0.295868103708414E-002 -0.259980935502143E+001  0.636238595248006E+001
  0.295868103708414E-002 -0.267030543342567E+001  0.762870684826084E+001
  0.295868103708414E-002 -0.267617902287612E+001  0.637204098323377E+001
  0.295868103708414E-002 -0.271882716049648E+001  0.637749793195625E+001
  0.295868103708414E-002 -0.272175118121921E+001  0.637787382195963E+001
  0.295868103708414E-002 -0.272834710843362E+001  0.637872257964030E+001
  0.295868103708414E-002 -0.274189190417680E+001  0.761953084324342E+001
  0.295868103708414E-002 -0.277377766087689E+001  0.761539966254288E+001
  0.295868103708414E-002 -0.280731611549191E+001  0.761102421549353E+001
  0.295868103708414E-002 -0.282481492426399E+001  0.760872882510684E+001
  0.295868103708414E-002 -0.286260994863380E+001  0.760374131763263E+001
  0.295868103708414E-002 -0.286496860825163E+001  0.760342869759229E+001
  0.295868103708414E-002 -0.293904723470542E+001  0.640647357864597E+001
  0.295868103708414E-002 -0.305186813632740E+001  0.642188040286996E+001
  0.295868103708414E-002 -0.308262035103553E+001  0.757384833730917E+001
  0.295868103708414E-002 -0.309459238409432E+001  0.642782311393845E+001
  0.295868103708414E-002 -0.313245445611691E+001  0.756685841038083E+001
  0.295868103708414E-002 -0.314921247469312E+001  0.643551158165354E+001
  0.295868103708414E-002 -0.315125533074725E+001  0.643580117203363E+001
  0.295868103708414E-002 -0.315635325476831E+001  0.756347550934824E+001
  0.295868103708414E-002 -0.316915038917287E+001  0.756165568467748E+001
  0.295868103708414E-002 -0.318381929271546E+001  0.644043759636327E+001
  0.295868103708414E-002 -0.318916139616394E+001  0.755879812724450E+001
  0.295868103708414E-002 -0.320298934909130E+001  0.644318506257143E+001
  0.295868103708414E-002 -0.322546651100242E+001  0.644642387277105E+001
  0.295868103708414E-002 -0.323445076437346E+001  0.644772375743797E+001
  0.295868103708414E-002 -0.326670167882808E+001  0.754758460696562E+001
  0.295868103708414E-002 -0.326813735900945E+001  0.754737481943973E+001
  0.295868103708414E-002 -0.327927322940458E+001  0.754574486135323E+001
  0.295868103708414E-002 -0.329192055984717E+001  0.645611225347261E+001
  0.295868103708414E-002 -0.335819690893408E+001  0.646594975426582E+001
  0.295868103708414E-002 -0.339617086405834E+001  0.752833117658231E+001
  0.295868103708414E-002 -0.340897142872612E+001  0.647361065569105E+001
  0.295868103708414E-002 -0.345043237641459E+001  0.647995001185285E+001
  0.295868103708414E-002 -0.346588996796947E+001  0.648233333551109E+001
  0.295868103708414E-002 -0.347144231166905E+001  0.648319210480959E+001
  0.295868103708414E-002 -0.350355346561911E+001  0.751181306733917E+001
  0.295868103708414E-002 -0.350637226276386E+001  0.751137227961239E+001
  0.295868103708414E-002 -0.352419017558390E+001  0.750857717438434E+001
  0.295868103708414E-002 -0.354134710852088E+001  0.750587116248591E+001
  0.295868103708414E-002 -0.356137304003134E+001  0.750269422514405E+001
  0.295868103708414E-002 -0.356881444261931E+001  0.649849141624585E+001
  0.295868103708414E-002 -0.357761766577584E+001  0.649989766659807E+001
  0.295868103708414E-002 -0.358274434336409E+001  0.650071844069710E+001
  0.295868103708414E-002 -0.359283127537022E+001  0.749766270338348E+001
  0.295868103708414E-002 -0.360452462432246E+001  0.650422058281269E+001
  0.295868103708414E-002 -0.365232849555820E+001  0.748800472447393E+001
  0.295868103708414E-002 -0.369227410067225E+001  0.651858820715459E+001
  0.295868103708414E-002 -0.372494937521940E+001  0.652404908828422E+001
  0.295868103708414E-002 -0.373115098073432E+001  0.652509262641995E+001
  0.295868103708414E-002 -0.373802562211901E+001  0.652625210200029E+001
  0.295868103708414E-002 -0.374810923839792E+001  0.652795795499286E+001
  0.295868103708414E-002 -0.375412641725891E+001  0.747102117111311E+001
  0.295868103708414E-002 -0.376562057952191E+001  0.746906489708214E+001
  0.295868103708414E-002 -0.377818067580699E+001  0.653308216754008E+001
  0.295868103708414E-002 -0.378017691512912E+001  0.653342432127518E+001
  0.295868103708414E-002 -0.378528225612701E+001  0.746569948402147E+001
  0.295868103708414E-002 -0.379430967061003E+001  0.746414612257411E+001
  0.295868103708414E-002 -0.381843538161774E+001  0.745996903084811E+001
  0.295868103708414E-002 -0.382867353067373E+001  0.745818490316726E+001
  0.295868103708414E-002 -0.384201175910422E+001  0.654414992712350E+001
  0.295868103708414E-002 -0.384519350264727E+001  0.745529134625493E+001
  0.295868103708414E-002 -0.384604502665354E+001  0.745514169896157E+001
  0.295868103708414E-002 -0.385063569664397E+001  0.654566591704435E+001
  0.295868103708414E-002 -0.385208075508026E+001  0.745407956305624E+001
  0.295868103708414E-002 -0.390800728046639E+001  0.655588289210664E+001
  0.295868103708414E-002 -0.390985499606987E+001  0.744378414913898E+001
  0.295868103708414E-002 -0.392526498000323E+001  0.655900252427290E+001
  0.295868103708414E-002 -0.392732822878733E+001  0.744062302912151E+001
  0.295868103708414E-002 -0.394122962363583E+001  0.743809180615078E+001
  0.295868103708414E-002 -0.400113461595036E+001  0.742701244928706E+001
  0.295868103708414E-002 -0.400564043575654E+001  0.742616745614505E+001
  0.295868103708414E-002 -0.400837406235205E+001  0.742565399143184E+001
  0.295868103708414E-002 -0.403544439600111E+001  0.657946454722817E+001
  0.295868103708414E-002 -0.403833266133481E+001  0.741998564806981E+001
  0.295868103708414E-002 -0.405496767479149E+001  0.741680492131397E+001
  0.295868103708414E-002 -0.405642370956874E+001  0.741652536161342E+001
  0.295868103708414E-002 -0.408142381725827E+001  0.658830428756561E+001
  0.295868103708414E-002 -0.409498111244197E+001  0.740905279904613E+001
  0.295868103708414E-002 -0.409969197633348E+001  0.740813043770935E+001
  0.295868103708414E-002 -0.410416109240083E+001  0.659274652166733E+001
  0.295868103708414E-002 -0.411895695747002E+001  0.740433656426668E+001
  0.295868103708414E-002 -0.413211887385631E+001  0.659827602687769E+001
  0.295868103708414E-002 -0.418455132130886E+001  0.660885685613989E+001
  0.295868103708414E-002 -0.419761566191716E+001  0.661153807845370E+001
  0.295868103708414E-002 -0.421009874006287E+001  0.661411741165462E+001
  0.295868103708414E-002 -0.422557338165814E+001  0.661733901514149E+001
  0.295868103708414E-002 -0.424241989742115E+001  0.737912265404590E+001
  0.295868103708414E-002 -0.425697921634674E+001  0.662396210858118E+001
  0.295868103708414E-002 -0.426819158126580E+001  0.662635509183764E+001
  0.295868103708414E-002 -0.427014391482115E+001  0.737322666574992E+001
  0.295868103708414E-002 -0.427729223313185E+001  0.662830871264302E+001
  0.295868103708414E-002 -0.427853022999324E+001  0.737142473477041E+001
  0.295868103708414E-002 -0.432088595910847E+001  0.736218699167810E+001
  0.295868103708414E-002 -0.432142296165645E+001  0.736206835892295E+001
  0.295868103708414E-002 -0.433098474861087E+001  0.664005054435317E+001
  0.295868103708414E-002 -0.434703802048487E+001  0.664363629937856E+001
  0.295868103708414E-002 -0.435188496884156E+001  0.735527394413823E+001
  0.295868103708414E-002 -0.435442922182388E+001  0.664529942922746E+001
  0.295868103708414E-002 -0.436016706835214E+001  0.735340407391801E+001
  0.295868103708414E-002 -0.436138581823350E+001  0.664687192198747E+001
  0.295868103708414E-002 -0.436199539625472E+001  0.664701004688882E+001
  0.295868103708414E-002 -0.437050395498690E+001  0.735105631684999E+001
  0.295868103708414E-002 -0.440964606457170E+001  0.665797982505894E+001
  0.295868103708414E-002 -0.441317583319144E+001  0.665880645216013E+001
  0.295868103708414E-002 -0.441541644900917E+001  0.734066778326798E+001
  0.295868103708414E-002 -0.442015250772504E+001  0.733955377948446E+001
  0.295868103708414E-002 -0.442648379477092E+001  0.666194118376407E+001
  0.295868103708414E-002 -0.442695398777234E+001  0.666205247100384E+001
  0.295868103708414E-002 -0.443751611772409E+001  0.666456208985517E+001
  0.295868103708414E-002 -0.445050675672733E+001  0.733232527638116E+001
  0.295868103708414E-002 -0.445656772688243E+001  0.666913698590353E+001
  0.295868103708414E-002 -0.447583862921647E+001  0.667382981478444E+001
  0.295868103708414E-002 -0.447944294319732E+001  0.667471504878551E+001
  0.295868103708414E-002 -0.448020821892632E+001  0.667490331381268E+001
  0.295868103708414E-002 -0.448161241366045E+001  0.667524904278430E+001
  0.295868103708414E-002 -0.450062729777958E+001  0.732003250265161E+001
  0.295868103708414E-002 -0.453277683317264E+001  0.668810758731485E+001
  0.295868103708414E-002 -0.455071665241891E+001  0.730725641736367E+001
  0.295868103708414E-002 -0.458076015242399E+001  0.729933183260447E+001
  0.295868103708414E-002 -0.458314930463514E+001  0.729869262069319E+001
  0.295868103708414E-002 -0.459054627330521E+001  0.729670484773484E+001
  0.295868103708414E-002 -0.460073494250849E+001  0.670605514191123E+001
  0.295868103708414E-002 -0.460091606214871E+001  0.670610443954630E+001
  0.295868103708414E-002 -0.460587483529411E+001  0.670745735908909E+001
  0.295868103708414E-002 -0.461902501583435E+001  0.671107584409626E+001
  0.295868103708414E-002 -0.462469716303641E+001  0.671265069286257E+001
  0.295868103708414E-002 -0.462753938711030E+001  0.728655692010583E+001
  0.295868103708414E-002 -0.463774821410410E+001  0.728369253804344E+001
  0.295868103708414E-002 -0.464658719224995E+001  0.728118893939520E+001
  0.295868103708414E-002 -0.465929394725933E+001  0.727755024560734E+001
  0.295868103708414E-002 -0.466294193077681E+001  0.672350323424333E+001
  0.295868103708414E-002 -0.466304304933994E+001  0.727646750713926E+001
  0.295868103708414E-002 -0.466333730407607E+001  0.672361765297687E+001
  0.295868103708414E-002 -0.466500814758966E+001  0.727589829065045E+001
  0.295868103708414E-002 -0.466908904108560E+001  0.727471243842333E+001
  0.295868103708414E-002 -0.467407420411266E+001  0.672674316524529E+001
  0.295868103708414E-002 -0.467651918677166E+001  0.672745991026141E+001
  0.295868103708414E-002 -0.467788243267520E+001  0.727213963542666E+001
  0.295868103708414E-002 -0.468034764904194E+001  0.727141397633776E+001
  0.295868103708414E-002 -0.468334925516610E+001  0.672947220185051E+001
  0.295868103708414E-002 -0.471073743924729E+001  0.726230360294632E+001
  0.295868103708414E-002 -0.471696483110023E+001  0.726039738366994E+001
  0.295868103708414E-002 -0.472236732944612E+001  0.725873228960995E+001
  0.295868103708414E-002 -0.472532810669966E+001  0.674218480780559E+001
  0.295868103708414E-002 -0.473463954590346E+001  0.725490948011723E+001
  0.295868103708414E-002 -0.473478103570780E+001  0.725486507152794E+001
  0.295868103708414E-002 -0.473797590057850E+001  0.674613975044204E+001
  0.295868103708414E-002 -0.474723207822885E+001  0.674907364052063E+001
  0.295868103708414E-002 -0.474910939399700E+001  0.674967287929857E+001
  0.295868103708414E-002 -0.475186226703287E+001  0.675055419892705E+001
  0.295868103708414E-002 -0.475417447716010E+001  0.724870314443644E+001
  0.295868103708414E-002 -0.475431479539824E+001  0.724865800436437E+001
  0.295868103708414E-002 -0.478554213595841E+001  0.723839972450664E+001
  0.295868103708414E-002 -0.478603850849974E+001  0.676176690188341E+001
  0.295868103708414E-002 -0.479132083759805E+001  0.676354739083170E+001
  0.295868103708414E-002 -0.479490568915481E+001  0.676476339542194E+001
  0.295868103708414E-002 -0.479727333162649E+001  0.676556997347194E+001
  0.295868103708414E-002 -0.480196075250302E+001  0.676717506577322E+001
  0.295868103708414E-002 -0.480350710125979E+001  0.676770700786158E+001
  0.295868103708414E-002 -0.480547995059931E+001  0.676838743923894E+001
  0.295868103708414E-002 -0.481565375893190E+001  0.722807141199432E+001
  0.295868103708414E-002 -0.481696981220616E+001  0.677239068462560E+001
  0.295868103708414E-002 -0.481941307763938E+001  0.722674893158709E+001
  0.295868103708414E-002 -0.482115013003971E+001  0.722613524623958E+001
  0.295868103708414E-002 -0.482180036166199E+001  0.722590509629548E+001
  0.295868103708414E-002 -0.482251895345808E+001  0.722565047716523E+001
  0.295868103708414E-002 -0.482405893712431E+001  0.677489615627827E+001
  0.295868103708414E-002 -0.484434986467175E+001  0.721777325834617E+001
  0.295868103708414E-002 -0.484748755345367E+001  0.721661754740925E+001
  0.295868103708414E-002 -0.485463662573351E+001  0.721396100177562E+001
  0.295868103708414E-002 -0.485610423902129E+001  0.721341155581360E+001
  0.295868103708414E-002 -0.486062291250210E+001  0.721171089815560E+001
  0.295868103708414E-002 -0.486967376095348E+001  0.679173726054421E+001
  0.295868103708414E-002 -0.487093761149055E+001  0.679222331083661E+001
  0.295868103708414E-002 -0.487295704582763E+001  0.679300231144825E+001
  0.295868103708414E-002 -0.488422647709568E+001  0.679740450631152E+001
  0.295868103708414E-002 -0.488749344283359E+001  0.679869868469180E+001
  0.295868103708414E-002 -0.488842425756687E+001  0.679906894419357E+001
  0.295868103708414E-002 -0.489194166427670E+001  0.719952569787853E+001
  0.295868103708414E-002 -0.489355694208043E+001  0.719887699632013E+001
  0.295868103708414E-002 -0.489509729982433E+001  0.719825640576358E+001
  0.295868103708414E-002 -0.490183916743658E+001  0.680448298383943E+001
  0.295868103708414E-002 -0.490725356028426E+001  0.719328890488775E+001
  0.295868103708414E-002 -0.491968412762749E+001  0.718807368231039E+001
  0.295868103708414E-002 -0.492806737202585E+001  0.681552672043341E+001
  0.295868103708414E-002 -0.492943307685120E+001  0.718388006444962E+001
  0.295868103708414E-002 -0.493304741371924E+001  0.718230080691843E+001
  0.295868103708414E-002 -0.493487342558977E+001  0.681850228016908E+001
  0.295868103708414E-002 -0.494492416945271E+001  0.717701215575704E+001
  0.295868103708414E-002 -0.494519231642053E+001  0.682310907380280E+001
  0.295868103708414E-002 -0.495043267007939E+001  0.682549514853310E+001
  0.295868103708414E-002 -0.496224967945128E+001  0.683099934412558E+001
  0.295868103708414E-002 -0.496429146900911E+001  0.683196864769713E+001
  0.295868103708414E-002 -0.496810681874430E+001  0.716620493193374E+001
  0.295868103708414E-002 -0.497011446769965E+001  0.716523575752919E+001
  0.295868103708414E-002 -0.497233073913346E+001  0.683584077200220E+001
  0.295868103708414E-002 -0.497617910684265E+001  0.716227295924880E+001
  0.295868103708414E-002 -0.498006317702469E+001  0.683965330663142E+001
  0.295868103708414E-002 -0.499787203333691E+001  0.684879932187890E+001
  0.295868103708414E-002 -0.499851367503373E+001  0.715086080469357E+001
  0.295868103708414E-002 -0.500022563467115E+001  0.714995022124293E+001
  0.295868103708414E-002 -0.500603153002007E+001  0.685317995506411E+001
  0.295868103708414E-002 -0.500780115451505E+001  0.714585261628020E+001
  0.295868103708414E-002 -0.501028066523506E+001  0.714448620681774E+001
  0.295868103708414E-002 -0.501789500629526E+001  0.714020688068332E+001
  0.295868103708414E-002 -0.502545177198469E+001  0.713582667956126E+001
  0.295868103708414E-002 -0.502694009108334E+001  0.686505276651649E+001
  0.295868103708414E-002 -0.503028338472132E+001  0.713295047515062E+001
  0.295868103708414E-002 -0.503097117191024E+001  0.686746403170253E+001
  0.295868103708414E-002 -0.503721990069351E+001  0.712870892077562E+001
  0.295868103708414E-002 -0.503799668385907E+001  0.687177480364321E+001
  0.295868103708414E-002 -0.503952777023436E+001  0.687273363696291E+001
  0.295868103708414E-002 -0.504228593860885E+001  0.687447940320102E+001
  0.295868103708414E-002 -0.504294433920674E+001  0.687489973571128E+001
  0.295868103708414E-002 -0.504551259116546E+001  0.712344697570906E+001
  0.295868103708414E-002 -0.504707860615864E+001  0.687757208891431E+001
  0.295868103708414E-002 -0.505801815481651E+001  0.688494233781470E+001
  0.295868103708414E-002 -0.506388193078741E+001  0.688909435779816E+001
  0.295868103708414E-002 -0.506872161436797E+001  0.689264213070616E+001
  0.295868103708414E-002 -0.507064581103056E+001  0.710591430797252E+001
  0.295868103708414E-002 -0.507264400476468E+001  0.710439410728503E+001
  0.295868103708414E-002 -0.507297774278084E+001  0.689586195914436E+001
  0.295868103708414E-002 -0.507414315899004E+001  0.689676112670229E+001
  0.295868103708414E-002 -0.507497151253609E+001  0.689740502745060E+001
  0.295868103708414E-002 -0.507512501501593E+001  0.689752479326374E+001
  0.295868103708414E-002 -0.508099407471339E+001  0.709778608512485E+001
  0.295868103708414E-002 -0.508283405183900E+001  0.690373099094752E+001
  0.295868103708414E-002 -0.508289164820919E+001  0.690377886570656E+001
  0.295868103708414E-002 -0.508375122967086E+001  0.690449621132725E+001
  0.295868103708414E-002 -0.508495465298961E+001  0.690550965171062E+001
  0.295868103708414E-002 -0.508502039256083E+001  0.709443467365568E+001
  0.295868103708414E-002 -0.508941262665249E+001  0.690936253460192E+001
  0.295868103708414E-002 -0.509050342740156E+001  0.708966951552193E+001
  0.295868103708414E-002 -0.509491552380707E+001  0.708564278480442E+001
  0.295868103708414E-002 -0.509733883416468E+001  0.708334840689442E+001
  0.295868103708414E-002 -0.509901070283451E+001  0.691827204918349E+001
  0.295868103708414E-002 -0.509921921075041E+001  0.691847640416345E+001
  0.295868103708414E-002 -0.509992046764306E+001  0.708083251558190E+001
  0.295868103708414E-002 -0.510507356453630E+001  0.707556057220786E+001
  0.295868103708414E-002 -0.510727476130992E+001  0.707319295450109E+001
  0.295868103708414E-002 -0.510768382664724E+001  0.692725552849440E+001
  0.295868103708414E-002 -0.510793003818511E+001  0.707247319703566E+001
  0.295868103708414E-002 -0.510811503811744E+001  0.692773130484506E+001
  0.295868103708414E-002 -0.511266991985798E+001  0.693296282209914E+001
  0.295868103708414E-002 -0.511414364005861E+001  0.706525479284167E+001
  0.295868103708414E-002 -0.511428007148297E+001  0.706508731797295E+001
  0.295868103708414E-002 -0.511536516114749E+001  0.706373966280573E+001
  0.295868103708414E-002 -0.511691563954732E+001  0.693823700079646E+001
  0.295868103708414E-002 -0.511693714500975E+001  0.706173513745532E+001
  0.295868103708414E-002 -0.512035585628132E+001  0.694286653000933E+001
  0.295868103708414E-002 -0.512111753370887E+001  0.705605680159238E+001
  0.295868103708414E-002 -0.512191995369672E+001  0.705489970679987E+001
  0.295868103708414E-002 -0.512212651375151E+001  0.694540212277070E+001
  0.295868103708414E-002 -0.512281926424068E+001  0.694642679662669E+001
  0.295868103708414E-002 -0.512414043461666E+001  0.705156259166801E+001
  0.295868103708414E-002 -0.512541149548558E+001  0.704955129786891E+001
  0.295868103708414E-002 -0.512543587547036E+001  0.704951192101838E+001
  0.295868103708414E-002 -0.512681185207787E+001  0.695276363619278E+001
  0.295868103708414E-002 -0.512712434636478E+001  0.695329587834225E+001
  0.295868103708414E-002 -0.462522160970147E+001  0.697137832543675E+001
  0.295868103708414E-002 -0.462614900832428E+001  0.697409987499730E+001
  0.295868103708414E-002 -0.462755890436512E+001  0.697889945240944E+001
  0.295868103708414E-002 -0.462842509425674E+001  0.701751121714681E+001
  0.295868103708414E-002 -0.462861530110393E+001  0.698338044433772E+001
