  0.699940594897929E+001 -0.264890413244007E-002
  0.699969340258093E+001 -0.264809508669706E-002
  0.699992519124125E+001 -0.264781881911254E-002
  0.699971490505939E+001 -0.264805532778381E-002
  0.699990352992261E+001 -0.264783041325458E-002
  0.699950183706131E+001 -0.264857685024723E-002
  0.699926843386152E+001 -0.264947379618929E-002
  0.699959380304431E+001 -0.264831694291386E-002
  0.699954841737015E+001 -0.264843860199131E-002
  0.699989188560664E+001 -0.264783785777411E-002
  0.699929630029229E+001 -0.264934880951325E-002
  0.699965852208484E+001 -0.264816572791306E-002
  0.699971803695911E+001 -0.264804977788143E-002
  0.699937451907118E+001 -0.264902391299352E-002
  0.699967516170449E+001 -0.264813108026205E-002
  0.700002502185452E+001 -0.264780328705884E-002
  0.700001433437244E+001 -0.264780197262451E-002
  0.699948654525809E+001 -0.264862519230506E-002
  0.699972323225211E+001 -0.264804070672469E-002
  0.699991279385722E+001 -0.264782509586557E-002
  0.699928987533650E+001 -0.264937719626054E-002
  0.699976092706761E+001 -0.264797994260202E-002
  0.699947827867472E+001 -0.264865193408402E-002
  0.699999430301019E+001 -0.264780143194170E-002
  0.699951072626712E+001 -0.264854942047282E-002
  0.699970038672213E+001 -0.264808185588094E-002
  0.699966558453586E+001 -0.264815081083841E-002
  0.699927224047676E+001 -0.264945643652912E-002
  0.700002739940244E+001 -0.264780367654024E-002
  0.699938783951595E+001 -0.264897239444958E-002
  0.699953552381732E+001 -0.264847551215598E-002
  0.699983918663965E+001 -0.264788214594535E-002
  0.699989898177206E+001 -0.264783322015004E-002
  0.699968104420826E+001 -0.264811924550861E-002
  0.699999198031360E+001 -0.264780153150321E-002
  0.699995346606757E+001 -0.264780809741416E-002
  0.699976527103465E+001 -0.264797351079002E-002
  0.699978060850595E+001 -0.264795174497912E-002
  0.699989014202495E+001 -0.264783904543862E-002
  0.699961975320259E+001 -0.264825316685176E-002
  0.699989200214203E+001 -0.264783777907190E-002
  0.699959379810526E+001 -0.264831695545291E-002
  0.699970031764796E+001 -0.264808198524296E-002
  0.699967752500679E+001 -0.264812629964654E-002
  0.699991405157395E+001 -0.264782441530501E-002
  0.699979004264709E+001 -0.264793908704903E-002
  0.699939911258326E+001 -0.264892966079141E-002
  0.699964473334894E+001 -0.264819575049682E-002
  0.699959228459022E+001 -0.264832080506564E-002
  0.699952215364284E+001 -0.264851488408340E-002
  0.699996799238153E+001 -0.264780453204147E-002
  0.699977952175637E+001 -0.264795323881727E-002
  0.699974699248764E+001 -0.264800137052177E-002
  0.699942366330793E+001 -0.264883934296338E-002
  0.699978434535398E+001 -0.264794666466236E-002
  0.699936401800158E+001 -0.264906530896231E-002
  0.699958796022434E+001 -0.264833188294494E-002
  0.699981562273430E+001 -0.264790756481793E-002
  0.699960862526818E+001 -0.264827999983235E-002
  0.699959421129817E+001 -0.264831590698805E-002
  0.699991424795938E+001 -0.264782430993155E-002
  0.699932514497239E+001 -0.264922454710596E-002
  0.699932435379310E+001 -0.264922788613288E-002
  0.699931499872724E+001 -0.264926766409164E-002
  0.699969626351787E+001 -0.264808963005069E-002
  0.699985613068399E+001 -0.264786601295544E-002
  0.699985498001742E+001 -0.264786705175320E-002
  0.699996791026876E+001 -0.264780454848907E-002
  0.699952379600959E+001 -0.264850998751910E-002
  0.699942880485234E+001 -0.264882090519483E-002
  0.699984788341446E+001 -0.264787364131637E-002
  0.699964852703959E+001 -0.264818737189861E-002
  0.699997244298625E+001 -0.264780370360822E-002
  0.699929261405675E+001 -0.264936506449482E-002
  0.699930085920971E+001 -0.264932882378220E-002
  0.699948193701340E+001 -0.264864004694922E-002
  0.699964852164462E+001 -0.264818738374983E-002
  0.699938874796508E+001 -0.264896892129959E-002
  0.699993591319236E+001 -0.264781416526416E-002
  0.699960227601143E+001 -0.264829565667727E-002
  0.699931728600757E+001 -0.264925788800341E-002
  0.699988059972962E+001 -0.264784588184430E-002
  0.699934981999619E+001 -0.264912237438440E-002
