  0.700012913313561E+001 -0.264785344103859E-002
  0.700013067471956E+001 -0.264785469264986E-002
  0.700006199690811E+001 -0.264781334181944E-002
  0.700014727872406E+001 -0.264786911496304E-002
  0.699980264615249E+001 -0.264792304470870E-002
  0.699969361685973E+001 -0.264809467623202E-002
  0.699987545150129E+001 -0.264784980654421E-002
  0.699991582412220E+001 -0.264782347295004E-002
  0.699969814464723E+001 -0.264808607006138E-002
  0.699964894453660E+001 -0.264818645532514E-002
  0.700006754871847E+001 -0.264781558935943E-002
  0.700005731466200E+001 -0.264781159605030E-002
  0.699990090608044E+001 -0.264783201678299E-002
  0.699982824272416E+001 -0.264789351977329E-002
  0.700001239546858E+001 -0.264780181066646E-002
  0.699978316709952E+001 -0.264794825710114E-002
  0.699982663353397E+001 -0.264789525530366E-002
  0.699990730560580E+001 -0.264782818130112E-002
  0.699962839835757E+001 -0.264823285483216E-002
  0.699965113967657E+001 -0.264818165403418E-002
  0.700031765286654E+001 -0.264811665346637E-002
  0.700033236493253E+001 -0.264814653816879E-002
  0.700028713182630E+001 -0.264805897016038E-002
  0.700024132115248E+001 -0.264798331770085E-002
  0.699959146879241E+001 -0.264832288597878E-002
  0.699991338216836E+001 -0.264782477629492E-002
  0.699970325769674E+001 -0.264807650550055E-002
  0.700011414399337E+001 -0.264784204567767E-002
  0.700013185402490E+001 -0.264785566015474E-002
  0.699972542646463E+001 -0.264803692622489E-002
  0.699965405809197E+001 -0.264817531740423E-002
  0.700022605221349E+001 -0.264796101677768E-002
  0.699975593985251E+001 -0.264798747225387E-002
  0.699966401989070E+001 -0.264815408874844E-002
  0.699986274247708E+001 -0.264786020435374E-002
  0.700020316360059E+001 -0.264793031629458E-002
  0.699988630723469E+001 -0.264784172440788E-002
  0.699962860412949E+001 -0.264823237705708E-002
  0.699995070886486E+001 -0.264780892306774E-002
  0.700038329365325E+001 -0.264826043684464E-002
  0.700004313580453E+001 -0.264780714519767E-002
  0.699962460374417E+001 -0.264824171285789E-002
  0.700030125891622E+001 -0.264808494593826E-002
  0.699983268198266E+001 -0.264788881588938E-002
  0.700032426280433E+001 -0.264812991291227E-002
  0.699967430528494E+001 -0.264813282129077E-002
  0.699998426007103E+001 -0.264780210472176E-002
  0.700019773680388E+001 -0.264792351752893E-002
  0.699986097529407E+001 -0.264786173010779E-002
  0.699988409516836E+001 -0.264784331154870E-002
