  0.700392025690561E+001 -0.269582762491127E-002
  0.700357197948332E+001 -0.268767332248402E-002
  0.700442517371046E+001 -0.270899558791689E-002
  0.700510211485578E+001 -0.272915000552254E-002
  0.700421097354447E+001 -0.270321476236820E-002
  0.700391056215107E+001 -0.269559038157197E-002
  0.700388766396211E+001 -0.269503236514961E-002
  0.700417230294099E+001 -0.270220167999075E-002
  0.700563208702978E+001 -0.274692759398945E-002
  0.700494542430650E+001 -0.272423014792824E-002
  0.700441579271035E+001 -0.270873640945770E-002
  0.700457636074447E+001 -0.271324844821594E-002
  0.700582279460466E+001 -0.275375425866784E-002
  0.700569938976953E+001 -0.274931084222088E-002
  0.700493507240377E+001 -0.272391051686288E-002
  0.700574708108844E+001 -0.275101677125875E-002
  0.700534078008387E+001 -0.273693861771854E-002
  0.700341136417852E+001 -0.268416822288787E-002
  0.700412811762071E+001 -0.270105556517503E-002
  0.700391434244595E+001 -0.269568282046813E-002
  0.700514859582603E+001 -0.273063895232945E-002
  0.700407716541909E+001 -0.269974907381314E-002
  0.700432903771098E+001 -0.270636560396479E-002
  0.700470661970846E+001 -0.271702717139279E-002
  0.700576800399124E+001 -0.275176967440177E-002
  0.700398753167797E+001 -0.269749010827629E-002
  0.700349084543845E+001 -0.268588258637763E-002
  0.700489528103519E+001 -0.272268813180989E-002
  0.700532239507279E+001 -0.273632598461411E-002
