  0.426390475407794E-013  0.605546436940842E+002  0.314070249092113E-001
  0.856327588346584E-013  0.591401481039374E+002  0.993022609321105E+001
  0.121233305526569E-012  0.584249495875220E+002  0.893654996361326E-001
  0.300756744239110E-011  0.519827088490687E+002  0.272174001781657E+000
  0.354578425781801E-011  0.516335526444588E+002  0.282433131674896E+000
  0.696620727721108E-010  0.456578586722523E+002  0.464441156615513E+000
  0.120933736384627E-009  0.445347845258386E+002  0.500126646240038E+000
  0.146242887639672E-009  0.441348316821327E+002  0.512958719714098E+000
  0.219339383364662E-009  0.433042282752255E+002  0.539821594936460E+000
  0.427321924880889E-009  0.419504927623125E+002  0.941575663150801E+001
  0.755476969127877E-009  0.407909688098853E+002  0.937704780563760E+001
  0.100577667433712E-008  0.401987360774894E+002  0.935703182691775E+001
  0.412841822578618E-008  0.373545668475814E+002  0.925843573216462E+001
  0.632492200698292E-008  0.364814594534905E+002  0.922729314937737E+001
  0.101664852046409E-007  0.355123611069114E+002  0.919220871219205E+001
  0.329005807071926E-007  0.331436729207491E+002  0.896006433464026E+000
  0.388886612517864E-007  0.327893474284138E+002  0.909047766054821E+001
  0.652146512937423E-007  0.317354839003514E+002  0.904975088358589E+001
  0.199966835278699E-006  0.294746484938278E+002  0.104047326639381E+001
  0.198240048595005E-006  0.294720935644780E+002  0.895942242281275E+001
  0.239345910263049E-006  0.290753305711076E+002  0.500988462627256E+001
  0.240253686788635E-006  0.290478587803575E+002  0.498318522986729E+001
  0.247766130637873E-006  0.289663783461472E+002  0.893866495199363E+001
  0.275550902088249E-006  0.287339034954842E+002  0.494969065526734E+001
  0.329699230567540E-006  0.283551859492926E+002  0.891327755764597E+001
  0.334503229964356E-006  0.283063538490292E+002  0.507754252276883E+001
  0.416311707585792E-006  0.278488777050405E+002  0.510160292380004E+001
  0.791417189779368E-006  0.265441950979785E+002  0.116400640622537E+001
  0.836427334893197E-006  0.264136656378990E+002  0.516841547597673E+001
  0.899468231649379E-006  0.262484368034835E+002  0.882306092856555E+001
  0.102915410364025E-005  0.259591586413255E+002  0.481110467054406E+001
  0.108178711518551E-005  0.258395035723610E+002  0.880502682314770E+001
  0.107500948961777E-005  0.258321727521732E+002  0.519461745022495E+001
  0.138437287468358E-005  0.253064365905852E+002  0.478162572906685E+001
  0.157558887664611E-005  0.250277722222803E+002  0.476896459683532E+001
  0.157314168296014E-005  0.250109803615747E+002  0.123207519431486E+001
  0.163811890362034E-005  0.249101319364738E+002  0.523639882029896E+001
  0.210796243237202E-005  0.243858848036959E+002  0.873940875854304E+001
  0.282673498146685E-005  0.237791831024885E+002  0.128872253649414E+001
  0.316584357248909E-005  0.235326879950629E+002  0.469976682219047E+001
  0.394830626437974E-005  0.230710530504532E+002  0.532212290917337E+001
  0.396451193539831E-005  0.230429602664120E+002  0.467653611095150E+001
  0.604953675056838E-005  0.221778617153798E+002  0.463471518523319E+001
  0.710232239316033E-005  0.218370807952062E+002  0.861794134255167E+001
  0.727888771177621E-005  0.217680676624982E+002  0.538546818608811E+001
  0.812942397005476E-005  0.215271429908594E+002  0.860254302258704E+001
  0.107045463622494E-004  0.209568853766801E+002  0.457382034272217E+001
  0.110154928062695E-004  0.208797163671324E+002  0.143010959635837E+001
  0.112664527154832E-004  0.208147620952749E+002  0.856657690393702E+001
  0.124957415994261E-004  0.205877446529088E+002  0.144505935638356E+001
  0.226068660733687E-004  0.193821124822555E+002  0.849162302806902E+001
  0.231637254056767E-004  0.193135441680642E+002  0.551205873444382E+001
  0.287368393354580E-004  0.188624586958440E+002  0.553651268173890E+001
  0.318273706485033E-004  0.186382645709186E+002  0.554881980996573E+001
  0.342260084812016E-004  0.184730454989076E+002  0.444204327971275E+001
  0.409242713701321E-004  0.180956698729713E+002  0.842095335615928E+001
  0.457701897569412E-004  0.178519498483308E+002  0.840716496418786E+001
  0.525309217537162E-004  0.175565112237018E+002  0.839026726081613E+001
  0.561929246136920E-004  0.174018328211517E+002  0.561866203502501E+001
  0.641750183642371E-004  0.171162858384545E+002  0.436470034636149E+001
  0.805819468913035E-004  0.166410639216888E+002  0.166344791041459E+001
  0.875806677013243E-004  0.164545919703815E+002  0.432534372564525E+001
  0.963948737084644E-004  0.162429058333584E+002  0.431250379238542E+001
  0.964668783559552E-004  0.162215117775484E+002  0.568880087105580E+001
  0.166468062082739E-003  0.151104036123588E+002  0.424155782811209E+001
  0.168163344284617E-003  0.150702383051554E+002  0.176103293444508E+001
  0.187884656811415E-003  0.148285527384499E+002  0.577673809017172E+001
  0.203761105238716E-003  0.146464120608861E+002  0.578870846146711E+001
  0.202722950824462E-003  0.146367273636784E+002  0.421065174173016E+001
  0.209465641178734E-003  0.145513878032390E+002  0.820499929843264E+001
  0.210939978157163E-003  0.145174593269197E+002  0.820274467490488E+001
  0.237047817275392E-003  0.142641821609306E+002  0.581422160294766E+001
  0.255612537473479E-003  0.140934797172067E+002  0.582579473012421E+001
  0.282646502727819E-003  0.138725105806175E+002  0.815905261036922E+001
  0.283119852565445E-003  0.138492633081158E+002  0.584255307239119E+001
  0.404580557684744E-003  0.131154015361800E+002  0.589443882731170E+001
  0.405887763047221E-003  0.130890492639044E+002  0.810365263689696E+001
  0.418412619265993E-003  0.130083658074413E+002  0.590221140926554E+001
  0.415856774723404E-003  0.130007194729678E+002  0.809723123195603E+001
  0.417463690751430E-003  0.129731054856618E+002  0.190478397637234E+001
  0.464970466244464E-003  0.127376521882182E+002  0.192211985322123E+001
  0.505386993415406E-003  0.125510503879585E+002  0.593605953042464E+001
  0.647873511605762E-003  0.120344076867218E+002  0.197564337724580E+001
  0.678204488357883E-003  0.119230002879056E+002  0.401561868177795E+001
  0.735165169564624E-003  0.117418069327018E+002  0.800124441068961E+001
  0.746097922362293E-003  0.116923829503021E+002  0.200271241221339E+001
  0.750115856274931E-003  0.116617406589481E+002  0.399482650052183E+001
  0.799609137670047E-003  0.115140492757841E+002  0.398287799081740E+001
  0.906212436519583E-003  0.112438471628983E+002  0.396063354447484E+001
  0.908365223232192E-003  0.112192009611792E+002  0.395857885147502E+001
  0.905557207518199E-003  0.112054924450894E+002  0.795743409795098E+001
  0.925675819605536E-003  0.111416445166187E+002  0.395208423123442E+001
  0.920045039304039E-003  0.111339467787571E+002  0.395143719987573E+001
  0.940336742183284E-003  0.110704152713150E+002  0.394608017848196E+001
  0.106424966843185E-002  0.108029401182501E+002  0.792318561493609E+001
  0.107996424094981E-002  0.107537236241813E+002  0.391891079032434E+001
  0.112106490492613E-002  0.106591207400972E+002  0.791063745756501E+001
  0.112265470548151E-002  0.106363858546954E+002  0.209136200967812E+001
  0.112495793246302E-002  0.106123862165929E+002  0.209347749318632E+001
  0.113329855277427E-002  0.105777119305596E+002  0.390345734243230E+001
  0.114612325343371E-002  0.105353058493650E+002  0.210030549818102E+001
  0.219152401130633E-002  0.910583768184280E+001  0.610267988268320E+001
  0.231882557121189E-002  0.899291040019937E+001  0.611280496626818E+001
  0.240295759810657E-002  0.888279528248705E+001  0.787720955822663E+001
  0.274071307690499E-002  0.858092346599804E+001  0.615076674676151E+001
  0.346683446334541E-002  0.795986078976429E+001  0.621143986265565E+001
  0.360698383754796E-002  0.788060078604790E+001  0.778047773165793E+001
  0.361041467289681E-002  0.784131509495899E+001  0.777644045427816E+001
  0.397464188507267E-002  0.761170679162321E+001  0.775241109142938E+001
  0.434839441008795E-002  0.743196274443395E+001  0.773305075060031E+001
  0.460858520475977E-002  0.727763788038457E+001  0.771601077136295E+001
  0.468456557861931E-002  0.724493333541421E+001  0.628765268477202E+001
  0.473693132882402E-002  0.714576809036757E+001  0.770112214221564E+001
  0.512331203980836E-002  0.698894491913455E+001  0.768299381469217E+001
  0.513176370857639E-002  0.698564833863572E+001  0.768260757249532E+001
  0.547905218065058E-002  0.685468289197983E+001  0.633291782622902E+001
  0.564352594958998E-002  0.675512365279423E+001  0.765503370012032E+001
  0.577112213830895E-002  0.667000323593099E+001  0.635544598240706E+001
  0.582748351895496E-002  0.661016037305821E+001  0.763708321555002E+001
  0.589336776082665E-002  0.650766501079095E+001  0.637592006475709E+001
  0.588445397804587E-002  0.647108706793086E+001  0.638062669195777E+001
  0.593388557105372E-002  0.633781868439388E+001  0.639808609141401E+001
  0.608489404046996E-002  0.624946214448897E+001  0.759005364753086E+001
  0.605079067467532E-002  0.622260647358991E+001  0.758640122750607E+001
  0.606907662770745E-002  0.621657143493774E+001  0.758557731636077E+001
  0.629833168336806E-002  0.610357863661125E+001  0.643006847279341E+001
  0.647060347822456E-002  0.604960945402268E+001  0.643769503248694E+001
  0.649306891088622E-002  0.604267763579210E+001  0.756131790063472E+001
  0.673002298971471E-002  0.593058567499380E+001  0.754510831203096E+001
  0.675129407697673E-002  0.588386897643647E+001  0.753820850985104E+001
  0.693420859165466E-002  0.578999810653038E+001  0.647593029004616E+001
  0.684587988254692E-002  0.577523256177295E+001  0.752181086011112E+001
  0.745473094914345E-002  0.552481816601725E+001  0.651810761532371E+001
  0.738451052856598E-002  0.550414135728325E+001  0.652155253056207E+001
  0.714702603124610E-002  0.549107653928798E+001  0.747625792395751E+001
  0.736192152765635E-002  0.535489468703208E+001  0.745280516093721E+001
  0.723386048055546E-002  0.535189455523927E+001  0.654772520224478E+001
  0.732842224957195E-002  0.528782336452525E+001  0.744079598701699E+001
  0.743374980715510E-002  0.525928302654219E+001  0.743558540849412E+001
  0.747620663577208E-002  0.520905662883122E+001  0.742626098162890E+001
  0.749461158504752E-002  0.516530290130240E+001  0.658203130732718E+001
  0.740794922253103E-002  0.514972805777244E+001  0.658502306920766E+001
  0.732578000664867E-002  0.513319990231259E+001  0.741177827555160E+001
  0.740023254661939E-002  0.511297632200870E+001  0.659216967331054E+001
  0.684943605013635E-002  0.500561000619086E+001  0.661380449920179E+001
  0.673572925063141E-002  0.500369132937047E+001  0.661420215585684E+001
  0.673737236254261E-002  0.500320350942625E+001  0.661430332467801E+001
  0.669851962795457E-002  0.497873337999796E+001  0.738058731540333E+001
  0.665444026364254E-002  0.492050163532230E+001  0.736814348493190E+001
  0.659986964067339E-002  0.483259901546844E+001  0.734851858820039E+001
  0.511257809541962E-001  0.631978095482031E+000  0.668334687929635E+001
  0.529153432487402E-001  0.563169196111385E+000  0.670123625562653E+001
  0.529400767613238E-001  0.562234581217545E+000  0.670148662246217E+001
  0.461537101675988E-001  0.471958058398970E+000  0.672674921241089E+001
  0.463709832160522E-001  0.462564957384131E+000  0.672951322258621E+001
  0.467299273244704E-001  0.447143158184107E+000  0.673411354136833E+001
  0.469100845719573E-001  0.439447410773394E+000  0.673643921138004E+001
  0.484371852645402E-001  0.375377142505872E+000  0.675666269012917E+001
