  0.605228904525205E-016  0.676115224902128E+002  0.999207040118882E+001
  0.759095405856965E-016  0.671518254543224E+002  0.202460235905721E-001
  0.104090431763681E-015  0.665137345109678E+002  0.996257307234624E+001
  0.116449883632632E-015  0.662826770517096E+002  0.995632711578231E+001
  0.132667459995324E-015  0.660152520726777E+002  0.994908155513961E+001
  0.149299953997522E-015  0.657723730925697E+002  0.994248557890219E+001
  0.158514557667268E-015  0.656459394340706E+002  0.609538968080969E-001
  0.164560507590112E-015  0.655644200653089E+002  0.993682633086903E+001
  0.195294649737494E-015  0.652153022600416E+002  0.992730081283814E+001
  0.203196580175748E-015  0.651293177932385E+002  0.750499945889049E-001
  0.377874781018568E-015  0.638818842373073E+002  0.989063023667943E+001
  0.755795665738756E-015  0.624888122918416E+002  0.985181550138344E+001
  0.851368891354196E-015  0.622440077951197E+002  0.155060117602595E+000
  0.884420251658090E-015  0.621611785489846E+002  0.984260976130628E+001
  0.111051405585421E-014  0.616992310627803E+002  0.170420763208590E+000
  0.151941723949949E-014  0.610655677930452E+002  0.188393246891834E+000
  0.185237505038088E-014  0.606626286919622E+002  0.199881738577785E+000
  0.222357554119319E-014  0.602906773564425E+002  0.210528712413944E+000
  0.389651745750331E-014  0.591620883958537E+002  0.243085813708958E+000
  0.446169282189911E-014  0.588845427038621E+002  0.251151419256757E+000
  0.562391689843386E-014  0.584148868683521E+002  0.264854010080531E+000
  0.626923071765064E-014  0.581909807353723E+002  0.972858912350243E+001
  0.711340949776130E-014  0.579316691354529E+002  0.972097569796363E+001
  0.116393023148417E-013  0.569402018802784E+002  0.969166751068566E+001
  0.158367813488352E-013  0.563176509678033E+002  0.326899582491385E+000
  0.208982127935549E-013  0.557563384376579E+002  0.965624845171936E+001
  0.212204608146963E-013  0.557190784455502E+002  0.965512603062910E+001
  0.216936865675241E-013  0.556683120101239E+002  0.346404023055500E+000
  0.268193314951231E-013  0.552374530793259E+002  0.359425407240243E+000
  0.302598134715933E-013  0.549894023147038E+002  0.366951185870489E+000
  0.319530032814960E-013  0.548738554711663E+002  0.370464192557397E+000
  0.347906745663643E-013  0.546970334853573E+002  0.375849271689337E+000
  0.355436666023241E-013  0.546475526909860E+002  0.962264182033955E+001
  0.417829031727497E-013  0.543174466005532E+002  0.961255299340027E+001
  0.530939953008999E-013  0.538316378240624E+002  0.959763425814455E+001
  0.908123449768631E-013  0.527515194533715E+002  0.956415381749528E+001
  0.103338017765585E-012  0.524864436597099E+002  0.955587023786220E+001
  0.202782129667743E-012  0.511315344618718E+002  0.486896898029111E+000
  0.206517606121873E-012  0.510883718444634E+002  0.951172872387731E+001
  0.209578557595457E-012  0.510522903098209E+002  0.489420756716179E+000
  0.247572150690048E-012  0.507124279060358E+002  0.500273984573122E+000
  0.441266581022001E-012  0.495498780709240E+002  0.537760738964621E+000
  0.474374451951803E-012  0.493985268749088E+002  0.945731682678925E+001
  0.481947346220616E-012  0.493601955446557E+002  0.543931398681804E+000
  0.687024092921420E-012  0.486444709775008E+002  0.567355956240959E+000
  0.885140555879539E-012  0.481310612148391E+002  0.941570103316004E+001
  0.147193464086380E-011  0.471072327464223E+002  0.938155388909505E+001
  0.196991036956858E-011  0.465177563136367E+002  0.638330527483136E+000
  0.461208971596499E-011  0.448097147116352E+002  0.930308402823211E+001
  0.757022480980441E-011  0.438119757123886E+002  0.926816176698629E+001
  0.945839497312694E-011  0.433599602529589E+002  0.925216236708405E+001
  0.160309927300635E-010  0.422980622925331E+002  0.785879033557222E+000
  0.225072240966362E-010  0.416127818434983E+002  0.918922058783393E+001
  0.228650287937278E-010  0.415745816877886E+002  0.918782420621091E+001
  0.262305088190326E-010  0.412932969563020E+002  0.822485545341998E+000
  0.548004090250121E-010  0.398130924444494E+002  0.912243644860055E+001
  0.607887067093923E-010  0.395990241264202E+002  0.911435227610336E+001
  0.874685598089201E-010  0.388646177752022E+002  0.913620233210513E+000
  0.890040784805820E-010  0.388231566310523E+002  0.915210622579685E+000
  0.891710510212287E-010  0.388127525458990E+002  0.915609898656191E+000
  0.128803066081720E-009  0.380706406225566E+002  0.944289858261806E+000
  0.178652576276805E-009  0.374096682687689E+002  0.902982477328444E+001
  0.183612083139247E-009  0.373482481222721E+002  0.972597379206650E+000
  0.186229084485629E-009  0.373132880129589E+002  0.902602264777806E+001
  0.229172139063126E-009  0.368916406982822E+002  0.990695593255874E+000
  0.252935917315830E-009  0.366876596275641E+002  0.900116646675045E+001
  0.278792688052531E-009  0.364863394740928E+002  0.100689789446425E+001
  0.324823955899731E-009  0.361740540751643E+002  0.101947220689471E+001
  0.370529667139169E-009  0.359040981882511E+002  0.896959320605966E+001
  0.387628947891390E-009  0.358072125132466E+002  0.103434598940819E+001
  0.421416251329124E-009  0.356334119260076E+002  0.104143225917574E+001
  0.438323827301768E-009  0.355480825393670E+002  0.104492074494793E+001
  0.496784941939894E-009  0.352910284569608E+002  0.105546760367693E+001
  0.500105246937036E-009  0.352710501765944E+002  0.499723696526743E+001
  0.500238589181795E-009  0.352638614107554E+002  0.499254066517294E+001
  0.525247389187906E-009  0.351596374183062E+002  0.497232684994965E+001
  0.528404084474258E-009  0.351409979713114E+002  0.502992704739145E+001
  0.542728246908440E-009  0.350808475390234E+002  0.496366128507525E+001
  0.601916547105303E-009  0.348671717967019E+002  0.494610515967924E+001
  0.608373920226719E-009  0.348391744491657E+002  0.494413335012541E+001
  0.661930289445867E-009  0.346637777607072E+002  0.493273056382260E+001
  0.103561105529887E-008  0.337619488292426E+002  0.511473342909571E+001
  0.117259215833302E-008  0.335068429010389E+002  0.512679274563543E+001
  0.125077476206291E-008  0.333710946191440E+002  0.886387146185010E+001
  0.125284807039259E-008  0.333611265451169E+002  0.113655643110533E+001
  0.125691538954730E-008  0.333479885648483E+002  0.513417381273030E+001
  0.125672935868526E-008  0.333416290183208E+002  0.486553229866205E+001
  0.130819115404552E-008  0.332547078671385E+002  0.486152616686397E+001
  0.139005141020525E-008  0.331266615917053E+002  0.485565649479814E+001
  0.144051399647768E-008  0.330486874921603E+002  0.115001846334028E+001
  0.144675205096603E-008  0.330333897375551E+002  0.884931988721395E+001
  0.145739804359852E-008  0.330120709478618E+002  0.884839742449888E+001
  0.148562637096937E-008  0.329670477714892E+002  0.884644776007188E+001
  0.173682405325330E-008  0.326479487778850E+002  0.116742981261349E+001
  0.179809043230064E-008  0.325719591133566E+002  0.882924988598421E+001
  0.185331839144153E-008  0.325047984800634E+002  0.517252459101247E+001
  0.188523165319861E-008  0.324639970020725E+002  0.482563634278762E+001
  0.189821172494458E-008  0.324436183433320E+002  0.517528201218404E+001
  0.211782534248940E-008  0.322180076935574E+002  0.881370419809995E+001
  0.215057678919695E-008  0.321806595136909E+002  0.881205607237380E+001
  0.261771983546534E-008  0.317808687998326E+002  0.520515444666405E+001
  0.299582433535255E-008  0.315043816519792E+002  0.878194914393001E+001
  0.337527299141080E-008  0.312592125187515E+002  0.522879600698605E+001
  0.368535202724475E-008  0.310767772516405E+002  0.523711102952569E+001
  0.370263782344186E-008  0.310607627913869E+002  0.523784228743723E+001
  0.391354168482952E-008  0.309433126614838E+002  0.875657954931555E+001
  0.407076439929678E-008  0.308578810229750E+002  0.475287356073391E+001
  0.431992031124417E-008  0.307324131213901E+002  0.125305186492025E+001
  0.457135313939822E-008  0.306126129467307E+002  0.125854665330560E+001
  0.467053179395595E-008  0.305630299928359E+002  0.873917408159447E+001
  0.479528225445136E-008  0.305036551502020E+002  0.873644075950449E+001
  0.532548639654050E-008  0.302872566128832E+002  0.527345830947110E+001
  0.546816051905392E-008  0.302277245826679E+002  0.527622561296617E+001
  0.573076447752285E-008  0.301272556745111E+002  0.471909503595936E+001
  0.600156357085755E-008  0.300282579104780E+002  0.128560128531526E+001
  0.606059883156568E-008  0.300020251665582E+002  0.871317416332535E+001
  0.731012178196935E-008  0.296204669444251E+002  0.469530934130314E+001
  0.748891825944802E-008  0.295654825058476E+002  0.530729023366478E+001
  0.763455455372466E-008  0.295203064619807E+002  0.130947028385978E+001
  0.771077353070483E-008  0.294937830488364E+002  0.868927409707544E+001
  0.838172035703545E-008  0.293202581169567E+002  0.468106907138065E+001
  0.856823653472898E-008  0.292695850309735E+002  0.867862303457089E+001
  0.950467824809210E-008  0.290554850807156E+002  0.533158768902330E+001
  0.992004429101814E-008  0.289632829774394E+002  0.133603877340050E+001
  0.102068569736439E-007  0.288996226759726E+002  0.466091779734844E+001
  0.102327790615449E-007  0.288878941871006E+002  0.866033272483931E+001
  0.106475434839178E-007  0.288017725955726E+002  0.465619579156081E+001
  0.112182259380095E-007  0.286906958858105E+002  0.534918057259485E+001
  0.116772512031566E-007  0.286038346337125E+002  0.464660311078244E+001
  0.118717027626695E-007  0.285641489699928E+002  0.535532680919413E+001
  0.121709626339969E-007  0.285077026827507E+002  0.535807565605602E+001
  0.125102521282260E-007  0.284460561513500E+002  0.463891705264612E+001
  0.143758778229905E-007  0.281613942264534E+002  0.137504930429605E+001
  0.152232033082087E-007  0.280402003531618E+002  0.461898026317813E+001
  0.162715924947337E-007  0.279003447763143E+002  0.861204740980112E+001
  0.164090500392656E-007  0.278768647588504E+002  0.538911231894322E+001
  0.169067718673120E-007  0.278104467194899E+002  0.539241462951431E+001
  0.177568435291849E-007  0.277056776419474E+002  0.460236248129177E+001
  0.181849168040898E-007  0.276513790399654E+002  0.459964894096724E+001
  0.223349107150376E-007  0.272336065521676E+002  0.142138708494355E+001
  0.224968564236147E-007  0.272125017166161E+002  0.542245435912932E+001
  0.251915509391643E-007  0.269795799901044E+002  0.543431144638919E+001
  0.271837760799136E-007  0.268207010707439E+002  0.855754738565324E+001
  0.314534619995246E-007  0.265222680328182E+002  0.854214285086925E+001
  0.315210303037808E-007  0.265113206622451E+002  0.145842515809467E+001
  0.326391875352097E-007  0.264349477093856E+002  0.453760735369494E+001
  0.338614231861150E-007  0.263547665907754E+002  0.453342984591982E+001
  0.338101412650970E-007  0.263511422353741E+002  0.546675925487199E+001
  0.337223807455425E-007  0.263496847770029E+002  0.146683619545833E+001
  0.424767870994486E-007  0.258814371831923E+002  0.149146705818302E+001
  0.505261318573967E-007  0.255277157547164E+002  0.448965671508424E+001
  0.516984006082058E-007  0.254751878144153E+002  0.448683307589929E+001
  0.557864590087461E-007  0.253163235845907E+002  0.847826028180788E+001
  0.566658793714303E-007  0.252783858344127E+002  0.447620597431191E+001
  0.611527449971429E-007  0.251193252625186E+002  0.553243935075130E+001
  0.615152078773859E-007  0.251008503301180E+002  0.446655318923571E+001
  0.699366773976764E-007  0.248375831554583E+002  0.845212086002149E+001
  0.779974118538779E-007  0.246127567337948E+002  0.556031842804646E+001
  0.786966287086078E-007  0.245882518086503E+002  0.156168085022125E+001
  0.799108385960318E-007  0.245509738718057E+002  0.156375576355373E+001
  0.821806198527510E-007  0.244883022706964E+002  0.843274912338051E+001
  0.826752949821439E-007  0.244696440489421E+002  0.443170700610577E+001
  0.841766866866497E-007  0.244269941170175E+002  0.842932177831271E+001
  0.861735147738596E-007  0.243734487877314E+002  0.842632166542938E+001
  0.930607704175172E-007  0.242130135118536E+002  0.841729455270695E+001
  0.949469322345644E-007  0.241662271269417E+002  0.558534874660298E+001
  0.102141895859214E-006  0.240134818368320E+002  0.559401319535982E+001
  0.103985518413826E-006  0.239710489346487E+002  0.440357031309723E+001
  0.103675124851205E-006  0.239703722205383E+002  0.159646829657384E+001
  0.109590149975364E-006  0.238527460651525E+002  0.160318896852129E+001
  0.121052733879360E-006  0.236471329452607E+002  0.561501515324884E+001
  0.123663793727302E-006  0.235977968160493E+002  0.838213211300660E+001
  0.124185286017779E-006  0.235827249357416E+002  0.838125945316398E+001
  0.124631418734149E-006  0.235688972777022E+002  0.838045834840047E+001
  0.129345111319718E-006  0.234879949327732E+002  0.837576192579964E+001
  0.132488358899444E-006  0.234333180116078E+002  0.162742119749230E+001
  0.138730489911105E-006  0.233345857408577E+002  0.563318785179867E+001
  0.146233640281278E-006  0.232225851825841E+002  0.563975908285390E+001
  0.153339132953951E-006  0.231210367920346E+002  0.835425535773788E+001
  0.153010730114768E-006  0.231186691584694E+002  0.564588450135296E+001
  0.159829748633379E-006  0.230248113237550E+002  0.834855904543962E+001
  0.160443848675715E-006  0.230104860411642E+002  0.165229103519251E+001
  0.168147392434552E-006  0.229100366573402E+002  0.565826695083571E+001
  0.173577434401468E-006  0.228398153233115E+002  0.166246041592555E+001
  0.177824481738000E-006  0.227848133460160E+002  0.566575420498539E+001
  0.189621117002471E-006  0.226496958577335E+002  0.432611954208939E+001
  0.197544382385449E-006  0.225611696379084E+002  0.567923172251668E+001
  0.208142042643244E-006  0.224499991298788E+002  0.431401733604403E+001
  0.210490582126889E-006  0.224209032143427E+002  0.831224471861427E+001
  0.224717544889998E-006  0.222834409423397E+002  0.569616249215831E+001
  0.237161908817738E-006  0.221689877423226E+002  0.170320405382812E+001
  0.237579333350196E-006  0.221588150913378E+002  0.829616823825083E+001
  0.243991892555452E-006  0.220988927218459E+002  0.829246451507635E+001
  0.251625699675777E-006  0.220306218075091E+002  0.828823180229246E+001
  0.251814603357573E-006  0.220224653249167E+002  0.828772518000654E+001
  0.252995997817041E-006  0.220064486369138E+002  0.171327024238094E+001
  0.273546655728945E-006  0.218435960061473E+002  0.827656454917868E+001
  0.283876354525414E-006  0.217628072719976E+002  0.827149158501180E+001
  0.284188166710398E-006  0.217539560805417E+002  0.827093456169973E+001
  0.309677923274627E-006  0.215755080551464E+002  0.574034807228743E+001
  0.330819528230459E-006  0.214367720858780E+002  0.174919017393662E+001
  0.358380007772210E-006  0.212700746998779E+002  0.424010227038505E+001
  0.365045927505535E-006  0.212265605661132E+002  0.423729195402292E+001
  0.365421777524998E-006  0.212178468522141E+002  0.576327157983551E+001
  0.367066906259541E-006  0.212022074799941E+002  0.176428365551180E+001
  0.374318468580046E-006  0.211564262637665E+002  0.176725108418671E+001
  0.380401460807776E-006  0.211175302525647E+002  0.423022214622021E+001
  0.386874899585442E-006  0.210771262463127E+002  0.422759190611578E+001
  0.396535996736006E-006  0.210211397875521E+002  0.177606207132692E+001
  0.395237727780446E-006  0.210210430010163E+002  0.422393160290867E+001
  0.397627387408774E-006  0.210023315650824E+002  0.177729204727809E+001
  0.410608293763633E-006  0.209314272863172E+002  0.178194004538078E+001
  0.416497805164193E-006  0.208962887293993E+002  0.821574992656389E+001
  0.419859549277483E-006  0.208735550352345E+002  0.178574694034821E+001
  0.418900360900035E-006  0.208714737737973E+002  0.578588406979297E+001
  0.420899133795367E-006  0.208552979370169E+002  0.178695038965469E+001
  0.445222046420281E-006  0.207362825155433E+002  0.179482495473763E+001
  0.496016564306398E-006  0.205135545683383E+002  0.180970154239773E+001
  0.496809455052326E-006  0.205037045073515E+002  0.581036374932441E+001
  0.515576767547631E-006  0.204228896298846E+002  0.418418918609400E+001
  0.552949045612076E-006  0.202762747606215E+002  0.582575741463611E+001
  0.562071610715880E-006  0.202368923655317E+002  0.182844357126032E+001
  0.567080319436649E-006  0.202124934102040E+002  0.816988915409488E+001
  0.566640515596098E-006  0.202073895483924E+002  0.816954008694828E+001
  0.574284220429688E-006  0.201739352883084E+002  0.583275052638418E+001
  0.601662676531969E-006  0.200741346702000E+002  0.816038925989007E+001
  0.612508118847418E-006  0.200317485953786E+002  0.815746337414917E+001
  0.633403660549888E-006  0.199580015837872E+002  0.584764504563802E+001
  0.651499879143193E-006  0.198950074080733E+002  0.185202662377216E+001
  0.651660133652647E-006  0.198878599327755E+002  0.414747517474571E+001
  0.672095972718221E-006  0.198194483760798E+002  0.185730431548510E+001
  0.677158211848657E-006  0.197977852074309E+002  0.814117804063396E+001
  0.686848037297323E-006  0.197627133690003E+002  0.813871674540961E+001
  0.700492419723244E-006  0.197167168403030E+002  0.413548068315412E+001
  0.700361646204371E-006  0.197104346709459E+002  0.186496201183063E+001
  0.717615856940661E-006  0.196551039535218E+002  0.186886856652301E+001
  0.744977060372715E-006  0.195736103357904E+002  0.412535298509611E+001
  0.749022842040942E-006  0.195561226489858E+002  0.187589088115346E+001
  0.750709520357313E-006  0.195449684553951E+002  0.187668497735523E+001
  0.799673353723382E-006  0.194119437752697E+002  0.811380101062953E+001
  0.842456913955727E-006  0.193010498275411E+002  0.810580724343928E+001
  0.858125976202039E-006  0.192575374595416E+002  0.589734516696260E+001
  0.855910964795503E-006  0.192560509923120E+002  0.810254698131468E+001
  0.856135278437673E-006  0.192488713289849E+002  0.589797409289493E+001
  0.896762977660746E-006  0.191494893708459E+002  0.190521235549009E+001
  0.944486896684208E-006  0.190391333399165E+002  0.591330638096027E+001
  0.957094157395859E-006  0.190059578374626E+002  0.591575143935224E+001
  0.105771111369106E-005  0.187993807552863E+002  0.593110215263249E+001
  0.110037426968967E-005  0.187136389343079E+002  0.193753874577683E+001
  0.109860045082333E-005  0.187102099837596E+002  0.593779696636717E+001
  0.110919859752149E-005  0.186843529674437E+002  0.806025381962396E+001
  0.123194046567994E-005  0.184677918467009E+002  0.804378560188783E+001
  0.128111695819801E-005  0.183828527057613E+002  0.596274491075276E+001
  0.131003702767722E-005  0.183315509631620E+002  0.403329078257398E+001
  0.130883914250736E-005  0.183267250002255E+002  0.403291707667286E+001
  0.131715028253045E-005  0.183074095552368E+002  0.803141999984202E+001
  0.135732489981240E-005  0.182406634725190E+002  0.802622991714296E+001
  0.140479350885990E-005  0.181652588004492E+002  0.802033479569604E+001
  0.141608544335619E-005  0.181425911970588E+002  0.198144402276281E+001
  0.141978961698702E-005  0.181307108793112E+002  0.801762243878857E+001
  0.145430194391369E-005  0.180760206625630E+002  0.198668613290536E+001
  0.145607104675219E-005  0.180669336372507E+002  0.401259620244321E+001
  0.147409378853025E-005  0.180356747052756E+002  0.801012357663818E+001
  0.148488315691874E-005  0.180144337918417E+002  0.400843993075263E+001
  0.149394369782372E-005  0.179956115846069E+002  0.800694564936411E+001
  0.150851623561714E-005  0.179695417207402E+002  0.199512768843268E+001
  0.150967856431762E-005  0.179613457114772E+002  0.800421959803250E+001
  0.158167203746478E-005  0.178615185669084E+002  0.799623524227040E+001
  0.158479390195266E-005  0.178509193276923E+002  0.799538373488167E+001
  0.159671730928838E-005  0.178292728046908E+002  0.799364245882850E+001
  0.162957178509348E-005  0.177818823608969E+002  0.398981961234518E+001
  0.164477162083219E-005  0.177566582397411E+002  0.601222117576957E+001
  0.167990611568827E-005  0.177077299274030E+002  0.201619185019604E+001
  0.174035250930539E-005  0.176303747953624E+002  0.602250235064388E+001
  0.176177983839155E-005  0.175992454439567E+002  0.797494664380635E+001
  0.178823528950579E-005  0.175627804799625E+002  0.602805012267483E+001
  0.179001874244289E-005  0.175541312424584E+002  0.602876229169594E+001
  0.180042312514104E-005  0.175358844295449E+002  0.203026643042359E+001
  0.180731947338782E-005  0.175215826756560E+002  0.796855300079096E+001
  0.181680793202121E-005  0.175044545273161E+002  0.796713722480669E+001
  0.182216907693414E-005  0.174919059186467E+002  0.603390133308156E+001
  0.182080266106076E-005  0.174867506695490E+002  0.203432831958059E+001
  0.188921812668000E-005  0.174063238344368E+002  0.395898566243072E+001
  0.192835043518236E-005  0.173586644807166E+002  0.395500157285332E+001
  0.192706264220015E-005  0.173533449887835E+002  0.204544414231456E+001
  0.195712704237728E-005  0.173157279952450E+002  0.204860199365596E+001
  0.196216887656041E-005  0.173039267592393E+002  0.204959483970546E+001
  0.201383288519683E-005  0.172452924127163E+002  0.205454324621863E+001
  0.202589663216937E-005  0.172266916933509E+002  0.794388153820930E+001
  0.217166875907981E-005  0.170810691100938E+002  0.606854267684879E+001
  0.216523121565417E-005  0.170803509950943E+002  0.606860435557595E+001
  0.217350746136517E-005  0.170660653119088E+002  0.606983219947023E+001
  0.221428864414718E-005  0.170222317443010E+002  0.207360981960927E+001
  0.224298311982655E-005  0.169898251005859E+002  0.207641259031429E+001
  0.227034226070886E-005  0.169589217884539E+002  0.392090671264219E+001
  0.232306618041653E-005  0.169063515146403E+002  0.608367149472517E+001
  0.235390005233425E-005  0.168733247210538E+002  0.391344055231051E+001
  0.238783471817874E-005  0.168380422801548E+002  0.791034523784165E+001
  0.240234778727592E-005  0.168192676514881E+002  0.790869384914519E+001
  0.253710443556867E-005  0.167034581895569E+002  0.789844031385803E+001
  0.254026406460617E-005  0.166943134227425E+002  0.389762566522764E+001
  0.547928359939751E-005  0.152499102217866E+002  0.610983068722154E+001
  0.548828426341916E-005  0.152466275738359E+002  0.611012574947897E+001
  0.550248711162949E-005  0.152275212236279E+002  0.611184507786813E+001
  0.558703424131191E-005  0.151830870708650E+002  0.611585651545409E+001
  0.558512735251023E-005  0.151698324609257E+002  0.788294335247197E+001
  0.620098246250336E-005  0.148918961612529E+002  0.614260909981099E+001
  0.677322444324819E-005  0.146749517137590E+002  0.616309615598454E+001
  0.677771535110972E-005  0.146602481000938E+002  0.616450286299628E+001
  0.679799891982306E-005  0.146542716679439E+002  0.783492468929679E+001
  0.692528863054517E-005  0.146037007269246E+002  0.783006498916305E+001
  0.740523782122042E-005  0.144562169969606E+002  0.618427303008907E+001
  0.737355089188717E-005  0.144513252722436E+002  0.781524708738229E+001
  0.755505788389661E-005  0.143625544187841E+002  0.619351101871642E+001
  0.769947441527405E-005  0.143113957105254E+002  0.780139820539504E+001
  0.801615606187437E-005  0.142042913686727E+002  0.779063416882523E+001
  0.837493436747485E-005  0.141035215445873E+002  0.621962879534139E+001
  0.839426182800376E-005  0.140989113130982E+002  0.777989844212054E+001
  0.861855605902744E-005  0.140461729063284E+002  0.777446977664650E+001
  0.866178484190857E-005  0.140227884438572E+002  0.777205046528286E+001
  0.862324745863002E-005  0.140050394903317E+002  0.777020911990147E+001
  0.884055241351779E-005  0.139419751732034E+002  0.623636933165379E+001
  0.924930947325387E-005  0.138250856551362E+002  0.624871478468685E+001
  0.922458804884023E-005  0.138172370155143E+002  0.624955100612458E+001
  0.943171569731091E-005  0.137205354804079E+002  0.625993145804487E+001
  0.939270270499611E-005  0.137030185519608E+002  0.626182743329214E+001
  0.944217117302233E-005  0.136796510292191E+002  0.773563573499483E+001
  0.975438347009667E-005  0.136017276089621E+002  0.627288777526419E+001
  0.974925617891684E-005  0.135899173840911E+002  0.627418834992754E+001
  0.996591772472576E-005  0.135459572811492E+002  0.627904997752257E+001
  0.104774126894428E-004  0.134072694284683E+002  0.770539271223996E+001
  0.105414249746795E-004  0.133950875021100E+002  0.629599022005094E+001
  0.105717506819495E-004  0.133893421365396E+002  0.770335660356086E+001
  0.112428283193456E-004  0.132149672172164E+002  0.768323533623558E+001
  0.112284156019151E-004  0.132048343019702E+002  0.768204784160758E+001
  0.120118088477848E-004  0.130446323802961E+002  0.633700908695993E+001
  0.120728574269094E-004  0.130218750249643E+002  0.633976082067131E+001
  0.122052855966114E-004  0.129500537035334E+002  0.634852140289057E+001
  0.125047568025019E-004  0.128768820067277E+002  0.635756954383936E+001
  0.127071643448365E-004  0.128447683268706E+002  0.636158109189528E+001
  0.125915957154296E-004  0.128383493979277E+002  0.636238595248006E+001
  0.129633190584523E-004  0.127678533195234E+002  0.762870684826084E+001
  0.130014456230287E-004  0.127619797300730E+002  0.637204098323377E+001
  0.132816664498979E-004  0.127193315924526E+002  0.637749793195625E+001
  0.132184830662303E-004  0.127164075717299E+002  0.637787382195963E+001
  0.131797755103147E-004  0.127098116445155E+002  0.637872257964030E+001
  0.132693371250589E-004  0.126962668487723E+002  0.761953084324342E+001
  0.133983177701629E-004  0.126643810920722E+002  0.761539966254288E+001
  0.133725788232050E-004  0.126308426374572E+002  0.761102421549353E+001
  0.133245716393590E-004  0.126133438286851E+002  0.760872882510684E+001
  0.134392132657125E-004  0.125839021491180E+002  0.639515281782486E+001
  0.134126675965984E-004  0.125755488043153E+002  0.760374131763263E+001
  0.134284948862750E-004  0.125731901446975E+002  0.760342869759229E+001
  0.137642191619192E-004  0.124991115182437E+002  0.640647357864597E+001
  0.137408709590211E-004  0.124901992616640E+002  0.759232394160000E+001
  0.142971312219361E-004  0.123862906166217E+002  0.642188040286996E+001
  0.143301666938018E-004  0.123816746746453E+002  0.757748049133246E+001
  0.143416073585815E-004  0.123555384019136E+002  0.757384833730917E+001
  0.143397400524621E-004  0.123435663688548E+002  0.642782311393845E+001
  0.145246835591779E-004  0.123057042968322E+002  0.756685841038083E+001
  0.145269836230765E-004  0.123053876108549E+002  0.643318628486679E+001
  0.146468973177069E-004  0.122889462782560E+002  0.643551158165354E+001
  0.145713603685006E-004  0.122869034222019E+002  0.643580117203363E+001
  0.145183733573087E-004  0.122818054981808E+002  0.756347550934824E+001
  0.146115679829792E-004  0.122690083637762E+002  0.756165568467748E+001
  0.146277066285035E-004  0.122543394602337E+002  0.644043759636327E+001
  0.146668302168186E-004  0.122489973567852E+002  0.755879812724450E+001
  0.147263389879585E-004  0.122408990327109E+002  0.755763753026503E+001
  0.147685877048131E-004  0.122351694038578E+002  0.644318506257143E+001
  0.148409733628272E-004  0.122126922419467E+002  0.644642387277105E+001
  0.149077908592786E-004  0.122037079885757E+002  0.644772375743797E+001
  0.151501345027929E-004  0.121714570741210E+002  0.754758460696562E+001
  0.151610137810421E-004  0.121700213939397E+002  0.754737481943973E+001
  0.151473056426706E-004  0.121588855235445E+002  0.754574486135323E+001
  0.151450511448607E-004  0.121462381931019E+002  0.645611225347261E+001
  0.155543366116682E-004  0.120799618440150E+002  0.646594975426582E+001
  0.156492509661121E-004  0.120419878888908E+002  0.752833117658231E+001
  0.156487719812252E-004  0.120291873242230E+002  0.647361065569105E+001
  0.157730412332613E-004  0.119877263765345E+002  0.647995001185285E+001
  0.157941754450309E-004  0.119722687849796E+002  0.648233333551109E+001
  0.157372041964569E-004  0.119667164412801E+002  0.648319210480959E+001
  0.156706154472581E-004  0.119624173890650E+002  0.751614198838762E+001
  0.157888435134178E-004  0.119346052873300E+002  0.751181306733917E+001
  0.157104042562173E-004  0.119317864901853E+002  0.751137227961239E+001
  0.158509928820197E-004  0.119139685773652E+002  0.750857717438434E+001
  0.156748029426501E-004  0.118979839966735E+002  0.649394347213568E+001
  0.155847280475960E-004  0.118968116444282E+002  0.750587116248591E+001
  0.156419311337332E-004  0.118767857129178E+002  0.750269422514405E+001
  0.156008698939585E-004  0.118693443103298E+002  0.649849141624585E+001
  0.155705149580490E-004  0.118605410871733E+002  0.649989766659807E+001
  0.156104786614586E-004  0.118554144095850E+002  0.650071844069710E+001
  0.156894084524296E-004  0.118453274775789E+002  0.749766270338348E+001
  0.156802451282094E-004  0.118336341286267E+002  0.650422058281269E+001
  0.160595483200713E-004  0.117858302573909E+002  0.748800472447393E+001
  0.162778269452877E-004  0.117458846522769E+002  0.651858820715459E+001
  0.164392044019317E-004  0.117132093777297E+002  0.652404908828422E+001
  0.164902582453140E-004  0.117070077722148E+002  0.652509262641995E+001
  0.165470380805488E-004  0.117001331308301E+002  0.652625210200029E+001
  0.165219785101246E-004  0.116900495145512E+002  0.652795795499286E+001
  0.164634490455693E-004  0.116840323356902E+002  0.747102117111311E+001
  0.164501137968106E-004  0.116725381734272E+002  0.746906489708214E+001
  0.164455519508580E-004  0.116599780771421E+002  0.653308216754008E+001
  0.164619747742052E-004  0.116579818378200E+002  0.653342432127518E+001
  0.165040504513880E-004  0.116528764968221E+002  0.746569948402147E+001
  0.165787132797370E-004  0.116438490823391E+002  0.746414612257411E+001
  0.166680448989430E-004  0.116197233713314E+002  0.745996903084811E+001
  0.165316867924347E-004  0.116094852222754E+002  0.745818490316726E+001
  0.165320930057109E-004  0.115961469938449E+002  0.654414992712350E+001
  0.165584143772099E-004  0.115929652503018E+002  0.745529134625493E+001
  0.164550293830834E-004  0.115921137262956E+002  0.745514169896157E+001
  0.164928425682354E-004  0.115875230563051E+002  0.654566591704435E+001
  0.163939932105542E-004  0.115860779978689E+002  0.745407956305624E+001
  0.166341072730630E-004  0.115301514724827E+002  0.655588289210664E+001
  0.166494819237441E-004  0.115283037568792E+002  0.744378414913898E+001
  0.167782615340441E-004  0.115128937729459E+002  0.655900252427290E+001
  0.167955793290929E-004  0.115108305241618E+002  0.744062302912151E+001
  0.167976744118965E-004  0.114969291293133E+002  0.743809180615078E+001
  0.168468597211605E-004  0.114370241369988E+002  0.742701244928706E+001
  0.168848569643735E-004  0.114325183171926E+002  0.742616745614505E+001
  0.167944750080684E-004  0.114297846905971E+002  0.742565399143184E+001
  0.167963585551468E-004  0.114027143569480E+002  0.657946454722817E+001
  0.168206322482183E-004  0.113998260916143E+002  0.741998564806981E+001
  0.168472883903392E-004  0.113831910781576E+002  0.741680492131397E+001
  0.167464065791273E-004  0.113817350433804E+002  0.741652536161342E+001
  0.169570513558110E-004  0.113567349356908E+002  0.658830428756561E+001
  0.169570337307707E-004  0.113431776405071E+002  0.740905279904613E+001
  0.169970219459972E-004  0.113384667766156E+002  0.740813043770935E+001
  0.170350452447473E-004  0.113339976605483E+002  0.659274652166733E+001
  0.170439918990924E-004  0.113192017954791E+002  0.740433656426668E+001
  0.170390171244768E-004  0.113060398790928E+002  0.659827602687769E+001
  0.172536414304570E-004  0.112536074316403E+002  0.660885685613989E+001
  0.172485731454603E-004  0.112405430910320E+002  0.661153807845370E+001
  0.172384955759772E-004  0.112280600128862E+002  0.661411741165462E+001
  0.172542131387068E-004  0.112125853712910E+002  0.661733901514149E+001
  0.169361592879226E-004  0.111957388555280E+002  0.737912265404590E+001
  0.169461659463816E-004  0.111811795366024E+002  0.662396210858118E+001
  0.167050919134392E-004  0.111699671716833E+002  0.662635509183764E+001
  0.167214068309277E-004  0.111680148381280E+002  0.737322666574992E+001
  0.166701444361176E-004  0.111608665198173E+002  0.662830871264302E+001
  0.165699997586230E-004  0.111596285229559E+002  0.737142473477041E+001
  0.164510327633476E-004  0.111475491887844E+002  0.663118617144712E+001
  0.165920849373274E-004  0.111172727938406E+002  0.736218699167810E+001
  0.165965405314107E-004  0.111167357912927E+002  0.736206835892295E+001
  0.163490949014686E-004  0.111071740043382E+002  0.664005054435317E+001
  0.163731332249597E-004  0.110911207324642E+002  0.664363629937856E+001
  0.164128612109788E-004  0.110862737841076E+002  0.735527394413823E+001
  0.163256369317959E-004  0.110837295311252E+002  0.664529942922746E+001
  0.163725411815665E-004  0.110779916845970E+002  0.735340407391801E+001
  0.163825212383674E-004  0.110767729347156E+002  0.664687192198747E+001
  0.162782651104102E-004  0.110761633566944E+002  0.664701004688882E+001
  0.163476649161944E-004  0.110676547979622E+002  0.735105631684999E+001
  0.165914461989554E-004  0.110380503884152E+002  0.734424385553378E+001
  0.165581170266077E-004  0.110285126883774E+002  0.665797982505894E+001
  0.165873659904755E-004  0.110249829197577E+002  0.665880645216013E+001
  0.166059593609872E-004  0.110227423039399E+002  0.734066778326798E+001
  0.165313202513442E-004  0.110180062452241E+002  0.733955377948446E+001
  0.162475786389238E-004  0.110116749581782E+002  0.666194118376407E+001
  0.161415920879491E-004  0.110112047651768E+002  0.666205247100384E+001
  0.161174200596685E-004  0.110006426352250E+002  0.666456208985517E+001
  0.160046975924883E-004  0.109876519962218E+002  0.733232527638116E+001
  0.159455330680005E-004  0.109815910260667E+002  0.666913698590353E+001
  0.160999180633028E-004  0.109623201237326E+002  0.667382981478444E+001
  0.161289588033123E-004  0.109587158097518E+002  0.667471504878551E+001
  0.160253687349957E-004  0.109579505340228E+002  0.667490331381268E+001
  0.160366240548937E-004  0.109565463392887E+002  0.667524904278430E+001
  0.159695487798966E-004  0.109375314551695E+002  0.732003250265161E+001
  0.157955744532596E-004  0.109053819197765E+002  0.668810758731485E+001
  0.156233329327360E-004  0.108874421005302E+002  0.730725641736367E+001
  0.154505093049754E-004  0.108573986005251E+002  0.729933183260447E+001
  0.153691772900996E-004  0.108550094483140E+002  0.729869262069319E+001
  0.153266018087372E-004  0.108476124796439E+002  0.729670484773484E+001
  0.154048798646704E-004  0.108374238104406E+002  0.670605514191123E+001
  0.153062342442954E-004  0.108372426908004E+002  0.670610443954630E+001
  0.152445935350723E-004  0.108322839176550E+002  0.670745735908909E+001
  0.151471563194160E-004  0.108191337371148E+002  0.671107584409626E+001
  0.151901757438764E-004  0.108134615899127E+002  0.671265069286257E+001
  0.150154970246115E-004  0.108106193658388E+002  0.728655692010583E+001
  0.149949683538353E-004  0.108004105388450E+002  0.728369253804344E+001
  0.149642148820742E-004  0.107915715606992E+002  0.728118893939520E+001
  0.147072335542800E-004  0.107876296049139E+002  0.671993481702905E+001
  0.144931142295977E-004  0.107788648056898E+002  0.727755024560734E+001
  0.144282556006577E-004  0.107752168221723E+002  0.672350323424333E+001
  0.143382367673658E-004  0.107751157036092E+002  0.727646750713926E+001
  0.142501556112983E-004  0.107748214488730E+002  0.672361765297687E+001
  0.140837896570769E-004  0.107731506053595E+002  0.727589829065045E+001
  0.141125562182192E-004  0.107690697118635E+002  0.727471243842333E+001
  0.140486524813907E-004  0.107655282348003E+002  0.727367916890837E+001
  0.139703769562291E-004  0.107640845488365E+002  0.672674316524529E+001
  0.138994945797610E-004  0.107616395661775E+002  0.672745991026141E+001
  0.139089720239393E-004  0.107602763202739E+002  0.727213963542666E+001
  0.139261269071311E-004  0.107578111039072E+002  0.727141397633776E+001
  0.139470429725577E-004  0.107548094977830E+002  0.672947220185051E+001
  0.137411907209456E-004  0.107335904642852E+002  0.726417843252612E+001
  0.136969523249100E-004  0.107274213137018E+002  0.726230360294632E+001
  0.135679210985228E-004  0.107211939218489E+002  0.726039738366994E+001
  0.134356194767623E-004  0.107157914235030E+002  0.725873228960995E+001
  0.134555241447162E-004  0.107128306462495E+002  0.674218480780559E+001
  0.134338258770035E-004  0.107035192070457E+002  0.725490948011723E+001
  0.134347762853188E-004  0.107033777172413E+002  0.725486507152794E+001
  0.133716240512462E-004  0.107001828523706E+002  0.674613975044204E+001
  0.134101630303333E-004  0.106944268502680E+002  0.725203981028642E+001
  0.133486294237073E-004  0.106909266747203E+002  0.674907364052063E+001
  0.132766007663028E-004  0.106890493589521E+002  0.674967287929857E+001
  0.131276564545636E-004  0.106862964859162E+002  0.675055419892705E+001
  0.130601827963335E-004  0.106839842757890E+002  0.724870314443644E+001
  0.129789538419167E-004  0.106838439575509E+002  0.724865800436437E+001
  0.127098977293457E-004  0.106757374964105E+002  0.675396388608172E+001
  0.125054762115264E-004  0.106712421575379E+002  0.724457006180724E+001
  0.123983208313164E-004  0.106640628087142E+002  0.724221027913901E+001
  0.123939084316992E-004  0.106526166169907E+002  0.723839972450664E+001
  0.123969848113536E-004  0.106521202444494E+002  0.676176690188341E+001
  0.123340966270379E-004  0.106500593342708E+002  0.676245997514174E+001
  0.123539792814454E-004  0.106468379153511E+002  0.676354739083170E+001
  0.121511219527071E-004  0.106432530637943E+002  0.676476339542194E+001
  0.120896427463211E-004  0.106412397569182E+002  0.676544908647964E+001
  0.120185012870181E-004  0.106408854213226E+002  0.676556997347194E+001
  0.119671482827342E-004  0.106372912969872E+002  0.676679970530832E+001
  0.119678009410841E-004  0.106371822249614E+002  0.676683712576795E+001
  0.119736918920101E-004  0.106361980004461E+002  0.676717506577322E+001
  0.119094381731946E-004  0.106346516516893E+002  0.676770700786158E+001
  0.118480555872588E-004  0.106326788023498E+002  0.676838743923894E+001
  0.116919612633381E-004  0.106225049940172E+002  0.722807141199432E+001
  0.116287504024998E-004  0.106211889407430E+002  0.677239068462560E+001
  0.115724017201515E-004  0.106187456753097E+002  0.722674893158709E+001
  0.115824570202580E-004  0.106170086229094E+002  0.722613524623958E+001
  0.115862232723680E-004  0.106163583912871E+002  0.722590509629548E+001
  0.115192802346911E-004  0.106156397994910E+002  0.722565047716523E+001
  0.115281534020900E-004  0.106140998158248E+002  0.677489615627827E+001
  0.114647160250414E-004  0.106127519120819E+002  0.722462429935211E+001
  0.114290533349224E-004  0.106065989628054E+002  0.722242213013815E+001
  0.113612433028423E-004  0.105938088882774E+002  0.721777325834617E+001
  0.112944925428166E-004  0.105932864204508E+002  0.721758124275420E+001
  0.112398889690595E-004  0.105906711994954E+002  0.721661754740925E+001
  0.110750448290297E-004  0.105835221272156E+002  0.721396100177562E+001
  0.110160039969588E-004  0.105820545139278E+002  0.721341155581360E+001
  0.109078978523285E-004  0.105775358404470E+002  0.721171089815560E+001
  0.108712582347755E-004  0.105721805176611E+002  0.679032250299066E+001
  0.108257536832138E-004  0.105684849919956E+002  0.679173726054421E+001
  0.108325969124942E-004  0.105672211414586E+002  0.679222331083661E+001
  0.107768811238782E-004  0.105653762853742E+002  0.679293485183111E+001
  0.107123280902402E-004  0.105652341268314E+002  0.720701021766896E+001
  0.106475774839809E-004  0.105652017071215E+002  0.679300231144825E+001
  0.105930474015223E-004  0.105633126541428E+002  0.679373368042944E+001
  0.105783453860724E-004  0.105539322758534E+002  0.679740450631152E+001
  0.105238255710767E-004  0.105521086533464E+002  0.679812589452398E+001
  0.104617196885955E-004  0.105517884358887E+002  0.720174716768402E+001
  0.104041562746934E-004  0.105506653101155E+002  0.679869868469180E+001
  0.104072923468529E-004  0.105500625510784E+002  0.720106162761419E+001
  0.103455300630440E-004  0.105497344953822E+002  0.679906894419357E+001
  0.103637407904140E-004  0.105462170886724E+002  0.719952569787853E+001
  0.103084817283275E-004  0.105446018108687E+002  0.719887699632013E+001
  0.102531332155360E-004  0.105430614531248E+002  0.719825640576358E+001
  0.102033602124701E-004  0.105404862015842E+002  0.719721450803581E+001
  0.101619112650337E-004  0.105363195855125E+002  0.680448298383943E+001
  0.101696547198363E-004  0.105347961504397E+002  0.680510732698053E+001
  0.100616421132998E-004  0.105314602294814E+002  0.680648150826508E+001
  0.100644347916957E-004  0.105309051926649E+002  0.719328890488775E+001
  0.983837263952837E-005  0.105272581477768E+002  0.719177349548519E+001
  0.977920567310561E-005  0.105271641636158E+002  0.680826571484252E+001
  0.973088642795232E-005  0.105249126046962E+002  0.680920747740617E+001
  0.964464292372979E-005  0.105184746253216E+002  0.718807368231039E+001
  0.959211907295060E-005  0.105173115810945E+002  0.681242168861660E+001
  0.951151902462373E-005  0.105100913809233E+002  0.681552672043341E+001
  0.946102209737325E-005  0.105087256760979E+002  0.718388006444962E+001
  0.935940127102899E-005  0.105063714933527E+002  0.718285297061508E+001
  0.925446831739920E-005  0.105051113392299E+002  0.718230080691843E+001
  0.915394601247643E-005  0.105032853273593E+002  0.681850228016908E+001
  0.907751455253500E-005  0.104965248783360E+002  0.682150700164966E+001
  0.903058246959051E-005  0.104951617559699E+002  0.682211899797474E+001
  0.893418040360739E-005  0.104932345834964E+002  0.717701215575704E+001
  0.888342844664563E-005  0.104929664365286E+002  0.682310907380280E+001
  0.883221664278803E-005  0.104928676964886E+002  0.682315373522602E+001
  0.880346949900110E-005  0.104877260828697E+002  0.682549514853310E+001
  0.870295538157781E-005  0.104759090734978E+002  0.683099934412558E+001
  0.865434471100342E-005  0.104755840509344E+002  0.683115327046153E+001
  0.866177664695182E-005  0.104738672839400E+002  0.683196864769713E+001
  0.867831627166712E-005  0.104700519342048E+002  0.716620493193374E+001
  0.863652615095791E-005  0.104680442852495E+002  0.716523575752919E+001
  0.864269964200369E-005  0.104666151723060E+002  0.683545761185856E+001
  0.864610189868991E-005  0.104658280138157E+002  0.683584077200220E+001
  0.860049015930572E-005  0.104646073193972E+002  0.716356326308154E+001
  0.846159145909106E-005  0.104619796461065E+002  0.716227295924880E+001
  0.838002810874847E-005  0.104580955759244E+002  0.683965330663142E+001
  0.838041916609766E-005  0.104580022473055E+002  0.683969987680851E+001
  0.833277365591881E-005  0.104577435275016E+002  0.716017095344219E+001
  0.825151604868429E-005  0.104540863029391E+002  0.684166624366046E+001
  0.822084245616228E-005  0.104499405766511E+002  0.684377496298446E+001
  0.812999288039752E-005  0.104490442209714E+002  0.684423464672220E+001
  0.808996462221825E-005  0.104473881911476E+002  0.715491249307250E+001
  0.793526663434941E-005  0.104402867196122E+002  0.684879932187890E+001
  0.789095754778860E-005  0.104401541765977E+002  0.684886946641409E+001
  0.784837341076095E-005  0.104396450779154E+002  0.715086080469357E+001
  0.785509433608817E-005  0.104379331182780E+002  0.714995022124293E+001
  0.778891423118514E-005  0.104321272229290E+002  0.685317995506411E+001
  0.774582136739864E-005  0.104318916494378E+002  0.685330837162135E+001
  0.766466640714599E-005  0.104303575984341E+002  0.714585261628020E+001
  0.766597649077844E-005  0.104300157775086E+002  0.714566500721763E+001
  0.767417461111247E-005  0.104278780877141E+002  0.714448620681774E+001
  0.764546919430747E-005  0.104239771154132E+002  0.714230990265065E+001
  0.761615670824424E-005  0.104202637466539E+002  0.714020688068332E+001
  0.762006271777810E-005  0.104192382928952E+002  0.713962054572865E+001
  0.757775582860660E-005  0.104189119621841E+002  0.686056656112760E+001
  0.757939528130295E-005  0.104184793076065E+002  0.713918498174504E+001
  0.750626035042556E-005  0.104148826138085E+002  0.713710210842905E+001
  0.746340997719131E-005  0.104148712133427E+002  0.713709545601938E+001
  0.738658732270554E-005  0.104127069809644E+002  0.713582667956126E+001
  0.730855977057598E-005  0.104112186618658E+002  0.686505276651649E+001
  0.722956682148100E-005  0.104103537757717E+002  0.686556646977110E+001
  0.718917775550161E-005  0.104102907695319E+002  0.686560396936132E+001
  0.715409200543768E-005  0.104088077426621E+002  0.713351033200565E+001
  0.703813746371622E-005  0.104078753682278E+002  0.713295047515062E+001
  0.700144403782773E-005  0.104071875810389E+002  0.686746403170253E+001
  0.697509374129895E-005  0.104035867942772E+002  0.713034437851582E+001
  0.690715971039575E-005  0.104009388522556E+002  0.712870892077562E+001
  0.687166698641901E-005  0.104001620690900E+002  0.687177480364321E+001
  0.683893547241642E-005  0.103986309827148E+002  0.687273363696291E+001
  0.684096910821281E-005  0.103980363482129E+002  0.712689202354914E+001
  0.684837344656864E-005  0.103958728143403E+002  0.687447940320102E+001
  0.685062830428412E-005  0.103952144137424E+002  0.687489973571128E+001
  0.681374292623171E-005  0.103947443384778E+002  0.712479929520145E+001
  0.674446390426538E-005  0.103927113623415E+002  0.712348922180078E+001
  0.670700398160417E-005  0.103926461617837E+002  0.712344697570906E+001
  0.663621855454879E-005  0.103915196491849E+002  0.687728523399397E+001
  0.660080104825651E-005  0.103910801467905E+002  0.687757208891431E+001
  0.646668632578364E-005  0.103879338430877E+002  0.687964558661866E+001
  0.634253522322473E-005  0.103832243727479E+002  0.711718220669537E+001
  0.631272509834959E-005  0.103818649012571E+002  0.688374960590401E+001
  0.628408375912897E-005  0.103801780116964E+002  0.711508367302860E+001
  0.628420131521285E-005  0.103801405981326E+002  0.688494233781470E+001
  0.619186281290435E-005  0.103774004307100E+002  0.711313637275400E+001
  0.616476745241172E-005  0.103754476748530E+002  0.688825297362875E+001
  0.613357841289645E-005  0.103748679516052E+002  0.711133122734956E+001
  0.610258196974734E-005  0.103742768221617E+002  0.688909435779816E+001
  0.586510457205235E-005  0.103694371385811E+002  0.689264213070616E+001
  0.586886654402250E-005  0.103681547178007E+002  0.710639795474747E+001
  0.584033170043937E-005  0.103675129419186E+002  0.710591430797252E+001
  0.581248839365059E-005  0.103666809464192E+002  0.689471599668798E+001
  0.581425621244502E-005  0.103660727559522E+002  0.710482085135448E+001
  0.578558760425402E-005  0.103655147481844E+002  0.710439410728503E+001
  0.578655312007378E-005  0.103651810101683E+002  0.689586195914436E+001
  0.572751761816063E-005  0.103647475841517E+002  0.710380454417127E+001
  0.569880919690830E-005  0.103643536386163E+002  0.710350049325935E+001
  0.569977250431690E-005  0.103640155939591E+002  0.689676112670229E+001
  0.567227960346738E-005  0.103631872404130E+002  0.689740502745060E+001
  0.564301489626613E-005  0.103630337379332E+002  0.689752479326374E+001
  0.564538908109150E-005  0.103621924551920E+002  0.710181631871686E+001
  0.564549681454877E-005  0.103621542886714E+002  0.710178632577000E+001
  0.561821029121595E-005  0.103612342716600E+002  0.689893935784920E+001
  0.555966429044987E-005  0.103610209182872E+002  0.689910839057543E+001
  0.556048694958551E-005  0.103607250017589E+002  0.689934330520150E+001
  0.553267768208867E-005  0.103601424509061E+002  0.710019262483486E+001
  0.547620996322315E-005  0.103594955509447E+002  0.709967476148694E+001
  0.545011655024079E-005  0.103584939473897E+002  0.690113240415244E+001
  0.545127463138159E-005  0.103580690177175E+002  0.690147684149838E+001
  0.542488432250730E-005  0.103571646782357E+002  0.709778608512485E+001
  0.542532263908609E-005  0.103570030899524E+002  0.690234620171893E+001
  0.539810313723585E-005  0.103563958966473E+002  0.709715509965975E+001
  0.537220770263709E-005  0.103553465629634E+002  0.690371282535838E+001
  0.537226642616623E-005  0.103553247011101E+002  0.690373099094752E+001
  0.534369161510450E-005  0.103552671047399E+002  0.690377886570656E+001
  0.528911655680249E-005  0.103544075232783E+002  0.690449621132725E+001
  0.526378504446180E-005  0.103533425738442E+002  0.709460751419102E+001
  0.526414950546045E-005  0.103532040999595E+002  0.690550965171062E+001
  0.523617108233798E-005  0.103531383603883E+002  0.709443467365568E+001
  0.521049355613820E-005  0.103522463501347E+002  0.690632403751293E+001
  0.521167424417205E-005  0.103517932052376E+002  0.709328817054879E+001
  0.519155801152278E-005  0.103487461262966E+002  0.690936253460192E+001
  0.519210544053734E-005  0.103485352454191E+002  0.709045114257648E+001
  0.519364153336192E-005  0.103479436296828E+002  0.691007363748276E+001
  0.513823469109707E-005  0.103476553255476E+002  0.708966951552193E+001
  0.514080346580521E-005  0.103466557087654E+002  0.708877321290111E+001
  0.511712960514943E-005  0.103449879506436E+002  0.708725733223809E+001
  0.511794608462948E-005  0.103446688598986E+002  0.691303571129420E+001
  0.509100393528891E-005  0.103442662389934E+002  0.708659311846369E+001
  0.506385809066396E-005  0.103440000807255E+002  0.691365312488339E+001
  0.503628534798809E-005  0.103439609193319E+002  0.708631058463153E+001
  0.501056235618482E-005  0.103432432291420E+002  0.708564278480442E+001
  0.498325070978745E-005  0.103432157465842E+002  0.691438289084655E+001
  0.493013007974952E-005  0.103427917215280E+002  0.691478001777274E+001
  0.488164182185133E-005  0.103408199187844E+002  0.708334840689442E+001
  0.485546955748570E-005  0.103407313615470E+002  0.691673663606452E+001
  0.485551589741653E-005  0.103407122739143E+002  0.691675497761054E+001
  0.480678180514189E-005  0.103391480501146E+002  0.691827204918349E+001
  0.475536422397110E-005  0.103390352292057E+002  0.691838255946648E+001
  0.475559174269860E-005  0.103389395421987E+002  0.691847640416345E+001
  0.473154456469137E-005  0.103382382853061E+002  0.708083251558190E+001
  0.468299596980083E-005  0.103372437051906E+002  0.707984211142517E+001
  0.463656857569680E-005  0.103356651377355E+002  0.707824443727201E+001
  0.461334955398397E-005  0.103349820194490E+002  0.692245715353327E+001
  0.456692710577584E-005  0.103338186503166E+002  0.707633317743277E+001
  0.454368221499928E-005  0.103333576165814E+002  0.692415154201072E+001
  0.451962754681852E-005  0.103333072338132E+002  0.692420470109276E+001
  0.449608611467325E-005  0.103330851884128E+002  0.707556057220786E+001
  0.447236440594999E-005  0.103329985912015E+002  0.692453116856233E+001
  0.445047995829407E-005  0.103321424442492E+002  0.707455575769984E+001
  0.442687765268855E-005  0.103321106111170E+002  0.692547840779317E+001
  0.438271952698228E-005  0.103308839916392E+002  0.707319295450109E+001
  0.433747270137151E-005  0.103304749263019E+002  0.692725552849440E+001
  0.431468642061757E-005  0.103304552154154E+002  0.707272279142606E+001
  0.429246364009922E-005  0.103302287147640E+002  0.707247319703566E+001
  0.424773134504879E-005  0.103301274966695E+002  0.707236138053855E+001
  0.422554976639403E-005  0.103301001142599E+002  0.692766889875086E+001
  0.420344256706389E-005  0.103300924548680E+002  0.707232262927475E+001
  0.420354500628385E-005  0.103300437148317E+002  0.692773130484506E+001
  0.420388884009081E-005  0.103298801292176E+002  0.707208738170543E+001
  0.420441647120258E-005  0.103296291244822E+002  0.692819171465994E+001
  0.420452790547677E-005  0.103295761169848E+002  0.692825079342666E+001
  0.416120325076507E-005  0.103289010225432E+002  0.692900751072652E+001
  0.411819162238185E-005  0.103284044961816E+002  0.707043074126679E+001
  0.409690359249673E-005  0.103281597384300E+002  0.707015217797857E+001
  0.409756133067437E-005  0.103278386738162E+002  0.693021491751870E+001
  0.407669051675926E-005  0.103273849577597E+002  0.693073700000809E+001
  0.403434581606599E-005  0.103269908617410E+002  0.706880630643250E+001
  0.401425760898391E-005  0.103263642278209E+002  0.693192616965617E+001
  0.399381736566039E-005  0.103259639616950E+002  0.693239819678794E+001
  0.397362993734890E-005  0.103254888330911E+002  0.693296282209914E+001
  0.397455903079449E-005  0.103250212581739E+002  0.693352315264585E+001
  0.395433225048148E-005  0.103245586784867E+002  0.693408218386356E+001
  0.393349801558320E-005  0.103244572662877E+002  0.706579462388643E+001
  0.391306763618385E-005  0.103242055387813E+002  0.706548783193340E+001
  0.389262405718776E-005  0.103240151128905E+002  0.706525479284167E+001
  0.387215255356390E-005  0.103238942754220E+002  0.693489351803512E+001
  0.387218274476953E-005  0.103238786814661E+002  0.706508731797295E+001
  0.385247739872028E-005  0.103233586816597E+002  0.693555499249840E+001
  0.383189918411472E-005  0.103233465368304E+002  0.693557007047034E+001
  0.379218258851440E-005  0.103227935918016E+002  0.706373966280573E+001
  0.377379437033523E-005  0.103218484490886E+002  0.693745783997569E+001
  0.375427558265563E-005  0.103215529845791E+002  0.693783692849466E+001
  0.373488465341059E-005  0.103212431134018E+002  0.693823700079646E+001
  0.373492481383732E-005  0.103212216079394E+002  0.706173513745532E+001
  0.371554650529448E-005  0.103209015478902E+002  0.693868101771256E+001
  0.371577489902959E-005  0.103207786121577E+002  0.693884161650635E+001
  0.369599992433980E-005  0.103206691342059E+002  0.693898499037719E+001
  0.369656378396903E-005  0.103203640386247E+002  0.693938633729697E+001
  0.367713953333782E-005  0.103200609674793E+002  0.693978766967629E+001
  0.365728908459785E-005  0.103200467595446E+002  0.706019345025383E+001
  0.365731183849236E-005  0.103200343165447E+002  0.706017691063429E+001
  0.357948215276549E-005  0.103198099231509E+002  0.694012214407256E+001
  0.357959617028576E-005  0.103197462180117E+002  0.694020731810501E+001
  0.356069570247352E-005  0.103195526100203E+002  0.694046692071141E+001
  0.354205235346987E-005  0.103192701683470E+002  0.694084768084140E+001
  0.352318239523560E-005  0.103191717696646E+002  0.694098090925247E+001
  0.350469357280796E-005  0.103189132319758E+002  0.705866759789231E+001
  0.343220652592418E-005  0.103179303211447E+002  0.694268838416616E+001
  0.341406367370680E-005  0.103179203794946E+002  0.705729773682672E+001
  0.339619933643534E-005  0.103178028966678E+002  0.694286653000933E+001
  0.337823641892736E-005  0.103177991129442E+002  0.705712817166160E+001
  0.336075092415781E-005  0.103175677393647E+002  0.705680324132191E+001
  0.334322437736171E-005  0.103174150640803E+002  0.694341219054276E+001
  0.332593899741634E-005  0.103171723281675E+002  0.705624359904140E+001
  0.330855832024062E-005  0.103170412192402E+002  0.705605680159238E+001
  0.329106192482229E-005  0.103170356258040E+002  0.705604881849752E+001
  0.325654690566756E-005  0.103169571743290E+002  0.705593673049951E+001
  0.324057094879607E-005  0.103162387992524E+002  0.705489970679987E+001
  0.322384825416603E-005  0.103160322391976E+002  0.694540212277070E+001
  0.322404200340007E-005  0.103159120453194E+002  0.705442147717062E+001
  0.320737737315054E-005  0.103156664756970E+002  0.694594071737582E+001
  0.319085135444457E-005  0.103153880152974E+002  0.705364561840363E+001
  0.317400125552263E-005  0.103153674024222E+002  0.694638512973174E+001
  0.317404555491306E-005  0.103153394887084E+002  0.694642679662669E+001
  0.317407080955428E-005  0.103153235755526E+002  0.705354943524208E+001
  0.315712685474624E-005  0.103153047698310E+002  0.694647866687674E+001
  0.314078986279603E-005  0.103149570312980E+002  0.694700099119786E+001
  0.312411671568691E-005  0.103148785944020E+002  0.694711952127057E+001
  0.309126684777591E-005  0.103146292207012E+002  0.694749814061850E+001
  0.309183322618386E-005  0.103142628165332E+002  0.705194054843411E+001
  0.309209226060756E-005  0.103140952631405E+002  0.705168183461147E+001
  0.307558643159649E-005  0.103140183183325E+002  0.705156259166801E+001
  0.302673705486158E-005  0.103138669085328E+002  0.694867286008765E+001
  0.301100168424452E-005  0.103136249182280E+002  0.705094857056683E+001
  0.301116069633732E-005  0.103135193002902E+002  0.694921754266713E+001
  0.299522105443456E-005  0.103134105763351E+002  0.694938911046079E+001
  0.297988971403563E-005  0.103129501811498E+002  0.695012216012802E+001
  0.298016893509680E-005  0.103127627863083E+002  0.695042363732923E+001
  0.298019207447710E-005  0.103127472574635E+002  0.704955129786891E+001
  0.298022840321721E-005  0.103127228774788E+002  0.704951192101838E+001
  0.296426008877437E-005  0.103125686481874E+002  0.704926209127024E+001
  0.296446124621645E-005  0.103124329309352E+002  0.704904119570285E+001
  0.294844179298845E-005  0.103123109722540E+002  0.704884184155998E+001
  0.293307934319124E-005  0.103118000077580E+002  0.695200238372999E+001
  0.288595604847782E-005  0.103114949527562E+002  0.704748644403742E+001
  0.288611708742521E-005  0.103113833540681E+002  0.695270193896977E+001
  0.287048398715388E-005  0.103113469008712E+002  0.695276363619278E+001
  0.285506571997225E-005  0.103112192715265E+002  0.704701971257429E+001
  0.285529234365124E-005  0.103110605258390E+002  0.704674884020567E+001
  0.285532963294874E-005  0.103110344065843E+002  0.695329587834225E+001
  0.283964856116447E-005  0.103110290872059E+002  0.695330499085261E+001
  0.280888601372810E-005  0.103108355042523E+002  0.704636216783871E+001
  0.279382004957550E-005  0.103106328039417E+002  0.704601106993980E+001
  0.277893683671551E-005  0.103103567344498E+002  0.695447146566940E+001
  0.277944305862839E-005  0.103099924398720E+002  0.704488385350933E+001
  0.277947644671254E-005  0.103099684149987E+002  0.695515898834632E+001
  0.328171933743186E-005  0.928196508289900E+001  0.697061959203038E+001
  0.328180327318052E-005  0.928191393003269E+001  0.697075920805020E+001
  0.326027260349223E-005  0.928187703626244E+001  0.697086032068447E+001
  0.323884302741223E-005  0.928186494191632E+001  0.697089354340988E+001
  0.321762451262208E-005  0.928180920870648E+001  0.697104713310124E+001
  0.321781625101747E-005  0.928169003216365E+001  0.697137832543675E+001
  0.317558737544272E-005  0.928162024106111E+001  0.697157406679810E+001
  0.307434484508224E-005  0.928126949084234E+001  0.697257895619428E+001
  0.307436688151170E-005  0.928125515520233E+001  0.697262081190039E+001
  0.305458228669642E-005  0.928122239744251E+001  0.697271669559195E+001
  0.301549330637931E-005  0.928117442391981E+001  0.697285772788083E+001
  0.295861813294801E-005  0.928091683533682E+001  0.697362787906685E+001
  0.293995922609759E-005  0.928087157952318E+001  0.697376552206865E+001
  0.292141892660714E-005  0.928082568528175E+001  0.697390584828546E+001
  0.292151102833356E-005  0.928076263354084E+001  0.697409987499730E+001
  0.286679119345737E-005  0.928048145293266E+001  0.697498345391852E+001
  0.284881717844196E-005  0.928044205494676E+001  0.697510976295607E+001
  0.284882778764765E-005  0.928043460681283E+001  0.697513371361312E+001
  0.283081041131430E-005  0.928042529547548E+001  0.697516368818246E+001
  0.283087897940925E-005  0.928037685191723E+001  0.697532022254196E+001
  0.279520401232124E-005  0.928026312242755E+001  0.697569167432691E+001
  0.272586174022177E-005  0.928018696867922E+001  0.697594360589581E+001
  0.267611625378762E-005  0.927987025478424E+001  0.697702096881719E+001
  0.264350314770290E-005  0.927985326363272E+001  0.697708019873871E+001
  0.262746045026270E-005  0.927979524160023E+001  0.697728362342584E+001
  0.261146623609312E-005  0.927977465065792E+001  0.697735625442006E+001
  0.259558499280119E-005  0.927974203245146E+001  0.697747178877817E+001
  0.259562777120486E-005  0.927970907028588E+001  0.697758914650526E+001
  0.251812851199984E-005  0.927953897870895E+001  0.697820477799943E+001
  0.250310246525612E-005  0.927949697671078E+001  0.697835949671688E+001
  0.248815192085010E-005  0.927946635687462E+001  0.697847298886142E+001
  0.242973028655856E-005  0.927936501236960E+001  0.697885296503627E+001
  0.241545258009838E-005  0.927935273750000E+001  0.697889945240944E+001
  0.240124951468806E-005  0.927934817388867E+001  0.697891676185191E+001
  0.240127162123748E-005  0.927932976143505E+001  0.697898674374996E+001
  0.235927117905837E-005  0.927922198785668E+001  0.697940113678646E+001
  0.234548626716033E-005  0.927921175917816E+001  0.697944090038140E+001
  0.222786193346934E-005  0.927893780653917E+001  0.698053608069046E+001
  0.221541718431058E-005  0.927893653644468E+001  0.698054130169386E+001
  0.219084133784573E-005  0.927890011172496E+001  0.701930836566400E+001
  0.215485445555980E-005  0.927878326792031E+001  0.698118197736556E+001
  0.214304650638909E-005  0.927875348722007E+001  0.701869098884042E+001
  0.213130333909694E-005  0.927872363342212E+001  0.698143722929730E+001
  0.213131648829499E-005  0.927871129434561E+001  0.701850951657715E+001
  0.213133637524729E-005  0.927869263277223E+001  0.701842868286605E+001
  0.213134291485384E-005  0.927868649615616E+001  0.701840202417146E+001
  0.213134396129706E-005  0.927868551419972E+001  0.701839775477000E+001
  0.213134567631613E-005  0.927868390486925E+001  0.698160924450432E+001
  0.211930563973608E-005  0.927868252289153E+001  0.701838474289366E+001
  0.209555448740911E-005  0.927862404530240E+001  0.698187150428180E+001
  0.209556063874178E-005  0.927861817447091E+001  0.701810256954045E+001
  0.208372184473517E-005  0.927861766419544E+001  0.698189968564107E+001
  0.207196579606027E-005  0.927860184232161E+001  0.701803024902989E+001
  0.207197905340893E-005  0.927858904548271E+001  0.701797337992297E+001
  0.204865876602244E-005  0.927849932105377E+001  0.698243052427576E+001
  0.203709743304643E-005  0.927848654760838E+001  0.701751121714681E+001
  0.199190548528057E-005  0.927840934960474E+001  0.698284508684429E+001
  0.195908165742636E-005  0.927839936628384E+001  0.701710829372078E+001
  0.195908511023699E-005  0.927839584135922E+001  0.701709180289192E+001
  0.194826544882531E-005  0.927839172155651E+001  0.701707250882745E+001
  0.193750529780937E-005  0.927838785421739E+001  0.698294562274945E+001
  0.190577862039750E-005  0.927835038412143E+001  0.698312230560620E+001
  0.188510422502730E-005  0.927830732011407E+001  0.698332767782003E+001
  0.188511457366797E-005  0.927829634076119E+001  0.698338044433772E+001
  0.187481484374930E-005  0.927829480181925E+001  0.698338785385022E+001
  0.187482359200605E-005  0.927828546944558E+001  0.701656714278066E+001
  0.566049327179434E-004  0.532304326558948E-002  0.699790464878154E+001
  0.566049436255684E-004  0.532265787076978E-002  0.699791941509245E+001
  0.566049633220146E-004  0.532196194417681E-002  0.699794634830055E+001
  0.566049688020839E-004  0.532176831914004E-002  0.699795390486615E+001
  0.566050074011844E-004  0.532040451351443E-002  0.699800794166836E+001
