  0.457806980222828E-013  0.606787284254051E+002  0.314070249092113E-001
  0.919421914683980E-013  0.592642328352583E+002  0.993022609321105E+001
  0.130165790998192E-012  0.585490343188428E+002  0.893654996361326E-001
  0.322916539657863E-011  0.521067935803896E+002  0.272174001781657E+000
  0.380703809586935E-011  0.517576373757796E+002  0.282433131674896E+000
  0.747947832121771E-010  0.457819434035732E+002  0.464441156615513E+000
  0.129844149563520E-009  0.446588692571594E+002  0.500126646240038E+000
  0.157018082323143E-009  0.442589164134535E+002  0.512958719714098E+000
  0.235500337211046E-009  0.434283130065463E+002  0.539821594936460E+000
  0.458807059012349E-009  0.420745774936334E+002  0.941575663150801E+001
  0.811140608930235E-009  0.409150535412061E+002  0.937704780563760E+001
  0.107988242846295E-008  0.403228208088103E+002  0.935703182691775E+001
  0.443260060918686E-008  0.374786515789022E+002  0.925843573216462E+001
  0.679094307018110E-008  0.366055441848113E+002  0.922729314937737E+001
  0.109155531360438E-007  0.356364458382323E+002  0.919220871219205E+001
  0.353246997056683E-007  0.332677576520700E+002  0.896006433464026E+000
  0.417539827913884E-007  0.329134321597346E+002  0.909047766054821E+001
  0.700196751499186E-007  0.318595686316723E+002  0.904975088358589E+001
  0.214700417302014E-006  0.295987332251486E+002  0.104047326639381E+001
  0.212846400754401E-006  0.295961782957989E+002  0.895942242281275E+001
  0.256980947572565E-006  0.291994153024285E+002  0.500988462627256E+001
  0.257955609188770E-006  0.291719435116783E+002  0.498318522986729E+001
  0.266021570862572E-006  0.290904630774681E+002  0.893866495199363E+001
  0.295853527830450E-006  0.288579882268050E+002  0.494969065526734E+001
  0.353991512084225E-006  0.284792706806134E+002  0.891327755764597E+001
  0.359149470771611E-006  0.284304385803500E+002  0.507754252276883E+001
  0.446985607497409E-006  0.279729624363613E+002  0.510160292380004E+001
  0.849728909640439E-006  0.266682798292994E+002  0.116400640622537E+001
  0.898055408008501E-006  0.265377503692199E+002  0.516841547597673E+001
  0.965741166108245E-006  0.263725215348044E+002  0.882306092856555E+001
  0.110498230974994E-005  0.260832433726464E+002  0.481110467054406E+001
  0.116149332832398E-005  0.259635883036818E+002  0.880502682314770E+001
  0.115421632643674E-005  0.259562574834940E+002  0.519461745022495E+001
  0.148637364531925E-005  0.254305213219061E+002  0.478162572906685E+001
  0.169167846678607E-005  0.251518569536011E+002  0.476896459683532E+001
  0.168905096355602E-005  0.251350650928955E+002  0.123207519431486E+001
  0.175881571415292E-005  0.250342166677947E+002  0.523639882029896E+001
  0.226327737425292E-005  0.245099695350167E+002  0.873940875854304E+001
  0.303500917678314E-005  0.239032678338093E+002  0.128872253649414E+001
  0.339910333220498E-005  0.236567727263838E+002  0.469976682219047E+001
  0.423921797540587E-005  0.231951377817740E+002  0.532212290917337E+001
  0.425661768233976E-005  0.231670449977329E+002  0.467653611095150E+001
  0.649526739281879E-005  0.223019464467006E+002  0.463471518523319E+001
  0.762562241633573E-005  0.219611655265271E+002  0.861794134255167E+001
  0.781519709023132E-005  0.218921523938190E+002  0.538546818608811E+001
  0.872840096890645E-005  0.216512277221803E+002  0.860254302258704E+001
  0.114932587086281E-004  0.210809701080009E+002  0.457382034272217E+001
  0.118271157264512E-004  0.210038010984532E+002  0.143010959635837E+001
  0.120965663939040E-004  0.209388468265958E+002  0.856657690393702E+001
  0.134164294401908E-004  0.207118293842296E+002  0.144505935638356E+001
  0.242725428598111E-004  0.195061972135764E+002  0.849162302806902E+001
  0.248704316590132E-004  0.194376288993851E+002  0.551205873444382E+001
  0.308541733366173E-004  0.189865434271649E+002  0.553651268173890E+001
  0.341724153924609E-004  0.187623493022394E+002  0.554881980996573E+001
  0.367477851677489E-004  0.185971302302284E+002  0.444204327971275E+001
  0.439395769238548E-004  0.182197546042922E+002  0.842095335615928E+001
  0.491425431977841E-004  0.179760345796516E+002  0.840716496418786E+001
  0.564014067935979E-004  0.176805959550226E+002  0.839026726081613E+001
  0.603332264931106E-004  0.175259175524725E+002  0.561866203502501E+001
  0.689034419330723E-004  0.172403705697753E+002  0.436470034636149E+001
  0.865192350544468E-004  0.167651486530097E+002  0.166344791041459E+001
  0.940336225097340E-004  0.165786767017024E+002  0.432534372564525E+001
  0.103497260343885E-003  0.163669905646792E+002  0.431250379238542E+001
  0.103574570303021E-003  0.163455965088693E+002  0.568880087105580E+001
  0.178733450208424E-003  0.152344883436796E+002  0.424155782811209E+001
  0.180553641019969E-003  0.151943230364762E+002  0.176103293444508E+001
  0.201728022378486E-003  0.149526374697707E+002  0.577673809017172E+001
  0.218774249558431E-003  0.147704967922069E+002  0.578870846146711E+001
  0.217659603794029E-003  0.147608120949992E+002  0.421065174173016E+001
  0.224899096436811E-003  0.146754725345599E+002  0.820499929843264E+001
  0.226482062752557E-003  0.146415440582405E+002  0.820274467490488E+001
  0.254513530799373E-003  0.143882668922514E+002  0.581422160294766E+001
  0.274446101958330E-003  0.142175644485276E+002  0.582579473012421E+001
  0.303471933233529E-003  0.139965953119384E+002  0.815905261036922E+001
  0.303980159547790E-003  0.139733480394367E+002  0.584255307239119E+001
  0.434390104969815E-003  0.132394862675009E+002  0.589443882731170E+001
  0.435793625390750E-003  0.132131339952253E+002  0.810365263689696E+001
  0.449241314619167E-003  0.131324505387622E+002  0.590221140926554E+001
  0.446497155123479E-003  0.131248042042887E+002  0.809723123195603E+001
  0.448222468930168E-003  0.130971902169826E+002  0.190478397637234E+001
  0.499229549723401E-003  0.128617369195390E+002  0.192211985322123E+001
  0.542623971790467E-003  0.126751351192793E+002  0.593605953042464E+001
  0.695608914882373E-003  0.121584924180427E+002  0.197564337724580E+001
  0.728174681884596E-003  0.120470850192265E+002  0.401561868177795E+001
  0.789332233374820E-003  0.118658916640226E+002  0.800124441068961E+001
  0.801070512798246E-003  0.118164676816230E+002  0.200271241221339E+001
  0.805384488595947E-003  0.117858253902690E+002  0.399482650052183E+001
  0.858524441300441E-003  0.116381340071049E+002  0.398287799081740E+001
  0.972982284856683E-003  0.113679318942191E+002  0.396063354447484E+001
  0.975293689169882E-003  0.113432856925001E+002  0.395857885147502E+001
  0.972278778498596E-003  0.113295771764102E+002  0.795743409795098E+001
  0.993879732500135E-003  0.112657292479396E+002  0.395208423123442E+001
  0.987834075585166E-003  0.112580315100780E+002  0.395143719987573E+001
  0.100962087373032E-002  0.111945000026359E+002  0.394608017848196E+001
  0.114266372024835E-002  0.109270248495710E+002  0.792318561493609E+001
  0.115953614448123E-002  0.108778083555022E+002  0.391891079032434E+001
  0.120366511064108E-002  0.107832054714181E+002  0.791063745756501E+001
  0.120537204790491E-002  0.107604705860163E+002  0.209136200967812E+001
  0.120784497694528E-002  0.107364709479137E+002  0.209347749318632E+001
  0.121680013522884E-002  0.107017966618804E+002  0.390345734243230E+001
  0.123056976147469E-002  0.106593905806858E+002  0.210030549818102E+001
  0.235299578102076E-002  0.922992241316366E+001  0.610267988268320E+001
  0.248967693615744E-002  0.911699513152022E+001  0.611280496626818E+001
  0.258000782156441E-002  0.900688001380790E+001  0.787720955822663E+001
  0.294264916728053E-002  0.870500819731889E+001  0.615076674676151E+001
  0.372227127043277E-002  0.808394552108514E+001  0.621143986265565E+001
  0.387274686846864E-002  0.800468551736875E+001  0.778047773165793E+001
  0.387643048820520E-002  0.796539982627984E+001  0.777644045427816E+001
  0.426749400800297E-002  0.773579152294407E+001  0.775241109142938E+001
  0.466878466690959E-002  0.755604747575481E+001  0.773305075060031E+001
  0.494814635264275E-002  0.740172261170542E+001  0.771601077136295E+001
  0.502972497017536E-002  0.736901806673507E+001  0.628765268477202E+001
  0.508594903555907E-002  0.726985282168843E+001  0.770112214221564E+001
  0.550079832679363E-002  0.711302965045540E+001  0.768299381469217E+001
  0.550987271559847E-002  0.710973306995658E+001  0.768260757249532E+001
  0.588274944675536E-002  0.697876762330069E+001  0.633291782622902E+001
  0.605934166404634E-002  0.687920838411508E+001  0.765503370012032E+001
  0.619633915628513E-002  0.679408796725184E+001  0.635544598240706E+001
  0.625685325067258E-002  0.673424510437907E+001  0.763708321555002E+001
  0.632759185191995E-002  0.663174974211181E+001  0.637592006475709E+001
  0.631802130048273E-002  0.659517179925172E+001  0.638062669195777E+001
  0.637109501959169E-002  0.646190341571473E+001  0.639808609141401E+001
  0.653322981236680E-002  0.637354687580983E+001  0.759005364753086E+001
  0.649661370621444E-002  0.634669120491076E+001  0.758640122750607E+001
  0.651624697060698E-002  0.634065616625860E+001  0.758557731636077E+001
  0.676239356811816E-002  0.622766336793210E+001  0.643006847279341E+001
  0.694735837087411E-002  0.617369418534354E+001  0.643769503248694E+001
  0.697147905949033E-002  0.616676236711295E+001  0.756131790063472E+001
  0.722589194518203E-002  0.605467040631466E+001  0.754510831203096E+001
  0.724873028887665E-002  0.600795370775732E+001  0.753820850985104E+001
  0.744512196841299E-002  0.591408283785124E+001  0.647593029004616E+001
  0.735028518871025E-002  0.589931729309381E+001  0.752181086011112E+001
  0.800399647983941E-002  0.564890289733811E+001  0.651810761532371E+001
  0.792860220968410E-002  0.562822608860410E+001  0.652155253056207E+001
  0.767361982419864E-002  0.561516127060884E+001  0.747625792395751E+001
  0.790434884829557E-002  0.547897941835294E+001  0.745280516093721E+001
  0.776685224684976E-002  0.547597928656013E+001  0.654772520224478E+001
  0.786838133911329E-002  0.541190809584610E+001  0.744079598701699E+001
  0.798146944462333E-002  0.538336775786305E+001  0.743558540849412E+001
  0.802705449780817E-002  0.533314136015207E+001  0.742626098162890E+001
  0.804681552610246E-002  0.528938763262325E+001  0.658203130732718E+001
  0.795376786962114E-002  0.527381278909330E+001  0.658502306920766E+001
  0.786554441539317E-002  0.525728463363344E+001  0.741177827555160E+001
  0.794548262804044E-002  0.523706105332956E+001  0.659216967331054E+001
  0.735410337518294E-002  0.512969473751172E+001  0.661380449920179E+001
  0.723201864413360E-002  0.512777606069132E+001  0.661420215585684E+001
  0.723378282074076E-002  0.512728824074711E+001  0.661430332467801E+001
  0.719206741169431E-002  0.510281811131882E+001  0.738058731540333E+001
  0.714474027417667E-002  0.504458636664316E+001  0.736814348493190E+001
  0.708614888072097E-002  0.495668374678930E+001  0.734851858820039E+001
  0.170041148408336E-001  0.225944126544487E+001  0.714773042624816E+001
  0.170397787185851E-001  0.225525092326376E+001  0.714544354262217E+001
  0.170902149606763E-001  0.224933984349276E+001  0.714215502568367E+001
  0.166219475979134E-001  0.223932441515088E+001  0.713640228294433E+001
  0.166582343750547E-001  0.223496304578691E+001  0.713381989274465E+001
  0.166596242966358E-001  0.223479617773028E+001  0.713372009873287E+001
  0.161743431820804E-001  0.222373724346917E+001  0.712693161672078E+001
  0.162870290862596E-001  0.220985164973741E+001  0.711785559098435E+001
  0.157057391010537E-001  0.220980203349865E+001  0.711782190682580E+001
  0.157097964914291E-001  0.220928542407959E+001  0.711747061003084E+001
  0.137365418307303E-001  0.219153359530533E+001  0.710468548904760E+001
  0.128790153944964E-001  0.218707143755644E+001  0.710121811289149E+001
  0.125003877774447E-001  0.218117100632017E+001  0.709644188602216E+001
  0.125190947000698E-001  0.217818022885256E+001  0.709392823316072E+001
  0.110376232859072E-001  0.217164740420782E+001  0.708818878070103E+001
  0.987442409340919E-002  0.215880482522916E+001  0.707564686645823E+001
  0.934453846368229E-002  0.215797699957537E+001  0.707476627782860E+001
  0.909823102586855E-002  0.215660314967806E+001  0.707328151415448E+001
  0.909830666265363E-002  0.215658652304581E+001  0.707326336093583E+001
  0.884939547296997E-002  0.215572310237795E+001  0.707231440208393E+001
  0.838572093043731E-002  0.215222095683487E+001  0.706833029680796E+001
  0.794921414861300E-002  0.215100110552474E+001  0.706688686905695E+001
  0.774397279539652E-002  0.214998108650504E+001  0.706565554210491E+001
  0.718157016039903E-002  0.214485158863085E+001  0.705907563414150E+001
  0.684070605440616E-002  0.214208493509903E+001  0.705520204691974E+001
  0.651890919932479E-002  0.214087238558097E+001  0.705341589708354E+001
  0.652032352862468E-002  0.214043851670695E+001  0.705276209853101E+001
  0.580366462096276E-002  0.213774133825545E+001  0.704850041741219E+001
  0.568082429656378E-002  0.213558203533793E+001  0.704479734392074E+001
  0.521048162358058E-002  0.213440738375769E+001  0.704264806876653E+001
  0.521089214980307E-002  0.213424981289165E+001  0.695764853684998E+001
  0.510177610412082E-002  0.213356209096666E+001  0.704103182816972E+001
  0.499639941047837E-002  0.213229207991067E+001  0.703847608548164E+001
  0.479019408165718E-002  0.213146606392722E+001  0.696328152240847E+001
  0.469235233079451E-002  0.213063306334474E+001  0.703485636962511E+001
  0.441266837226793E-002  0.212979113637695E+001  0.703286728142995E+001
  0.441285632014001E-002  0.212970595260435E+001  0.703265928328945E+001
  0.441351920820445E-002  0.212940554024888E+001  0.696808506919787E+001
  0.406821755977226E-002  0.212898431840088E+001  0.703084100050946E+001
  0.406825215944454E-002  0.212896730872790E+001  0.703079684666891E+001
  0.390931936082967E-002  0.212865699956587E+001  0.702997993160137E+001
  0.390971431867077E-002  0.212845495012722E+001  0.697056416488973E+001
  0.383197974791467E-002  0.212821499938353E+001  0.697122368561387E+001
  0.375550957364130E-002  0.212812477221025E+001  0.702852437417234E+001
  0.368138905734780E-002  0.212758703592868E+001  0.697302589914617E+001
  0.360778708321182E-002  0.212757272959481E+001  0.702693163759324E+001
  0.353591517787176E-002  0.212741217839230E+001  0.697354957635402E+001
  0.346524976586391E-002  0.212738165132682E+001  0.697364206797612E+001
  0.339660328709010E-002  0.212699386368664E+001  0.702515342040649E+001
  0.320111537282812E-002  0.212670021467183E+001  0.697579853897433E+001
  0.320113783845134E-002  0.212668617859892E+001  0.697584498097473E+001
  0.313844239336298E-002  0.212664031869469E+001  0.702400265317490E+001
  0.313848245123312E-002  0.212661479162777E+001  0.702391742103002E+001
  0.307587556918497E-002  0.212650895426238E+001  0.702356075232808E+001
  0.307607350900435E-002  0.212638025370460E+001  0.697688037714365E+001
  0.301363371233404E-002  0.212615644907698E+001  0.697766822397120E+001
  0.289321874098590E-002  0.212606632102613E+001  0.697799346159740E+001
  0.283536097891452E-002  0.212606165653643E+001  0.697801042487649E+001
  0.283550548676614E-002  0.212595972653859E+001  0.697838443582837E+001
  0.261807829128288E-002  0.212543361410792E+001  0.701957178135865E+001
  0.256790900024632E-002  0.212529468815201E+001  0.698100456705926E+001
  0.251856432988733E-002  0.212526435712609E+001  0.701886726022662E+001
  0.251873127411875E-002  0.212513179057086E+001  0.698170347411060E+001
  0.246955796236346E-002  0.212495881612627E+001  0.701752389649843E+001
  0.242114733075135E-002  0.212494884270399E+001  0.701747830658050E+001
  0.242115594558312E-002  0.212494172639484E+001  0.698255429590246E+001
  0.232651505349522E-002  0.212467831088558E+001  0.698380722043699E+001
  0.219497704632273E-002  0.212454024166253E+001  0.701549564565575E+001
  0.219501627063542E-002  0.212450450191547E+001  0.701531001877068E+001
  0.215284594199203E-002  0.212446592682320E+001  0.698489289372529E+001
  0.211148697454899E-002  0.212442622354929E+001  0.701489537297853E+001
  0.211152812983558E-002  0.212438724165074E+001  0.698531548324248E+001
  0.203051381631129E-002  0.212419190534059E+001  0.701357870475335E+001
  0.199149718511033E-002  0.212416005827284E+001  0.698661023928749E+001
  0.195322341207012E-002  0.212413522762545E+001  0.698675942643404E+001
  0.195322398167153E-002  0.212413464438307E+001  0.698676295087357E+001
  0.191498088272247E-002  0.212407677299892E+001  0.698711745180054E+001
  0.184137913934063E-002  0.212402097980838E+001  0.701253128635158E+001
  0.177197782185305E-002  0.212392539193667E+001  0.701190542221642E+001
  0.177198819560871E-002  0.212391368329657E+001  0.698817351718666E+001
  0.170522337232535E-002  0.212379327808985E+001  0.698901815759266E+001
  0.164212460314011E-002  0.212372306049012E+001  0.701045782227344E+001
  0.458082568959247E-002  0.590826859465465E-002  0.699009916420805E+001
  0.458096051973680E-002  0.584940228135728E-002  0.699058682098059E+001
  0.458098079142370E-002  0.584055189202899E-002  0.699066234092724E+001
  0.458103541702416E-002  0.581670316737313E-002  0.699086894962154E+001
  0.458105091921797E-002  0.580993519193713E-002  0.699092843977343E+001
  0.458125810358914E-002  0.571948446791437E-002  0.699176464396030E+001
  0.425415810853574E-002  0.565708495257754E-002  0.699239492494141E+001
  0.425434959902392E-002  0.556706188635166E-002  0.699340959211804E+001
  0.425440333491606E-002  0.554180042086429E-002  0.699372372390883E+001
  0.389992702495485E-002  0.551241438241379E-002  0.699411018884678E+001
  0.389996928091538E-002  0.549074437098015E-002  0.699441227473911E+001
  0.354545306120947E-002  0.547582819883743E-002  0.699463007578747E+001
  0.354547913028335E-002  0.546112261532433E-002  0.699485381765906E+001
  0.319097444171561E-002  0.543403073217740E-002  0.699529378162611E+001
  0.319099786147722E-002  0.541935203380668E-002  0.699555029218449E+001
  0.319103030947198E-002  0.539901492849048E-002  0.699593232710351E+001
  0.319104733371699E-002  0.538834489533369E-002  0.699614788921658E+001
  0.319104972096767E-002  0.538684867824123E-002  0.699617908875359E+001
  0.319105152672653E-002  0.538571691376936E-002  0.699620285891262E+001
  0.319105662901134E-002  0.538251904579976E-002  0.699627084170860E+001
  0.319106208592003E-002  0.537909892221804E-002  0.699634494845600E+001
  0.319108552192509E-002  0.536441044648701E-002  0.699668198166487E+001
