  0.115816651407509E+000  0.297243631188561E+001  0.210030549818102E+001
  0.115816651407509E+000  0.319085408670192E+001  0.391891079032434E+001
  0.115816651407509E+000  0.409887112146872E+001  0.399482650052183E+001
  0.115816651407509E+000  0.412951341282272E+001  0.200271241221339E+001
  0.115816651407509E+000  0.353424182966998E+001  0.611280496626818E+001
  0.115816651407509E+000  0.312225489546865E+001  0.615076674676151E+001
  0.115816651407509E+000  0.242193221551851E+001  0.778047773165793E+001
  0.115816651407509E+000  0.238264652442960E+001  0.777644045427816E+001
  0.115816651407509E+000  0.197329417390457E+001  0.773305075060031E+001
  0.115816651407509E+000  0.178626476488483E+001  0.628765268477202E+001
  0.115816651407509E+000  0.168709951983819E+001  0.770112214221564E+001
  0.115816651407509E+000  0.153027634860516E+001  0.768299381469217E+001
  0.115816651407509E+000  0.152697976810634E+001  0.768260757249532E+001
  0.115816651407509E+000  0.129645508226485E+001  0.765503370012032E+001
  0.115816651407509E+000  0.115149180252883E+001  0.763708321555002E+001
  0.115816651407509E+000  0.104899644026157E+001  0.637592006475709E+001
  0.115816651407509E+000  0.101241849740148E+001  0.638062669195777E+001
  0.115816651407509E+000  0.790793573959590E+000  0.759005364753086E+001
  0.115816651407509E+000  0.763937903060524E+000  0.758640122750607E+001
  0.115816651407509E+000  0.757902864408357E+000  0.758557731636077E+001
  0.115816651407509E+000  0.644910066081867E+000  0.643006847279341E+001
  0.115816651407509E+000  0.590940883493301E+000  0.643769503248694E+001
  0.115816651407509E+000  0.584009065262716E+000  0.756131790063472E+001
  0.115816651407509E+000  0.471917104464420E+000  0.754510831203096E+001
  0.115816651407509E+000  0.425200405907084E+000  0.753820850985104E+001
  0.115816651407509E+000  0.331329536001002E+000  0.647593029004616E+001
  0.115816651407509E+000  0.316563991243567E+000  0.752181086011112E+001
  0.115816651407509E+000  0.661495954878675E-001  0.651810761532371E+001
  0.115816651407509E+000  0.454727867538640E-001  0.652155253056207E+001
  0.115816651407509E+000  0.324079687586019E-001  0.747625792395751E+001
  0.115816651407509E+000 -0.103773883497298E+000  0.745280516093721E+001
  0.115816651407509E+000 -0.106774015290109E+000  0.654772520224478E+001
  0.115816651407509E+000 -0.170845206004134E+000  0.744079598701699E+001
  0.115816651407509E+000 -0.199385543987188E+000  0.743558540849412E+001
  0.115816651407509E+000 -0.249611941698168E+000  0.742626098162890E+001
  0.115816651407509E+000 -0.293365669226988E+000  0.658203130732718E+001
  0.115816651407509E+000 -0.308940512756939E+000  0.658502306920766E+001
  0.115816651407509E+000 -0.325468668216794E+000  0.741177827555160E+001
  0.115816651407509E+000 -0.345692248520683E+000  0.659216967331054E+001
  0.115816651407509E+000 -0.453058564338522E+000  0.661380449920179E+001
  0.115816651407509E+000 -0.454977241158918E+000  0.661420215585684E+001
  0.115816651407509E+000 -0.455465061103132E+000  0.661430332467801E+001
  0.115816651407509E+000 -0.479935190531422E+000  0.738058731540333E+001
  0.115816651407509E+000 -0.538166935207081E+000  0.736814348493190E+001
  0.115816651407509E+000 -0.626069555060939E+000  0.734851858820039E+001
  0.115816651407509E+000  0.550958354094222E+000  0.729547595541653E+001
  0.115816651407509E+000  0.512847397626914E+000  0.728497067778026E+001
  0.115816651407509E+000  0.488070887849785E+000  0.727792813033265E+001
  0.115816651407509E+000  0.452260920773993E+000  0.726742185942453E+001
  0.115816651407509E+000  0.441717076281447E+000  0.726424881414921E+001
  0.115816651407509E+000  0.426804049756442E+000  0.725969472758465E+001
  0.115816651407509E+000  0.356876851998294E+000  0.723717714876008E+001
  0.115816651407509E+000  0.347316734508440E+000  0.723393029110311E+001
  0.115816651407509E+000  0.335667945449782E+000  0.722991210243526E+001
  0.115816651407509E+000  0.312433198739310E+000  0.722167998414950E+001
  0.115816651407509E+000  0.305212282067394E+000  0.721905859651020E+001
  0.115816651407509E+000  0.294701075815115E+000  0.721518567727582E+001
  0.115816651407509E+000  0.231079517652479E+000  0.719006689979750E+001
