  0.162897188973613E-012  0.594128717842713E+002  0.314070249092113E-001
  0.327149326796765E-012  0.579983761941245E+002  0.993022609321105E+001
  0.463156796862554E-012  0.572831776777090E+002  0.893654996361326E-001
  0.114900381286780E-010  0.508409369392558E+002  0.272174001781657E+000
  0.135462286711034E-010  0.504917807346459E+002  0.282433131674896E+000
  0.266135302900455E-009  0.445160867624394E+002  0.464441156615513E+000
  0.462012330136861E-009  0.433930126160257E+002  0.500126646240038E+000
  0.558702801255193E-009  0.429930597723198E+002  0.512958719714098E+000
  0.837958890782871E-009  0.421624563654125E+002  0.539821594936460E+000
  0.163253037684102E-008  0.408087208524996E+002  0.941575663150801E+001
  0.288620599434216E-008  0.396491969000723E+002  0.937704780563760E+001
  0.384244495208424E-008  0.390569641676765E+002  0.935703182691775E+001
  0.157721094319667E-007  0.362127949377684E+002  0.925843573216462E+001
  0.241635795084189E-007  0.353396875436775E+002  0.922729314937737E+001
  0.388397949085046E-007  0.343705891970985E+002  0.919220871219205E+001
  0.125692585128117E-006  0.320019010109362E+002  0.896006433464026E+000
  0.148569303636639E-006  0.316475755186008E+002  0.909047766054821E+001
  0.249144481135166E-006  0.305937119905385E+002  0.904975088358589E+001
  0.763948475249047E-006  0.283328765840148E+002  0.104047326639381E+001
  0.757351501044550E-006  0.283303216546651E+002  0.895942242281275E+001
  0.914391343683121E-006  0.279335586612947E+002  0.500988462627256E+001
  0.917859391230213E-006  0.279060868705445E+002  0.498318522986729E+001
  0.946559750547405E-006  0.278246064363343E+002  0.893866495199363E+001
  0.105270802135978E-005  0.275921315856712E+002  0.494969065526734E+001
  0.125957498968173E-005  0.272134140394797E+002  0.891327755764597E+001
  0.127792807312769E-005  0.271645819392163E+002  0.507754252276883E+001
  0.159046720820096E-005  0.267071057952275E+002  0.510160292380004E+001
  0.302351114661181E-005  0.254024231881656E+002  0.116400640622537E+001
  0.319546681957390E-005  0.252718937280861E+002  0.516841547597673E+001
  0.343630674129438E-005  0.251066648936706E+002  0.882306092856555E+001
  0.393175551924144E-005  0.248173867315126E+002  0.481110467054406E+001
  0.413283340729082E-005  0.246977316625481E+002  0.880502682314770E+001
  0.410694033001599E-005  0.246904008423603E+002  0.519461745022495E+001
  0.528882474594682E-005  0.241646646807723E+002  0.478162572906685E+001
  0.601934174862330E-005  0.238860003124673E+002  0.476896459683532E+001
  0.600999254888008E-005  0.238692084517618E+002  0.123207519431486E+001
  0.625822995574860E-005  0.237683600266609E+002  0.523639882029896E+001
  0.805320884259855E-005  0.232441128938829E+002  0.873940875854304E+001
  0.107991901557826E-004  0.226374111926756E+002  0.128872253649414E+001
  0.120947124392365E-004  0.223909160852500E+002  0.469976682219047E+001
  0.150840140380542E-004  0.219292811406402E+002  0.532212290917337E+001
  0.151459257928098E-004  0.219011883565991E+002  0.467653611095150E+001
  0.231115043157962E-004  0.210360898055668E+002  0.463471518523319E+001
  0.271335411965683E-004  0.206953088853933E+002  0.861794134255167E+001
  0.278080870818922E-004  0.206262957526853E+002  0.538546818608811E+001
  0.310574552921272E-004  0.203853710810465E+002  0.860254302258704E+001
  0.408953907795543E-004  0.198151134668672E+002  0.457382034272217E+001
  0.420833230757380E-004  0.197379444573194E+002  0.143010959635837E+001
  0.430420842609379E-004  0.196729901854620E+002  0.856657690393702E+001
  0.477384298685481E-004  0.194459727430958E+002  0.144505935638356E+001
  0.863667259765303E-004  0.182403405724426E+002  0.849162302806902E+001
  0.884941379408791E-004  0.181717722582513E+002  0.551205873444382E+001
  0.109785528001195E-003  0.177206867860311E+002  0.553651268173890E+001
  0.121592519300626E-003  0.174964926611057E+002  0.554881980996573E+001
  0.130756217432922E-003  0.173312735890946E+002  0.444204327971275E+001
  0.156346099443525E-003  0.169538979631584E+002  0.842095335615928E+001
  0.174859329187970E-003  0.167101779385179E+002  0.840716496418786E+001
  0.200687866671725E-003  0.164147393138888E+002  0.839026726081613E+001
  0.214678094087872E-003  0.162600609113387E+002  0.561866203502501E+001
  0.245172692562289E-003  0.159745139286416E+002  0.436470034636149E+001
  0.307853326649954E-003  0.154992920118759E+002  0.166344791041459E+001
  0.334591070856674E-003  0.153128200605686E+002  0.432534372564525E+001
  0.368264650929594E-003  0.151011339235455E+002  0.431250379238542E+001
  0.368539735748458E-003  0.150797398677355E+002  0.568880087105580E+001
  0.635970569962401E-003  0.139686317025458E+002  0.424155782811209E+001
  0.642447185204307E-003  0.139284663953425E+002  0.176103293444508E+001
  0.717790011997357E-003  0.136867808286370E+002  0.577673809017172E+001
  0.778444012704534E-003  0.135046401510731E+002  0.578870846146711E+001
  0.774477872615670E-003  0.134949554538655E+002  0.421065174173016E+001
  0.800237484243485E-003  0.134096158934261E+002  0.820499929843264E+001
  0.805870005681873E-003  0.133756874171067E+002  0.820274467490488E+001
  0.905611764652159E-003  0.131224102511176E+002  0.581422160294766E+001
  0.976535974004108E-003  0.129517078073938E+002  0.582579473012421E+001
  0.107981588293103E-002  0.127307386708046E+002  0.815905261036922E+001
  0.108162425723575E-002  0.127074913983029E+002  0.584255307239119E+001
  0.154564980601857E-002  0.119736296263671E+002  0.589443882731170E+001
  0.155064382186180E-002  0.119472773540915E+002  0.810365263689696E+001
  0.159849348051999E-002  0.118665938976284E+002  0.590221140926554E+001
  0.158872919366431E-002  0.118589475631549E+002  0.809723123195603E+001
  0.159486821690660E-002  0.118313335758488E+002  0.190478397637234E+001
  0.177636195636254E-002  0.115958802784053E+002  0.192211985322123E+001
  0.193076828211186E-002  0.114092784781455E+002  0.593605953042464E+001
  0.247512034010866E-002  0.108926357769089E+002  0.197564337724580E+001
  0.259099607225346E-002  0.107812283780927E+002  0.401561868177795E+001
  0.280860728511477E-002  0.106000350228889E+002  0.800124441068961E+001
  0.285037451025695E-002  0.105506110404892E+002  0.200271241221339E+001
  0.286572452808332E-002  0.105199687491352E+002  0.399482650052183E+001
  0.305480746678250E-002  0.103722773659711E+002  0.398287799081740E+001
  0.346207213894234E-002  0.101020752530854E+002  0.396063354447484E+001
  0.347029659338422E-002  0.100774290513663E+002  0.395857885147502E+001
  0.345956891786647E-002  0.100637205352765E+002  0.795743409795098E+001
  0.353642957831963E-002  0.999987260680580E+001  0.395208423123442E+001
  0.351491788104345E-002  0.999217486894418E+001  0.395143719987573E+001
  0.359243981338388E-002  0.992864336150211E+001  0.394608017848196E+001
  0.406583376863303E-002  0.966116820843718E+001  0.792318561493609E+001
  0.412586934251983E-002  0.961195171436838E+001  0.391891079032434E+001
  0.428288932802230E-002  0.951734883028431E+001  0.791063745756501E+001
  0.428896296372565E-002  0.949461394488253E+001  0.209136200967812E+001
  0.429776215654290E-002  0.947061430677994E+001  0.209347749318632E+001
  0.432962646124390E-002  0.943594002074663E+001  0.390345734243230E+001
  0.437862163837237E-002  0.939353393955207E+001  0.210030549818102E+001
  0.837244548365109E-002  0.796406577202988E+001  0.610267988268320E+001
  0.885878529320564E-002  0.785113849038644E+001  0.611280496626818E+001
  0.918020125988946E-002  0.774102337267413E+001  0.787720955822663E+001
  0.104705541460340E-001  0.743915155618511E+001  0.615076674676151E+001
  0.132446107801942E-001  0.681808887995137E+001  0.621143986265565E+001
  0.137800340696608E-001  0.673882887623497E+001  0.778047773165793E+001
  0.137931411502920E-001  0.669954318514606E+001  0.777644045427816E+001
  0.151846260082594E-001  0.646993488181029E+001  0.775241109142938E+001
  0.166125011416932E-001  0.629019083462103E+001  0.773305075060031E+001
  0.176065277790920E-001  0.613586597057164E+001  0.771601077136295E+001
  0.178968013670995E-001  0.610316142560129E+001  0.628765268477202E+001
  0.180968582163686E-001  0.600399618055465E+001  0.770112214221564E+001
  0.195729777669467E-001  0.584717300932162E+001  0.768299381469217E+001
  0.196052663184940E-001  0.584387642882279E+001  0.768260757249532E+001
  0.209320388222588E-001  0.571291098216691E+001  0.633291782622902E+001
  0.215603904427893E-001  0.561335174298130E+001  0.765503370012032E+001
  0.220478558451576E-001  0.552823132611806E+001  0.635544598240706E+001
  0.222631775046090E-001  0.546838846324529E+001  0.763708321555002E+001
  0.225148800734408E-001  0.536589310097802E+001  0.637592006475709E+001
  0.224808260726632E-001  0.532931515811794E+001  0.638062669195777E+001
  0.226696733385353E-001  0.519604677458095E+001  0.639808609141401E+001
  0.232465824534865E-001  0.510769023467605E+001  0.759005364753086E+001
  0.231162947772157E-001  0.508083456377698E+001  0.758640122750607E+001
  0.231861539912094E-001  0.507479952512482E+001  0.758557731636077E+001
  0.240619944773129E-001  0.496180672679832E+001  0.643006847279341E+001
  0.247201374880057E-001  0.490783754420976E+001  0.643769503248694E+001
  0.248059638851868E-001  0.490090572597917E+001  0.756131790063472E+001
  0.257112175337369E-001  0.478881376518088E+001  0.754510831203096E+001
  0.257924810825552E-001  0.474209706662354E+001  0.753820850985104E+001
  0.264912832834020E-001  0.464822619671746E+001  0.647593029004616E+001
  0.261538344131955E-001  0.463346065196002E+001  0.752181086011112E+001
  0.284798743454268E-001  0.438304625620433E+001  0.651810761532371E+001
  0.282116059440354E-001  0.436236944747032E+001  0.652155253056207E+001
  0.273043258974719E-001  0.434930462947506E+001  0.747625792395751E+001
  0.281253074696996E-001  0.421312277721916E+001  0.745280516093721E+001
  0.276360661335792E-001  0.421012264542635E+001  0.654772520224478E+001
  0.279973276355493E-001  0.414605145471232E+001  0.744079598701699E+001
  0.283997184965399E-001  0.411751111672927E+001  0.743558540849412E+001
  0.285619195407313E-001  0.406728471901829E+001  0.742626098162890E+001
  0.286322333651033E-001  0.402353099148947E+001  0.658203130732718E+001
  0.283011505652296E-001  0.400795614795952E+001  0.658502306920766E+001
  0.279872332744036E-001  0.399142799249966E+001  0.741177827555160E+001
  0.282716699626664E-001  0.397120441219578E+001  0.659216967331054E+001
  0.261674203100963E-001  0.386383809637794E+001  0.661380449920179E+001
  0.257330175953352E-001  0.386191941955754E+001  0.661420215585684E+001
  0.257392949004567E-001  0.386143159961333E+001  0.661430332467801E+001
  0.255908628501799E-001  0.383696147018504E+001  0.738058731540333E+001
  0.254224631097470E-001  0.377872972550938E+001  0.736814348493190E+001
  0.252139828177397E-001  0.369082710565552E+001  0.734851858820039E+001
  0.605041562976629E-001  0.993584624311085E+000  0.714773042624816E+001
  0.606310557484050E-001  0.989394282129980E+000  0.714544354262217E+001
  0.608105183257351E-001  0.983483202358979E+000  0.714215502568367E+001
  0.591443262321801E-001  0.973467774017101E+000  0.713640228294433E+001
  0.592734420877390E-001  0.969106404653126E+000  0.713381989274465E+001
  0.592783877160983E-001  0.968939536596500E+000  0.713372009873287E+001
  0.575516571759790E-001  0.957880602335385E+000  0.712693161672078E+001
  0.579526169214770E-001  0.943995008603634E+000  0.711785559098435E+001
  0.558842669692227E-001  0.943945392364872E+000  0.711782190682580E+001
  0.558987040030661E-001  0.943428782945810E+000  0.711747061003084E+001
  0.488774559390795E-001  0.925676954171546E+000  0.710468548904760E+001
  0.458261995806669E-001  0.921214796422660E+000  0.710121811289149E+001
  0.444789642358607E-001  0.915314365186386E+000  0.709644188602216E+001
  0.445455273343199E-001  0.912323587718783E+000  0.709392823316072E+001
  0.392741457403917E-001  0.905790763074038E+000  0.708818878070103E+001
  0.351352425156728E-001  0.892948184095377E+000  0.707564686645823E+001
  0.332497998883451E-001  0.892120358441592E+000  0.707476627782860E+001
  0.323733870991906E-001  0.890746508544282E+000  0.707328151415448E+001
  0.323736562305102E-001  0.890729881912035E+000  0.707326336093583E+001
  0.314879787538625E-001  0.889866461244169E+000  0.707231440208393E+001
  0.298381288642773E-001  0.886364315701091E+000  0.706833029680796E+001
  0.282849474843759E-001  0.885144464390959E+000  0.706688686905695E+001
  0.275546563148565E-001  0.884124445371256E+000  0.706565554210491E+001
  0.255535114597070E-001  0.878994947497071E+000  0.705907563414150E+001
  0.243406464950615E-001  0.876228293965252E+000  0.705520204691974E+001
  0.231956267514178E-001  0.875015744447194E+000  0.705341589708354E+001
  0.232006592274871E-001  0.874581875573172E+000  0.705276209853101E+001
  0.206506386608674E-001  0.871884697121673E+000  0.704850041741219E+001
  0.202135473887452E-001  0.869725394204154E+000  0.704479734392074E+001
  0.185399709123445E-001  0.868550742623912E+000  0.704264806876653E+001
  0.185414316495227E-001  0.868393171757866E+000  0.695764853684998E+001
  0.181531741986445E-001  0.867705449832878E+000  0.704103182816972E+001
  0.177782221354555E-001  0.866435438776888E+000  0.703847608548164E+001
  0.170445009414273E-001  0.865609422793442E+000  0.696328152240847E+001
  0.166963597625395E-001  0.864776422210961E+000  0.703485636962511E+001
  0.157011864119099E-001  0.863934495243166E+000  0.703286728142995E+001
  0.157018551692981E-001  0.863849311470572E+000  0.703265928328945E+001
  0.157042138620871E-001  0.863548899115100E+000  0.696808506919787E+001
  0.144755592039563E-001  0.863127677267099E+000  0.703084100050946E+001
  0.144756823167439E-001  0.863110667594122E+000  0.703079684666891E+001
  0.139101665590446E-001  0.862800358432089E+000  0.702997993160137E+001
  0.139115719007030E-001  0.862598308993439E+000  0.697056416488973E+001
  0.136349762259041E-001  0.862358358249755E+000  0.697122368561387E+001
  0.133628795352116E-001  0.862268131076470E+000  0.702852437417234E+001
  0.130991434134162E-001  0.861730394794900E+000  0.697302589914617E+001
  0.128372523718286E-001  0.861716088461029E+000  0.702693163759324E+001
  0.125815172727182E-001  0.861555537258519E+000  0.697354957635402E+001
  0.123300751263329E-001  0.861525010193041E+000  0.697364206797612E+001
  0.120858167618198E-001  0.861137222552855E+000  0.702515342040649E+001
  0.113902303446775E-001  0.860843573538052E+000  0.697579853897433E+001
  0.113903102820098E-001  0.860829537465139E+000  0.697584498097473E+001
  0.111672269257584E-001  0.860783677560911E+000  0.702400265317490E+001
  0.111673694599426E-001  0.860758150493990E+000  0.702391742103002E+001
  0.109446012292991E-001  0.860652313128603E+000  0.702356075232808E+001
  0.109453055401016E-001  0.860523612570821E+000  0.697688037714365E+001
  0.107231318337783E-001  0.860299807943199E+000  0.697766822397120E+001
  0.102946704692661E-001  0.860209679892352E+000  0.697799346159740E+001
  0.100888005894066E-001  0.860205015402650E+000  0.697801042487649E+001
  0.100893147782204E-001  0.860103085404808E+000  0.697838443582837E+001
  0.931566386242616E-002  0.859576972974137E+000  0.701957178135865E+001
  0.913715115214208E-002  0.859438047018233E+000  0.698100456705926E+001
  0.896157261272363E-002  0.859407715992314E+000  0.701886726022662E+001
  0.896216663481567E-002  0.859275149437079E+000  0.698170347411060E+001
  0.878719782473852E-002  0.859102174992493E+000  0.701752389649843E+001
  0.861494278829910E-002  0.859092201570207E+000  0.701747830658050E+001
  0.861497344165170E-002  0.859085085261063E+000  0.698255429590246E+001
  0.827822158007960E-002  0.858821669751797E+000  0.698380722043699E+001
  0.781018215435568E-002  0.858683600528748E+000  0.701549564565575E+001
  0.781032172257006E-002  0.858647860781687E+000  0.701531001877068E+001
  0.766027097431023E-002  0.858609285689417E+000  0.698489289372529E+001
  0.751310721695460E-002  0.858569582415505E+000  0.701489537297853E+001
  0.751325365597337E-002  0.858530600516957E+000  0.698531548324248E+001
  0.722498797830040E-002  0.858335264206813E+000  0.701357870475335E+001
  0.708615873758497E-002  0.858303417139059E+000  0.698661023928749E+001
  0.694997273979547E-002  0.858278586491668E+000  0.698675942643404E+001
  0.694997476655507E-002  0.858278003249292E+000  0.698676295087357E+001
  0.681389791352391E-002  0.858220131865141E+000  0.698711745180054E+001
  0.655200769300731E-002  0.858164338674603E+000  0.701253128635158E+001
  0.630506345628359E-002  0.858068750802890E+000  0.701190542221642E+001
  0.630510036825106E-002  0.858057042162785E+000  0.698817351718666E+001
  0.606753732301559E-002  0.857936636956069E+000  0.698901815759266E+001
  0.584301885623800E-002  0.857866419356339E+000  0.701045782227344E+001
  0.815004651652366E-002  0.583855996797445E-002  0.700932057772406E+001
  0.701305955561137E-002  0.577330005605833E-002  0.700874251583949E+001
  0.684999813917256E-002  0.576366737879516E-002  0.700865392135633E+001
  0.685000112869707E-002  0.576279452487695E-002  0.700864584861160E+001
  0.668697521772435E-002  0.574205140750216E-002  0.700845173351655E+001
  0.668703200925983E-002  0.572506576228137E-002  0.700828939661251E+001
  0.668715828830784E-002  0.568729777926086E-002  0.700791651557922E+001
  0.668715932128506E-002  0.568698883573317E-002  0.700791339294814E+001
  0.668717176147616E-002  0.568326821867191E-002  0.700787568976166E+001
  0.651124030349613E-002  0.566890952970834E-002  0.700772846032452E+001
  0.651124511796089E-002  0.566743071376492E-002  0.700771313739258E+001
  0.651128856039197E-002  0.565408694145106E-002  0.700757347244443E+001
  0.633043431891270E-002  0.564938419436352E-002  0.700752363245597E+001
  0.615461818579562E-002  0.563987435989657E-002  0.700742182402229E+001
  0.566892057781877E-002  0.557167628898852E-002  0.700664618540763E+001
  0.551976060647909E-002  0.556365087801441E-002  0.700654887125516E+001
  0.537463818040161E-002  0.551362568021900E-002  0.700590624102704E+001
  0.537464081879966E-002  0.551264388486220E-002  0.700589292760963E+001
  0.509176848675207E-002  0.551126891189423E-002  0.700587423187637E+001
  0.495782744199910E-002  0.548994381513008E-002  0.700557625184646E+001
  0.436766913794326E-002  0.546281311310552E-002  0.700517239522187E+001
  0.426368231284985E-002  0.546032829295565E-002  0.700513381934891E+001
  0.397302528598050E-002  0.543587052387509E-002  0.700473738937120E+001
  0.397305526795716E-002  0.542077781171386E-002  0.700447526804879E+001
  0.379247386382131E-002  0.541444044228256E-002  0.700436050971786E+001
  0.370628225724627E-002  0.541391094174917E-002  0.700435078440218E+001
  0.362206064747596E-002  0.540724185711103E-002  0.700422637804416E+001
  0.353974656174378E-002  0.540414873060221E-002  0.700416741780132E+001
  0.310636543551315E-002  0.536730258551126E-002  0.700338703231696E+001
  0.298211326615520E-002  0.536566075412616E-002  0.700334802850862E+001
  0.286517743102631E-002  0.535883174011465E-002  0.700318066858580E+001
  0.275498103552896E-002  0.535684518084064E-002  0.700313030400582E+001
  0.270200100381404E-002  0.535656922645858E-002  0.699687675641876E+001
  0.265004194371965E-002  0.535468422049424E-002  0.700307458119318E+001
  0.259908136110301E-002  0.535332800631559E-002  0.700303908789687E+001
  0.259908330738203E-002  0.535183034001249E-002  0.699700059528634E+001
  0.259908392628058E-002  0.535135409635290E-002  0.699701332464924E+001
  0.249716212513672E-002  0.534890434578933E-002  0.700292032011270E+001
  0.244820107162865E-002  0.534652730930827E-002  0.699714553967909E+001
  0.235404390341929E-002  0.534277931396073E-002  0.700274741050229E+001
  0.218285138575259E-002  0.533299822173384E-002  0.699755392360877E+001
  0.218285320427194E-002  0.533133203538651E-002  0.699760903787227E+001
  0.214243057823956E-002  0.533078923673856E-002  0.699762726906023E+001
  0.202766055346861E-002  0.532778881071809E-002  0.699773068645858E+001
  0.199145382613431E-002  0.532628555182172E-002  0.700221568556565E+001
  0.192158110567347E-002  0.532331675900148E-002  0.699789423275869E+001
  0.188787143136630E-002  0.532090672566319E-002  0.699798787417379E+001
  0.179188042254115E-002  0.531816793981246E-002  0.700190011699754E+001
  0.176150965040258E-002  0.531807429198290E-002  0.699810382992545E+001
  0.173165377582028E-002  0.531781882839474E-002  0.700188536117960E+001
  0.173165382726284E-002  0.531775941401506E-002  0.699811716159037E+001
  0.161810520789158E-002  0.531472961006260E-002  0.699825062529903E+001
  0.159157926382343E-002  0.531426363846934E-002  0.699827206586078E+001
  0.156548785719717E-002  0.531419118168483E-002  0.700172457626795E+001
  0.153982434938412E-002  0.531389562737839E-002  0.700171081109854E+001
  0.146649998203345E-002  0.531307507811137E-002  0.699832799918295E+001
  0.146650038492745E-002  0.531252561483462E-002  0.700164550071647E+001
  0.144284764032232E-002  0.531184999268294E-002  0.700161231915688E+001
  0.141957696015873E-002  0.531036226631640E-002  0.700153672926861E+001
  0.139668058838919E-002  0.531031814217989E-002  0.699846556949223E+001
  0.137415370997521E-002  0.530998651934282E-002  0.700151704229644E+001
  0.133053037810806E-002  0.530909148709791E-002  0.700146908548766E+001
  0.133053055247016E-002  0.530882939300246E-002  0.699854525702794E+001
  0.128829171018565E-002  0.530848339482308E-002  0.700143558956741E+001
  0.128829182596047E-002  0.530830366097906E-002  0.700142553849160E+001
  0.128829187316195E-002  0.530823038334542E-002  0.700142142026496E+001
  0.126717237679256E-002  0.530816324976996E-002  0.699858236316443E+001
  0.124639928283981E-002  0.530780429641342E-002  0.699860276642593E+001
  0.124639940449305E-002  0.530760908892638E-002  0.699861398828916E+001
  0.122562675635875E-002  0.530650716438013E-002  0.699867912130187E+001
  0.118544270621419E-002  0.530577550429261E-002  0.699872420420083E+001
  0.116600953323801E-002  0.530523689637122E-002  0.699875843741449E+001
  0.111048558963373E-002  0.530466078213007E-002  0.699879613149589E+001
  0.109285889745959E-002  0.530454509130231E-002  0.699880384413944E+001
  0.109285902798307E-002  0.530430622519806E-002  0.699881992785557E+001
  0.107523234362679E-002  0.530416828369817E-002  0.699882931659871E+001
  0.107523244572542E-002  0.530397837381262E-002  0.699884236705111E+001
  0.107523259141671E-002  0.530370737885811E-002  0.700113875144421E+001
  0.105731208855378E-002  0.530363109608977E-002  0.699886662027162E+001
  0.102264623081373E-002  0.530341132024267E-002  0.700111775913022E+001
  0.100588168673145E-002  0.530311660138340E-002  0.700109646270145E+001
  0.100588184251865E-002  0.530280684886800E-002  0.700107362472645E+001
  0.989117276890343E-003  0.530254045576718E-002  0.700105358775483E+001
  0.972632053049140E-003  0.530240863413461E-002  0.700104353040010E+001
  0.956421660049215E-003  0.530211333013691E-002  0.700102064051274E+001
  0.956421675193845E-003  0.530208166078044E-002  0.700101815517444E+001
  0.940211319184760E-003  0.530169694168338E-002  0.699901253612537E+001
  0.924275626496667E-003  0.530149703845685E-002  0.699902886644200E+001
  0.924275765811862E-003  0.530119558036280E-002  0.699905402585004E+001
  0.908340175297952E-003  0.530075840530443E-002  0.699909174943817E+001
  0.908340193485993E-003  0.530071835854290E-002  0.699909528369019E+001
  0.908340328992682E-003  0.530041999746674E-002  0.699912206274198E+001
  0.908340335775095E-003  0.530040506383042E-002  0.699912342459125E+001
  0.908340374537012E-003  0.530031971714974E-002  0.700086875139041E+001
  0.908340604209253E-003  0.529981402078333E-002  0.700082086391060E+001
  0.908340616738950E-003  0.529978643267841E-002  0.700081817080303E+001
  0.908340617156405E-003  0.529978551352349E-002  0.700081808092393E+001
  0.890530052024889E-003  0.529970644850868E-002  0.699918968771715E+001
  0.873068689606865E-003  0.529968090391763E-002  0.699919221360424E+001
  0.873068745927944E-003  0.529955188525305E-002  0.699920509379496E+001
  0.873068748523571E-003  0.529954593927054E-002  0.700079430757121E+001
  0.873068749707681E-003  0.529954322674543E-002  0.700079403432774E+001
  0.854879936948847E-003  0.529926359273496E-002  0.699923465754596E+001
  0.819986920251260E-003  0.529916126576640E-002  0.700075457057787E+001
  0.803252510799641E-003  0.529911771212741E-002  0.700074993878068E+001
  0.741464095699502E-003  0.529847148584015E-002  0.699932249577951E+001
  0.713484327548428E-003  0.529844613101952E-002  0.700067450366752E+001
  0.700022405604634E-003  0.529831327664574E-002  0.700065855789243E+001
  0.686814466922060E-003  0.529822232196365E-002  0.700064741466506E+001
  0.686814508786143E-003  0.529810041398860E-002  0.700063217123672E+001
  0.686814509006647E-003  0.529809977188193E-002  0.700063208997419E+001
  0.673347574848779E-003  0.529804928049634E-002  0.699937433306486E+001
  0.673347581978551E-003  0.529802810340493E-002  0.700062295327204E+001
  0.634500626421238E-003  0.529796403391828E-002  0.699938532963200E+001
  0.622298712054554E-003  0.529789732382813E-002  0.700060592577669E+001
  0.622298754437825E-003  0.529776110863604E-002  0.699941233375448E+001
  0.610096836990053E-003  0.529769910617084E-002  0.700057916424413E+001
  0.610096843660583E-003  0.529767723904806E-002  0.700057613581911E+001
  0.610096902585731E-003  0.529748407252039E-002  0.700054865821566E+001
  0.610096931360370E-003  0.529738974442839E-002  0.699946527264619E+001
  0.573491124003019E-003  0.529736001677608E-002  0.700053026117956E+001
  0.562021316516083E-003  0.529730666248300E-002  0.700052214962572E+001
  0.550780907429446E-003  0.529724404707869E-002  0.699948753364307E+001
  0.539765307151121E-003  0.529717783213629E-002  0.700050202328249E+001
  0.539765312975867E-003  0.529715624962428E-002  0.699950142786456E+001
  0.518174704143883E-003  0.529714201870373E-002  0.699950371658604E+001
  0.507811216229663E-003  0.529711772361996E-002  0.699950764848576E+001
  0.507811218641445E-003  0.529710822488787E-002  0.700049080568094E+001
  0.487498780445938E-003  0.529706494211074E-002  0.699951630074212E+001
  0.468381214043242E-003  0.529692475510266E-002  0.700045992939760E+001
  0.459197274054599E-003  0.529690130220429E-002  0.700045583175304E+001
  0.450193406093082E-003  0.529690060383452E-002  0.700045570917029E+001
  0.441366101217307E-003  0.529682442070759E-002  0.700044213295241E+001
  0.432711864793695E-003  0.529682046815169E-002  0.699955858280662E+001
  0.416069104977501E-003  0.529680021030431E-002  0.699956226962290E+001
  0.408067798608563E-003  0.529668957703279E-002  0.699958297894582E+001
  0.400220349708856E-003  0.529664577195757E-002  0.699959146879241E+001
  0.385117719053129E-003  0.529652087368927E-002  0.700038329365325E+001
  0.385117726264067E-003  0.529648342571578E-002  0.699962460374417E+001
  0.377711619489384E-003  0.529646570966432E-002  0.699962839835757E+001
  0.377711619669845E-003  0.529646475411416E-002  0.699962860412949E+001
  0.363184266360594E-003  0.529637291065029E-002  0.699964894453660E+001
  0.356199955256187E-003  0.529636330806837E-002  0.699965113967657E+001
  0.356199957513294E-003  0.529635063480846E-002  0.699965405809197E+001
  0.342499966418213E-003  0.529630817749687E-002  0.699966401989070E+001
  0.335913431138819E-003  0.529629307633759E-002  0.700033236493253E+001
  0.323237457039087E-003  0.529626564258153E-002  0.699967430528494E+001
  0.323237457264112E-003  0.529626425026038E-002  0.699967464745885E+001
  0.323237457979184E-003  0.529625982582454E-002  0.700032426280433E+001
  0.316899469093811E-003  0.529625675376343E-002  0.699967649600230E+001
  0.316899472808955E-003  0.529623330693275E-002  0.700031765286654E+001
  0.304472049159054E-003  0.529618958315987E-002  0.700030644337150E+001
  0.298502009013897E-003  0.529618935246404E-002  0.699969361685973E+001
  0.298502011582856E-003  0.529617214012276E-002  0.699969814464723E+001
  0.298502011918409E-003  0.529616989187652E-002  0.700030125891622E+001
  0.292410136592225E-003  0.529615301100111E-002  0.699970325769674E+001
  0.286442587807088E-003  0.529611794032076E-002  0.700028713182630E+001
  0.280596826894443E-003  0.529607385244979E-002  0.699972542646463E+001
  0.269372967140227E-003  0.529597494450775E-002  0.699975593985251E+001
  0.263985507978867E-003  0.529597356985943E-002  0.699975639086249E+001
  0.258705798469410E-003  0.529596854391589E-002  0.699975804698613E+001
  0.253531682741956E-003  0.529596663540170E-002  0.700024132115248E+001
  0.243589267752323E-003  0.529593427416449E-002  0.700023034344072E+001
  0.243589269243164E-003  0.529592203355537E-002  0.700022605221349E+001
  0.243589272351285E-003  0.529589651420227E-002  0.699978316709952E+001
  0.243589274593504E-003  0.529587810436239E-002  0.699979006922010E+001
  0.243589276721472E-003  0.529586063258915E-002  0.700020316360059E+001
  0.243589278377579E-003  0.529584703505787E-002  0.700019773680388E+001
  0.243589278492752E-003  0.529584608941741E-002  0.699980264615249E+001
  0.243589284594676E-003  0.529579598931760E-002  0.700017587644856E+001
  0.243589284824879E-003  0.529579409922559E-002  0.700017501460071E+001
  0.243589285261954E-003  0.529579051060732E-002  0.699982663353397E+001
  0.243589285684710E-003  0.529578703954658E-002  0.699982824272416E+001
  0.243589286830526E-003  0.529577763177877E-002  0.699983268198266E+001
  0.243589289132182E-003  0.529575873392794E-002  0.699984197575242E+001
  0.243589289859217E-003  0.529575276458422E-002  0.700015497279706E+001
  0.243589291629460E-003  0.529573822992609E-002  0.700014727872406E+001
  0.243589293153407E-003  0.529572571749601E-002  0.700014031761732E+001
  0.243589293428332E-003  0.529572346021559E-002  0.699986097529407E+001
  0.243589293799988E-003  0.529572040870747E-002  0.699986274247708E+001
  0.243589294906907E-003  0.529571132030948E-002  0.700013185402490E+001
  0.243589295142580E-003  0.529570938529972E-002  0.700013067471956E+001
  0.243589295307761E-003  0.529570802907271E-002  0.699987015822707E+001
  0.243589295447460E-003  0.529570688207717E-002  0.700012913313561E+001
  0.243589295561090E-003  0.529570594911753E-002  0.700012855385324E+001
  0.243589296332784E-003  0.529569961308842E-002  0.699987545150129E+001
  0.243589296572821E-003  0.529569764225073E-002  0.699987672390959E+001
  0.243589297914895E-003  0.529568662309741E-002  0.699988409516836E+001
  0.243589298223248E-003  0.529568409135534E-002  0.700011414399337E+001
  0.243589298301506E-003  0.529568344881575E-002  0.699988630723469E+001
  0.243589299218058E-003  0.529567592342786E-002  0.699989173189386E+001
  0.243589300480569E-003  0.529566555752579E-002  0.699989968330902E+001
  0.243589300666180E-003  0.529566403356597E-002  0.699990090608044E+001
  0.243589301600462E-003  0.529565636260223E-002  0.699990730560580E+001
  0.243589301609399E-003  0.529565628921917E-002  0.700009263103919E+001
  0.243589302429884E-003  0.529564955258984E-002  0.699991338216836E+001
  0.243589302747365E-003  0.529564694590009E-002  0.699991582412220E+001
  0.243589303706243E-003  0.529563907299419E-002  0.699992367232869E+001
  0.243589304256782E-003  0.529563455277087E-002  0.699992856697078E+001
  0.243589304667724E-003  0.529563117871886E-002  0.700006754871847E+001
  0.243589304681757E-003  0.529563106349588E-002  0.699993258788162E+001
  0.243589305169243E-003  0.529562706097541E-002  0.700006248192081E+001
  0.243589305215200E-003  0.529562668363887E-002  0.700006199690811E+001
  0.243589305640451E-003  0.529562319210061E-002  0.700005731466200E+001
  0.243589306291560E-003  0.529561784613547E-002  0.699995070886486E+001
  0.243589306724630E-003  0.529561429039534E-002  0.700004313580453E+001
  0.243589307425108E-003  0.529560853909333E-002  0.700003066739793E+001
  0.243589307544684E-003  0.529560755731069E-002  0.699997201064281E+001
  0.243589307611961E-003  0.529560700493584E-002  0.699997363669044E+001
  0.243589307952437E-003  0.529560420944353E-002  0.699998426007103E+001
  0.243589308024065E-003  0.529560362133292E-002  0.700001239546858E+001
  0.243589308043382E-003  0.529560346273139E-002  0.699998867430271E+001
