  0.203677861208147E+000  0.359737666949154E+001  0.791063745756501E+001
  0.203677861208147E+000  0.407220270815142E+001  0.395143719987573E+001
  0.203677861208147E+000  0.414374837448369E+001  0.795743409795098E+001
  0.203677861208147E+000  0.418210309229260E+001  0.396063354447484E+001
  0.203677861208147E+000  0.463063887969641E+001  0.200271241221339E+001
  0.203677861208147E+000  0.413414782781138E+001  0.389752443370430E+001
  0.203677861208147E+000  0.310975816063683E+001  0.219897081055186E+001
  0.203677861208147E+000  0.301301441006979E+001  0.220869174005498E+001
  0.203677861208147E+000  0.269208746567653E+001  0.375816914415868E+001
  0.203677861208147E+000  0.201121366452414E+001  0.368255449816840E+001
  0.203677861208147E+000  0.189746750949123E+001  0.366908987301009E+001
  0.203677861208147E+000  0.171002853389620E+001  0.235370980042287E+001
  0.203677861208147E+000  0.163694461216046E+001  0.363717940534180E+001
  0.203677861208147E+000  0.133716221542372E+001  0.240164190394560E+001
  0.203677861208147E+000  0.128934469590942E+001  0.240806959193537E+001
  0.203677861208147E+000  0.125582430027418E+001  0.241261737794694E+001
  0.203677861208147E+000  0.116905160457858E+001  0.357544305832865E+001
  0.203677861208147E+000  0.917834792072364E+000  0.353938856437417E+001
  0.203677861208147E+000  0.772074872382444E+000  0.248268149440867E+001
  0.203677861208147E+000  0.771726303547686E+000  0.248273540115944E+001
  0.203677861208147E+000  0.763391920190241E+000  0.351597399534908E+001
  0.203677861208147E+000  0.743973037502693E+000  0.248704567196827E+001
  0.203677861208147E+000  0.637412950018582E+000  0.349605698125218E+001
  0.203677861208147E+000  0.537008465386241E+000  0.252040870409498E+001
  0.203677861208147E+000  0.521876098508274E+000  0.347706040750347E+001
  0.203677861208147E+000  0.514936940348768E+000  0.252410466791336E+001
  0.203677861208147E+000  0.278117236441815E+000  0.343426399168794E+001
  0.203677861208147E+000  0.737708522444780E-001  0.260517118518886E+001
  0.203677861208147E+000  0.673945300780258E-001  0.339353472713160E+001
  0.203677861208147E+000  0.587025869451393E-001  0.339176379434205E+001
  0.203677861208147E+000  0.423650058894725E-001  0.338841325619547E+001
  0.203677861208147E+000  0.361011712435200E-001  0.261287903176782E+001
  0.203677861208147E+000  0.305013301014150E-001  0.261403799479446E+001
  0.203677861208147E+000  0.304079295472921E-001  0.261405735481341E+001
  0.203677861208147E+000 -0.744310422576167E-003  0.262056968099736E+001
  0.203677861208147E+000 -0.113406933435306E-001  0.262281046447298E+001
  0.203677861208147E+000 -0.317035240312225E-001  0.337284566887797E+001
  0.203677861208147E+000 -0.872908599853491E-001  0.263927861298725E+001
  0.203677861208147E+000 -0.894486008929475E-001  0.336024253011434E+001
  0.203677861208147E+000 -0.969875430960681E-001  0.264143557099081E+001
  0.203677861208147E+000 -0.164931882588925E+000  0.334307048172617E+001
  0.203677861208147E+000 -0.178790664325146E+000  0.333982341054441E+001
  0.203677861208147E+000 -0.185323159035982E+000  0.266171794135618E+001
  0.203677861208147E+000 -0.251301631763555E+000  0.332230140484318E+001
  0.203677861208147E+000 -0.334735789663981E+000  0.330087992671466E+001
  0.203677861208147E+000 -0.346128337067566E+000  0.329783539533649E+001
  0.203677861208147E+000 -0.448425127369955E+000  0.273104194329438E+001
  0.203677861208147E+000 -0.465930279941312E+000  0.326369985183053E+001
  0.203677861208147E+000 -0.514458576843807E+000  0.324854191668820E+001
  0.203677861208147E+000 -0.516727691280455E+000  0.324781046394610E+001
  0.203677861208147E+000 -0.536033636439345E+000  0.324149756689408E+001
  0.203677861208147E+000 -0.585806339908720E+000  0.277559536042974E+001
  0.203677861208147E+000 -0.585829580061354E+000  0.277560364567079E+001
  0.203677861208147E+000 -0.670876194021990E+000  0.319169315481398E+001
  0.203677861208147E+000 -0.686225640776253E+000  0.318517654852020E+001
  0.203677861208147E+000 -0.707214795866250E+000  0.282412479052619E+001
  0.203677861208147E+000 -0.719568297798753E+000  0.282983675779342E+001
  0.203677861208147E+000 -0.724882432800274E+000  0.316764625673725E+001
  0.203677861208147E+000 -0.732313346055718E+000  0.316406194341510E+001
  0.203677861208147E+000 -0.771156771123369E+000  0.314387971805059E+001
  0.203677861208147E+000 -0.772979735911233E+000  0.285713748252163E+001
  0.203677861208147E+000 -0.777438318067571E+000  0.314034359891083E+001
  0.203677861208147E+000 -0.818789194385924E+000  0.288563136118539E+001
  0.203677861208147E+000 -0.427917347590773E+000  0.289634063605142E+001
  0.203677861208147E+000 -0.448275218172558E+000  0.291346674372740E+001
  0.203677861208147E+000 -0.451981084174684E+000  0.291696346658970E+001
  0.203677861208147E+000 -0.452296938409598E+000  0.291726833010743E+001
  0.203677861208147E+000 -0.457509927384451E+000  0.292247290172310E+001
  0.203677861208147E+000 -0.471990732754028E+000  0.293922564596720E+001
  0.203677861208147E+000 -0.477994281846298E+000  0.294772233504315E+001
  0.203677861208147E+000 -0.481258029040249E+000  0.295298133665969E+001
  0.203677861208147E+000 -0.482962663064183E+000  0.295597712800737E+001
  0.203677861208147E+000 -0.488777411527557E+000  0.303174355847002E+001
  0.203677861208147E+000 -0.489100105166420E+000  0.296908038612593E+001
  0.203677861208147E+000 -0.489401976930590E+000  0.303012844237352E+001
  0.203677861208147E+000 -0.491304645595175E+000  0.297543791430841E+001
  0.203677861208147E+000 -0.493109449420234E+000  0.301773492152538E+001
  0.203677861208147E+000 -0.493573102489285E+000  0.301550299811208E+001
  0.203677861208147E+000 -0.493772876099622E+000  0.301443534456843E+001
  0.203677861208147E+000 -0.494084932836445E+000  0.298741230382804E+001
  0.203677861208147E+000 -0.494256917186423E+000  0.301144257833362E+001
  0.203677861208147E+000 -0.494890930853304E+000  0.299456949245281E+001
  0.203677861208147E+000 -0.162438974162905E+000  0.300306931672147E+001
  0.203677861208147E+000 -0.162477495794925E+000  0.300180478364726E+001
