  0.237265391256855E-001  0.128592278737839E+001  0.389762566522764E+001
  0.237265391256855E-001  0.141087701612395E+001  0.790869384914519E+001
  0.237265391256855E-001  0.149796087927616E+001  0.608367149472517E+001
  0.237265391256855E-001  0.181830105798680E+001  0.794388153820930E+001
  0.237265391256855E-001  0.659805800154966E+001  0.171327024238094E+001
  0.237265391256855E-001  0.219085480859253E+001  0.797494664380635E+001
  0.237265391256855E-001  0.242088216932668E+001  0.799364245882850E+001
  0.237265391256855E-001  0.509531387198742E+001  0.581036374932441E+001
  0.237265391256855E-001  0.258722094924272E+001  0.800694564936411E+001
  0.237265391256855E-001  0.262728406991147E+001  0.801012357663818E+001
  0.237265391256855E-001  0.448661677270914E+001  0.185202662377216E+001
  0.237265391256855E-001  0.441105774071567E+001  0.185730431548510E+001
  0.237265391256855E-001  0.384766035694783E+001  0.810254698131468E+001
  0.237265391256855E-001  0.430204403558180E+001  0.186496201183063E+001
  0.237265391256855E-001  0.187986896369165E+001  0.611012574947897E+001
  0.237265391256855E-001  0.108456666209937E+001  0.781524708738229E+001
  0.237265391256855E-001  0.995795808639821E+000  0.619351101871642E+001
  0.237265391256855E-001  0.837532758528394E+000  0.779063416882523E+001
  0.237265391256855E-001  0.736762934443076E+000  0.621962879534139E+001
  0.237265391256855E-001  0.679414296184126E+000  0.777446977664650E+001
  0.237265391256855E-001  0.575216563059097E+000  0.623636933165379E+001
  0.237265391256855E-001  0.458327044991886E+000  0.624871478468685E+001
  0.237265391256855E-001  0.450478405370072E+000  0.624955100612458E+001
  0.237265391256855E-001  0.353776870263586E+000  0.625993145804487E+001
  0.237265391256855E-001  0.312892419074802E+000  0.773563573499483E+001
  0.237265391256855E-001  0.223158773946846E+000  0.627418834992754E+001
  0.237265391256855E-001  0.179198671004915E+000  0.627904997752257E+001
  0.237265391256855E-001  0.283288919657045E-001  0.629599022005094E+001
  0.237265391256855E-001  0.225835263953162E-001  0.770335660356086E+001
  0.237265391256855E-001 -0.151791392927918E+000  0.768323533623558E+001
  0.237265391256855E-001 -0.161924308174109E+000  0.768204784160758E+001
  0.237265391256855E-001 -0.344883585179949E+000  0.633976082067131E+001
  0.237265391256855E-001 -0.416704906610899E+000  0.634852140289057E+001
  0.237265391256855E-001 -0.521990283273722E+000  0.636158109189528E+001
  0.237265391256855E-001 -0.528409212216585E+000  0.636238595248006E+001
  0.237265391256855E-001 -0.598905290620823E+000  0.762870684826084E+001
  0.237265391256855E-001 -0.604778880071273E+000  0.637204098323377E+001
  0.237265391256855E-001 -0.647427017691641E+000  0.637749793195625E+001
  0.237265391256855E-001 -0.650351038414371E+000  0.637787382195963E+001
  0.237265391256855E-001 -0.656946965628773E+000  0.637872257964030E+001
  0.237265391256855E-001 -0.670491761371953E+000  0.761953084324342E+001
  0.237265391256855E-001 -0.702377518072044E+000  0.761539966254288E+001
  0.237265391256855E-001 -0.735915972687066E+000  0.761102421549353E+001
  0.237265391256855E-001 -0.753414781459150E+000  0.760872882510684E+001
  0.237265391256855E-001 -0.791209805828960E+000  0.760374131763263E+001
  0.237265391256855E-001 -0.793568465446790E+000  0.760342869759229E+001
  0.237265391256855E-001 -0.867647091900578E+000  0.640647357864597E+001
  0.237265391256855E-001 -0.980467993522562E+000  0.642188040286996E+001
  0.237265391256855E-001 -0.101122020823069E+001  0.757384833730917E+001
  0.237265391256855E-001 -0.102319224128948E+001  0.642782311393845E+001
  0.237265391256855E-001 -0.106105431331207E+001  0.756685841038083E+001
  0.237265391256855E-001 -0.107781233188827E+001  0.643551158165354E+001
  0.237265391256855E-001 -0.107985518794240E+001  0.643580117203363E+001
  0.237265391256855E-001 -0.108495311196346E+001  0.756347550934824E+001
  0.237265391256855E-001 -0.109775024636803E+001  0.756165568467748E+001
  0.237265391256855E-001 -0.111241914991062E+001  0.644043759636327E+001
  0.237265391256855E-001 -0.111776125335910E+001  0.755879812724450E+001
  0.237265391256855E-001 -0.113158920628645E+001  0.644318506257143E+001
  0.237265391256855E-001 -0.115406636819758E+001  0.644642387277105E+001
  0.237265391256855E-001 -0.116305062156862E+001  0.644772375743797E+001
  0.237265391256855E-001 -0.119530153602324E+001  0.754758460696562E+001
  0.237265391256855E-001 -0.119673721620461E+001  0.754737481943973E+001
  0.237265391256855E-001 -0.120787308659974E+001  0.754574486135323E+001
  0.237265391256855E-001 -0.122052041704233E+001  0.645611225347261E+001
  0.237265391256855E-001 -0.128679676612924E+001  0.646594975426582E+001
  0.237265391256855E-001 -0.132477072125350E+001  0.752833117658231E+001
  0.237265391256855E-001 -0.133757128592127E+001  0.647361065569105E+001
  0.237265391256855E-001 -0.137903223360975E+001  0.647995001185285E+001
  0.237265391256855E-001 -0.139448982516463E+001  0.648233333551109E+001
  0.237265391256855E-001 -0.140004216886421E+001  0.648319210480959E+001
  0.237265391256855E-001 -0.143215332281427E+001  0.751181306733917E+001
  0.237265391256855E-001 -0.143497211995902E+001  0.751137227961239E+001
  0.237265391256855E-001 -0.145279003277906E+001  0.750857717438434E+001
  0.237265391256855E-001 -0.146994696571603E+001  0.750587116248591E+001
  0.237265391256855E-001 -0.148997289722649E+001  0.750269422514405E+001
  0.237265391256855E-001 -0.149741429981447E+001  0.649849141624585E+001
  0.237265391256855E-001 -0.150621752297099E+001  0.649989766659807E+001
  0.237265391256855E-001 -0.151134420055924E+001  0.650071844069710E+001
  0.237265391256855E-001 -0.152143113256538E+001  0.749766270338348E+001
  0.237265391256855E-001 -0.153312448151762E+001  0.650422058281269E+001
  0.237265391256855E-001 -0.158092835275336E+001  0.748800472447393E+001
  0.237265391256855E-001 -0.162087395786740E+001  0.651858820715459E+001
  0.237265391256855E-001 -0.165354923241456E+001  0.652404908828422E+001
  0.237265391256855E-001 -0.165975083792947E+001  0.652509262641995E+001
  0.237265391256855E-001 -0.166662547931417E+001  0.652625210200029E+001
  0.237265391256855E-001 -0.167670909559307E+001  0.652795795499286E+001
  0.237265391256855E-001 -0.168272627445406E+001  0.747102117111311E+001
  0.237265391256855E-001 -0.169422043671707E+001  0.746906489708214E+001
  0.237265391256855E-001 -0.170678053300214E+001  0.653308216754008E+001
  0.237265391256855E-001 -0.170877677232428E+001  0.653342432127518E+001
  0.237265391256855E-001 -0.171388211332217E+001  0.746569948402147E+001
  0.237265391256855E-001 -0.172290952780518E+001  0.746414612257411E+001
  0.237265391256855E-001 -0.174703523881290E+001  0.745996903084811E+001
  0.237265391256855E-001 -0.175727338786888E+001  0.745818490316726E+001
  0.237265391256855E-001 -0.177061161629938E+001  0.654414992712350E+001
  0.237265391256855E-001 -0.177379335984242E+001  0.745529134625493E+001
  0.237265391256855E-001 -0.177464488384870E+001  0.745514169896157E+001
  0.237265391256855E-001 -0.177923555383913E+001  0.654566591704435E+001
  0.237265391256855E-001 -0.178068061227542E+001  0.745407956305624E+001
  0.237265391256855E-001 -0.183660713766155E+001  0.655588289210664E+001
  0.237265391256855E-001 -0.183845485326502E+001  0.744378414913898E+001
  0.237265391256855E-001 -0.185386483719839E+001  0.655900252427290E+001
  0.237265391256855E-001 -0.185592808598249E+001  0.744062302912151E+001
  0.237265391256855E-001 -0.186982948083098E+001  0.743809180615078E+001
  0.237265391256855E-001 -0.192973447314552E+001  0.742701244928706E+001
  0.237265391256855E-001 -0.193424029295170E+001  0.742616745614505E+001
  0.237265391256855E-001 -0.193697391954721E+001  0.742565399143184E+001
  0.237265391256855E-001 -0.196404425319627E+001  0.657946454722817E+001
  0.237265391256855E-001 -0.196693251852996E+001  0.741998564806981E+001
  0.237265391256855E-001 -0.198356753198665E+001  0.741680492131397E+001
  0.237265391256855E-001 -0.198502356676390E+001  0.741652536161342E+001
  0.237265391256855E-001 -0.201002367445343E+001  0.658830428756561E+001
  0.237265391256855E-001 -0.202358096963712E+001  0.740905279904613E+001
  0.237265391256855E-001 -0.202829183352864E+001  0.740813043770935E+001
  0.237265391256855E-001 -0.203276094959598E+001  0.659274652166733E+001
  0.237265391256855E-001 -0.204755681466518E+001  0.740433656426668E+001
  0.237265391256855E-001 -0.206071873105147E+001  0.659827602687769E+001
  0.237265391256855E-001 -0.211315117850401E+001  0.660885685613989E+001
  0.237265391256855E-001 -0.212621551911232E+001  0.661153807845370E+001
  0.237265391256855E-001 -0.213869859725803E+001  0.661411741165462E+001
  0.237265391256855E-001 -0.215417323885329E+001  0.661733901514149E+001
  0.237265391256855E-001 -0.217101975461630E+001  0.737912265404590E+001
  0.237265391256855E-001 -0.218557907354189E+001  0.662396210858118E+001
  0.237265391256855E-001 -0.219679143846096E+001  0.662635509183764E+001
  0.237265391256855E-001 -0.219874377201630E+001  0.737322666574992E+001
  0.237265391256855E-001 -0.220589209032701E+001  0.662830871264302E+001
  0.237265391256855E-001 -0.220713008718840E+001  0.737142473477041E+001
  0.237265391256855E-001 -0.224948581630363E+001  0.736218699167810E+001
  0.237265391256855E-001 -0.225002281885161E+001  0.736206835892295E+001
  0.237265391256855E-001 -0.225958460580602E+001  0.664005054435317E+001
  0.237265391256855E-001 -0.227563787768003E+001  0.664363629937856E+001
  0.237265391256855E-001 -0.228048482603672E+001  0.735527394413823E+001
  0.237265391256855E-001 -0.228302907901904E+001  0.664529942922746E+001
  0.237265391256855E-001 -0.228876692554729E+001  0.735340407391801E+001
  0.237265391256855E-001 -0.228998567542866E+001  0.664687192198747E+001
  0.237265391256855E-001 -0.229059525344988E+001  0.664701004688882E+001
  0.237265391256855E-001 -0.229910381218206E+001  0.735105631684999E+001
  0.237265391256855E-001 -0.233824592176686E+001  0.665797982505894E+001
  0.237265391256855E-001 -0.234177569038660E+001  0.665880645216013E+001
  0.237265391256855E-001 -0.234401630620433E+001  0.734066778326798E+001
  0.237265391256855E-001 -0.234875236492020E+001  0.733955377948446E+001
  0.237265391256855E-001 -0.235508365196608E+001  0.666194118376407E+001
  0.237265391256855E-001 -0.235555384496750E+001  0.666205247100384E+001
  0.237265391256855E-001 -0.236611597491925E+001  0.666456208985517E+001
  0.237265391256855E-001 -0.237910661392249E+001  0.733232527638116E+001
  0.237265391256855E-001 -0.238516758407759E+001  0.666913698590353E+001
  0.237265391256855E-001 -0.240443848641163E+001  0.667382981478444E+001
  0.237265391256855E-001 -0.240804280039248E+001  0.667471504878551E+001
  0.237265391256855E-001 -0.240880807612148E+001  0.667490331381268E+001
  0.237265391256855E-001 -0.241021227085561E+001  0.667524904278430E+001
  0.237265391256855E-001 -0.242922715497474E+001  0.732003250265161E+001
  0.237265391256855E-001 -0.246137669036779E+001  0.668810758731485E+001
  0.237265391256855E-001 -0.247931650961407E+001  0.730725641736367E+001
  0.237265391256855E-001 -0.250936000961914E+001  0.729933183260447E+001
  0.237265391256855E-001 -0.251174916183030E+001  0.729869262069319E+001
  0.237265391256855E-001 -0.251914613050037E+001  0.729670484773484E+001
  0.237265391256855E-001 -0.252933479970364E+001  0.670605514191123E+001
  0.237265391256855E-001 -0.252951591934387E+001  0.670610443954630E+001
  0.237265391256855E-001 -0.253447469248927E+001  0.670745735908909E+001
  0.237265391256855E-001 -0.254762487302951E+001  0.671107584409626E+001
  0.237265391256855E-001 -0.255329702023157E+001  0.671265069286257E+001
  0.237265391256855E-001 -0.255613924430546E+001  0.728655692010583E+001
  0.237265391256855E-001 -0.256634807129926E+001  0.728369253804344E+001
  0.237265391256855E-001 -0.257518704944511E+001  0.728118893939520E+001
  0.237265391256855E-001 -0.258789380445449E+001  0.727755024560734E+001
  0.237265391256855E-001 -0.259154178797196E+001  0.672350323424333E+001
  0.237265391256855E-001 -0.259164290653510E+001  0.727646750713926E+001
  0.237265391256855E-001 -0.259193716127122E+001  0.672361765297687E+001
  0.237265391256855E-001 -0.259360800478482E+001  0.727589829065045E+001
  0.237265391256855E-001 -0.259768889828075E+001  0.727471243842333E+001
  0.237265391256855E-001 -0.260267406130782E+001  0.672674316524529E+001
  0.237265391256855E-001 -0.260511904396682E+001  0.672745991026141E+001
  0.237265391256855E-001 -0.260648228987036E+001  0.727213963542666E+001
  0.237265391256855E-001 -0.260894750623710E+001  0.727141397633776E+001
  0.237265391256855E-001 -0.261194911236126E+001  0.672947220185051E+001
  0.237265391256855E-001 -0.263933729644244E+001  0.726230360294632E+001
  0.237265391256855E-001 -0.264556468829539E+001  0.726039738366994E+001
  0.237265391256855E-001 -0.265096718664128E+001  0.725873228960995E+001
  0.237265391256855E-001 -0.265392796389482E+001  0.674218480780559E+001
  0.237265391256855E-001 -0.266323940309861E+001  0.725490948011723E+001
  0.237265391256855E-001 -0.266338089290295E+001  0.725486507152794E+001
  0.237265391256855E-001 -0.266657575777365E+001  0.674613975044204E+001
  0.237265391256855E-001 -0.267583193542401E+001  0.674907364052063E+001
  0.237265391256855E-001 -0.267770925119216E+001  0.674967287929857E+001
  0.237265391256855E-001 -0.268046212422803E+001  0.675055419892705E+001
  0.237265391256855E-001 -0.268277433435525E+001  0.724870314443644E+001
  0.237265391256855E-001 -0.268291465259340E+001  0.724865800436437E+001
  0.237265391256855E-001 -0.271414199315357E+001  0.723839972450664E+001
  0.237265391256855E-001 -0.271463836569490E+001  0.676176690188341E+001
  0.237265391256855E-001 -0.271992069479321E+001  0.676354739083170E+001
  0.237265391256855E-001 -0.272350554634997E+001  0.676476339542194E+001
  0.237265391256855E-001 -0.272587318882165E+001  0.676556997347194E+001
  0.237265391256855E-001 -0.273056060969818E+001  0.676717506577322E+001
  0.237265391256855E-001 -0.273210695845495E+001  0.676770700786158E+001
  0.237265391256855E-001 -0.273407980779447E+001  0.676838743923894E+001
  0.237265391256855E-001 -0.274425361612705E+001  0.722807141199432E+001
  0.237265391256855E-001 -0.274556966940132E+001  0.677239068462560E+001
  0.237265391256855E-001 -0.274801293483454E+001  0.722674893158709E+001
  0.237265391256855E-001 -0.274974998723487E+001  0.722613524623958E+001
  0.237265391256855E-001 -0.275040021885715E+001  0.722590509629548E+001
  0.237265391256855E-001 -0.275111881065324E+001  0.722565047716523E+001
  0.237265391256855E-001 -0.275265879431947E+001  0.677489615627827E+001
  0.237265391256855E-001 -0.277294972186691E+001  0.721777325834617E+001
  0.237265391256855E-001 -0.277608741064883E+001  0.721661754740925E+001
  0.237265391256855E-001 -0.278323648292867E+001  0.721396100177562E+001
  0.237265391256855E-001 -0.278470409621644E+001  0.721341155581360E+001
  0.237265391256855E-001 -0.278922276969726E+001  0.721171089815560E+001
  0.237265391256855E-001 -0.279827361814864E+001  0.679173726054421E+001
  0.237265391256855E-001 -0.279953746868571E+001  0.679222331083661E+001
  0.237265391256855E-001 -0.280155690302278E+001  0.679300231144825E+001
  0.237265391256855E-001 -0.281282633429084E+001  0.679740450631152E+001
  0.237265391256855E-001 -0.281609330002875E+001  0.679869868469180E+001
  0.237265391256855E-001 -0.281702411476203E+001  0.679906894419357E+001
  0.237265391256855E-001 -0.282054152147186E+001  0.719952569787853E+001
  0.237265391256855E-001 -0.282215679927559E+001  0.719887699632013E+001
  0.237265391256855E-001 -0.282369715701948E+001  0.719825640576358E+001
  0.237265391256855E-001 -0.283043902463174E+001  0.680448298383943E+001
  0.237265391256855E-001 -0.283585341747941E+001  0.719328890488775E+001
  0.237265391256855E-001 -0.284828398482265E+001  0.718807368231039E+001
  0.237265391256855E-001 -0.285666722922100E+001  0.681552672043341E+001
  0.237265391256855E-001 -0.285803293404635E+001  0.718388006444962E+001
  0.237265391256855E-001 -0.286164727091439E+001  0.718230080691843E+001
  0.237265391256855E-001 -0.286347328278493E+001  0.681850228016908E+001
  0.237265391256855E-001 -0.287352402664787E+001  0.717701215575704E+001
  0.237265391256855E-001 -0.287379217361569E+001  0.682310907380280E+001
  0.237265391256855E-001 -0.287903252727454E+001  0.682549514853310E+001
  0.237265391256855E-001 -0.289084953664643E+001  0.683099934412558E+001
  0.237265391256855E-001 -0.289289132620427E+001  0.683196864769713E+001
  0.237265391256855E-001 -0.289670667593945E+001  0.716620493193374E+001
  0.237265391256855E-001 -0.289871432489480E+001  0.716523575752919E+001
  0.237265391256855E-001 -0.290093059632862E+001  0.683584077200220E+001
  0.237265391256855E-001 -0.290477896403781E+001  0.716227295924880E+001
  0.237265391256855E-001 -0.290866303421985E+001  0.683965330663142E+001
  0.237265391256855E-001 -0.292647189053207E+001  0.684879932187890E+001
  0.237265391256855E-001 -0.292711353222888E+001  0.715086080469357E+001
  0.237265391256855E-001 -0.292882549186631E+001  0.714995022124293E+001
  0.237265391256855E-001 -0.293463138721523E+001  0.685317995506411E+001
  0.237265391256855E-001 -0.293640101171021E+001  0.714585261628020E+001
  0.237265391256855E-001 -0.293888052243022E+001  0.714448620681774E+001
  0.237265391256855E-001 -0.294649486349041E+001  0.714020688068332E+001
  0.237265391256855E-001 -0.295405162917985E+001  0.713582667956126E+001
  0.237265391256855E-001 -0.295553994827850E+001  0.686505276651649E+001
  0.237265391256855E-001 -0.295888324191648E+001  0.713295047515062E+001
  0.237265391256855E-001 -0.295957102910540E+001  0.686746403170253E+001
  0.237265391256855E-001 -0.296581975788866E+001  0.712870892077562E+001
  0.237265391256855E-001 -0.296659654105422E+001  0.687177480364321E+001
  0.237265391256855E-001 -0.296812762742952E+001  0.687273363696291E+001
  0.237265391256855E-001 -0.297088579580401E+001  0.687447940320102E+001
  0.237265391256855E-001 -0.297154419640190E+001  0.687489973571128E+001
  0.237265391256855E-001 -0.297411244836062E+001  0.712344697570906E+001
  0.237265391256855E-001 -0.297567846335380E+001  0.687757208891431E+001
  0.237265391256855E-001 -0.298661801201166E+001  0.688494233781470E+001
  0.237265391256855E-001 -0.299248178798257E+001  0.688909435779816E+001
  0.237265391256855E-001 -0.299732147156312E+001  0.689264213070616E+001
  0.237265391256855E-001 -0.299924566822571E+001  0.710591430797252E+001
  0.237265391256855E-001 -0.300124386195984E+001  0.710439410728503E+001
  0.237265391256855E-001 -0.300157759997600E+001  0.689586195914436E+001
  0.237265391256855E-001 -0.300274301618520E+001  0.689676112670229E+001
  0.237265391256855E-001 -0.300357136973125E+001  0.689740502745060E+001
  0.237265391256855E-001 -0.300372487221108E+001  0.689752479326374E+001
  0.237265391256855E-001 -0.300959393190855E+001  0.709778608512485E+001
  0.237265391256855E-001 -0.301143390903416E+001  0.690373099094752E+001
  0.237265391256855E-001 -0.301149150540435E+001  0.690377886570656E+001
  0.237265391256855E-001 -0.301235108686602E+001  0.690449621132725E+001
  0.237265391256855E-001 -0.301355451018477E+001  0.690550965171062E+001
  0.237265391256855E-001 -0.301362024975599E+001  0.709443467365568E+001
  0.237265391256855E-001 -0.301801248384765E+001  0.690936253460192E+001
  0.237265391256855E-001 -0.301910328459672E+001  0.708966951552193E+001
  0.237265391256855E-001 -0.302351538100222E+001  0.708564278480442E+001
  0.237265391256855E-001 -0.302593869135984E+001  0.708334840689442E+001
  0.237265391256855E-001 -0.302761056002967E+001  0.691827204918349E+001
  0.237265391256855E-001 -0.302781906794557E+001  0.691847640416345E+001
  0.237265391256855E-001 -0.302852032483821E+001  0.708083251558190E+001
  0.237265391256855E-001 -0.303367342173145E+001  0.707556057220786E+001
  0.237265391256855E-001 -0.303587461850508E+001  0.707319295450109E+001
  0.237265391256855E-001 -0.303628368384240E+001  0.692725552849440E+001
  0.237265391256855E-001 -0.303652989538027E+001  0.707247319703566E+001
  0.237265391256855E-001 -0.303671489531259E+001  0.692773130484506E+001
  0.237265391256855E-001 -0.304126977705313E+001  0.693296282209914E+001
  0.237265391256855E-001 -0.304274349725377E+001  0.706525479284167E+001
  0.237265391256855E-001 -0.304287992867813E+001  0.706508731797295E+001
  0.237265391256855E-001 -0.304396501834265E+001  0.706373966280573E+001
  0.237265391256855E-001 -0.304551549674247E+001  0.693823700079646E+001
  0.237265391256855E-001 -0.304553700220490E+001  0.706173513745532E+001
  0.237265391256855E-001 -0.304895571347648E+001  0.694286653000933E+001
  0.237265391256855E-001 -0.304971739090403E+001  0.705605680159238E+001
  0.237265391256855E-001 -0.305051981089188E+001  0.705489970679987E+001
  0.237265391256855E-001 -0.305072637094666E+001  0.694540212277070E+001
  0.237265391256855E-001 -0.305141912143584E+001  0.694642679662669E+001
  0.237265391256855E-001 -0.305274029181181E+001  0.705156259166801E+001
  0.237265391256855E-001 -0.305401135268074E+001  0.704955129786891E+001
  0.237265391256855E-001 -0.305403573266551E+001  0.704951192101838E+001
  0.237265391256855E-001 -0.305541170927302E+001  0.695276363619278E+001
  0.237265391256855E-001 -0.305572420355994E+001  0.695329587834225E+001
  0.237265391256855E-001 -0.255382146689663E+001  0.697137832543675E+001
  0.237265391256855E-001 -0.255474886551944E+001  0.697409987499730E+001
  0.237265391256855E-001 -0.255615876156028E+001  0.697889945240944E+001
  0.237265391256855E-001 -0.255702495145190E+001  0.701751121714681E+001
  0.237265391256855E-001 -0.255721515829909E+001  0.698338044433772E+001
  0.237265391256855E-001 -0.676438939807530E+000  0.700239836975540E+001
  0.237265391256855E-001  0.529617926010137E-002  0.699969626351787E+001
