  0.164033682443895E-012  0.592675432152431E+002  0.314070249092113E-001
  0.329431766880934E-012  0.578530476250963E+002  0.993022609321105E+001
  0.466388127486902E-012  0.571378491086808E+002  0.893654996361326E-001
  0.115702012879616E-010  0.506956083702276E+002  0.272174001781657E+000
  0.136407373641549E-010  0.503464521656176E+002  0.282433131674896E+000
  0.267992063203463E-009  0.443707581934112E+002  0.464441156615513E+000
  0.465235676099420E-009  0.432476840469974E+002  0.500126646240038E+000
  0.562600732763129E-009  0.428477312032915E+002  0.512958719714098E+000
  0.843805123082759E-009  0.420171277963843E+002  0.539821594936460E+000
  0.164392013822982E-008  0.406633922834714E+002  0.941575663150801E+001
  0.290634234099813E-008  0.395038683310441E+002  0.937704780563760E+001
  0.386925274186548E-008  0.389116355986483E+002  0.935703182691775E+001
  0.158821475455459E-007  0.360674663687402E+002  0.925843573216462E+001
  0.243321628369770E-007  0.351943589746493E+002  0.922729314937737E+001
  0.391107705685433E-007  0.342252606280703E+002  0.919220871219205E+001
  0.126569511262699E-006  0.318565724419080E+002  0.896006433464026E+000
  0.149605834988292E-006  0.315022469495726E+002  0.909047766054821E+001
  0.250882700669528E-006  0.304483834215103E+002  0.904975088358589E+001
  0.769278355151959E-006  0.281875480149866E+002  0.104047326639381E+001
  0.762635355487147E-006  0.281849930856369E+002  0.895942242281275E+001
  0.920770826336723E-006  0.277882300922665E+002  0.500988462627256E+001
  0.924263069595335E-006  0.277607583015163E+002  0.498318522986729E+001
  0.953163664233736E-006  0.276792778673061E+002  0.893866495199363E+001
  0.106005250532496E-005  0.274468030166430E+002  0.494969065526734E+001
  0.126836273341213E-005  0.270680854704514E+002  0.891327755764597E+001
  0.128684386179016E-005  0.270192533701880E+002  0.507754252276883E+001
  0.160156350524700E-005  0.265617772261993E+002  0.510160292380004E+001
  0.304460543741632E-005  0.252570946191373E+002  0.116400640622537E+001
  0.321776080265505E-005  0.251265651590579E+002  0.516841547597673E+001
  0.346028100504916E-005  0.249613363246424E+002  0.882306092856555E+001
  0.395918640680011E-005  0.246720581624844E+002  0.481110467054406E+001
  0.416166716563092E-005  0.245524030935198E+002  0.880502682314770E+001
  0.413559343874859E-005  0.245450722733320E+002  0.519461745022495E+001
  0.532572357045757E-005  0.240193361117441E+002  0.478162572906685E+001
  0.606133720990662E-005  0.237406717434391E+002  0.476896459683532E+001
  0.605192278310498E-005  0.237238798827335E+002  0.123207519431486E+001
  0.630189208107463E-005  0.236230314576326E+002  0.523639882029896E+001
  0.810939409246132E-005  0.230987843248547E+002  0.873940875854304E+001
  0.108745334393206E-004  0.224920826236473E+002  0.128872253649414E+001
  0.121790942618986E-004  0.222455875162218E+002  0.469976682219047E+001
  0.151892514799516E-004  0.217839525716120E+002  0.532212290917337E+001
  0.152515951777350E-004  0.217558597875709E+002  0.467653611095150E+001
  0.232727475754791E-004  0.208907612365386E+002  0.463471518523319E+001
  0.273228452145799E-004  0.205499803163651E+002  0.861794134255167E+001
  0.280020972400091E-004  0.204809671836570E+002  0.538546818608811E+001
  0.312741354900205E-004  0.202400425120183E+002  0.860254302258704E+001
  0.411807078244856E-004  0.196697848978389E+002  0.457382034272217E+001
  0.423769280310146E-004  0.195926158882912E+002  0.143010959635837E+001
  0.433423782562981E-004  0.195276616164338E+002  0.856657690393702E+001
  0.480714891077462E-004  0.193006441740676E+002  0.144505935638356E+001
  0.869692853008524E-004  0.180950120034144E+002  0.849162302806902E+001
  0.891115396932462E-004  0.180264436892231E+002  0.551205873444382E+001
  0.110551474525447E-003  0.175753582170029E+002  0.553651268173890E+001
  0.122440840288182E-003  0.173511640920774E+002  0.554881980996573E+001
  0.131668471279950E-003  0.171859450200664E+002  0.444204327971275E+001
  0.157436887579533E-003  0.168085693941302E+002  0.842095335615928E+001
  0.176079279557231E-003  0.165648493694896E+002  0.840716496418786E+001
  0.202088016370281E-003  0.162694107448606E+002  0.839026726081613E+001
  0.216175850149106E-003  0.161147323423105E+002  0.561866203502501E+001
  0.246883201908361E-003  0.158291853596133E+002  0.436470034636149E+001
  0.310001143305026E-003  0.153539634428477E+002  0.166344791041459E+001
  0.336925430151877E-003  0.151674914915404E+002  0.432534372564525E+001
  0.370833942479398E-003  0.149558053545172E+002  0.431250379238542E+001
  0.371110946497128E-003  0.149344112987073E+002  0.568880087105580E+001
  0.640407579616203E-003  0.138233031335176E+002  0.424155782811209E+001
  0.646929380603660E-003  0.137831378263142E+002  0.176103293444508E+001
  0.722797855698086E-003  0.135414522596087E+002  0.577673809017172E+001
  0.783875024393517E-003  0.133593115820449E+002  0.578870846146711E+001
  0.779881213524441E-003  0.133496268848372E+002  0.421065174173016E+001
  0.805820543602871E-003  0.132642873243979E+002  0.820499929843264E+001
  0.811492361752739E-003  0.132303588480785E+002  0.820274467490488E+001
  0.911929994350424E-003  0.129770816820894E+002  0.581422160294766E+001
  0.983349024400760E-003  0.128063792383656E+002  0.582579473012421E+001
  0.108734949175380E-002  0.125854101017764E+002  0.815905261036922E+001
  0.108917048263958E-002  0.125621628292747E+002  0.584255307239119E+001
  0.155643342311442E-002  0.118283010573389E+002  0.589443882731170E+001
  0.156146228097322E-002  0.118019487850633E+002  0.810365263689696E+001
  0.160964577488642E-002  0.117212653286002E+002  0.590221140926554E+001
  0.159981336501202E-002  0.117136189941267E+002  0.809723123195603E+001
  0.160599521870383E-002  0.116860050068206E+002  0.190478397637234E+001
  0.178875519517152E-002  0.114505517093770E+002  0.192211985322123E+001
  0.194423877573469E-002  0.112639499091173E+002  0.593605953042464E+001
  0.249238864364672E-002  0.107473072078807E+002  0.197564337724580E+001
  0.260907281216649E-002  0.106358998090645E+002  0.401561868177795E+001
  0.282820224473457E-002  0.104547064538606E+002  0.800124441068961E+001
  0.287026086949479E-002  0.104052824714610E+002  0.200271241221339E+001
  0.288571798060581E-002  0.103746401801070E+002  0.399482650052183E+001
  0.307612010428619E-002  0.102269487969429E+002  0.398287799081740E+001
  0.348622616151536E-002  0.995674668405714E+001  0.396063354447484E+001
  0.349450799594536E-002  0.993210048233809E+001  0.395857885147502E+001
  0.348370547608405E-002  0.991839196624823E+001  0.795743409795098E+001
  0.356110237438930E-002  0.985454403777758E+001  0.395208423123442E+001
  0.353944059531218E-002  0.984684629991596E+001  0.395143719987573E+001
  0.361750337903540E-002  0.978331479247389E+001  0.394608017848196E+001
  0.409420008703554E-002  0.951583963940896E+001  0.792318561493609E+001
  0.415465451429935E-002  0.946662314534015E+001  0.391891079032434E+001
  0.431276998947449E-002  0.937202026125608E+001  0.791063745756501E+001
  0.431888599943464E-002  0.934928537585430E+001  0.209136200967812E+001
  0.432774658204776E-002  0.932528573775172E+001  0.209347749318632E+001
  0.435983319613579E-002  0.929061145171841E+001  0.390345734243230E+001
  0.440917020051881E-002  0.924820537052385E+001  0.210030549818102E+001
  0.843085796874312E-002  0.781873720300166E+001  0.610267988268320E+001
  0.892059085107798E-002  0.770580992135822E+001  0.611280496626818E+001
  0.924424925760795E-002  0.759569480364590E+001  0.787720955822663E+001
  0.105436046172679E-001  0.729382298715689E+001  0.615076674676151E+001
  0.133370151596862E-001  0.667276031092314E+001  0.621143986265565E+001
  0.138761739652544E-001  0.659350030720675E+001  0.778047773165793E+001
  0.138893724907513E-001  0.655421461611784E+001  0.777644045427816E+001
  0.152905653950332E-001  0.632460631278207E+001  0.775241109142938E+001
  0.167284024607493E-001  0.614486226559281E+001  0.773305075060031E+001
  0.177293641765851E-001  0.599053740154342E+001  0.771601077136295E+001
  0.180216629317513E-001  0.595783285657306E+001  0.628765268477202E+001
  0.182231155282663E-001  0.585866761152642E+001  0.770112214221564E+001
  0.197095336005142E-001  0.570184444029340E+001  0.768299381469217E+001
  0.197420474213140E-001  0.569854785979457E+001  0.768260757249532E+001
  0.210780764892748E-001  0.556758241313868E+001  0.633291782622902E+001
  0.217108119639299E-001  0.546802317395308E+001  0.765503370012032E+001
  0.222016782920617E-001  0.538290275708984E+001  0.635544598240706E+001
  0.224185021975709E-001  0.532305989421707E+001  0.763708321555002E+001
  0.226719608330834E-001  0.522056453194980E+001  0.637592006475709E+001
  0.226376692459499E-001  0.518398658908972E+001  0.638062669195777E+001
  0.228278340525720E-001  0.505071820555273E+001  0.639808609141401E+001
  0.234087681199870E-001  0.496236166564783E+001  0.759005364753086E+001
  0.232775714587651E-001  0.493550599474876E+001  0.758640122750607E+001
  0.233479180632476E-001  0.492947095609659E+001  0.758557731636077E+001
  0.242298690721890E-001  0.481647815777010E+001  0.643006847279341E+001
  0.248926037841805E-001  0.476250897518154E+001  0.643769503248694E+001
  0.249790289709453E-001  0.475557715695095E+001  0.756131790063472E+001
  0.258905983507061E-001  0.464348519615266E+001  0.754510831203096E+001
  0.259724288552415E-001  0.459676849759532E+001  0.753820850985104E+001
  0.266761064265186E-001  0.450289762768924E+001  0.647593029004616E+001
  0.263363032588563E-001  0.448813208293180E+001  0.752181086011112E+001
  0.286785713974259E-001  0.423771768717610E+001  0.651810761532371E+001
  0.284084313536300E-001  0.421704087844210E+001  0.652155253056207E+001
  0.274948214381772E-001  0.420397606044684E+001  0.747625792395751E+001
  0.283215307961447E-001  0.406779420819094E+001  0.745280516093721E+001
  0.278288761440095E-001  0.406479407639813E+001  0.654772520224478E+001
  0.281926580782881E-001  0.400072288568410E+001  0.744079598701699E+001
  0.285978563209708E-001  0.397218254770105E+001  0.743558540849412E+001
  0.287611890018022E-001  0.392195614999007E+001  0.742626098162890E+001
  0.288319933883673E-001  0.387820242246125E+001  0.658203130732718E+001
  0.284986007055389E-001  0.386262757893130E+001  0.658502306920766E+001
  0.281824932912768E-001  0.384609942347144E+001  0.741177827555160E+001
  0.284689144240899E-001  0.382587584316755E+001  0.659216967331054E+001
  0.263499839412056E-001  0.371850952734971E+001  0.661380449920179E+001
  0.259125505059520E-001  0.371659085052932E+001  0.661420215585684E+001
  0.259188716062815E-001  0.371610303058510E+001  0.661430332467801E+001
  0.257694039822358E-001  0.369163290115681E+001  0.738058731540333E+001
  0.255998293583896E-001  0.363340115648115E+001  0.736814348493190E+001
  0.253898945508561E-001  0.354549853662730E+001  0.734851858820039E+001
  0.105014854300989E+000  0.629737626750642E+000  0.731608657651716E+001
  0.109233899051657E+000  0.550958354094222E+000  0.729547595541653E+001
  0.103382835992670E+000  0.512847397626914E+000  0.728497067778026E+001
  0.104671534799478E+000  0.488070887849785E+000  0.727792813033265E+001
  0.983654360645906E-001  0.452260920773993E+000  0.726742185942453E+001
  0.988853803439094E-001  0.441717076281447E+000  0.726424881414921E+001
  0.996254763326060E-001  0.426804049756442E+000  0.725969472758465E+001
  0.930456595111268E-001  0.372838856545547E+000  0.724250138272085E+001
  0.937912283671035E-001  0.356876851998294E+000  0.723717714876008E+001
  0.942406291738905E-001  0.347316734508440E+000  0.723393029110311E+001
  0.947911253761938E-001  0.335667945449782E+000  0.722991210243526E+001
  0.955385859129532E-001  0.319959113142345E+000  0.722437950369187E+001
  0.958987707779395E-001  0.312433198739310E+000  0.722167998414950E+001
  0.962456350870779E-001  0.305212282067394E+000  0.721905859651020E+001
  0.967527954972663E-001  0.294701075815115E+000  0.721518567727582E+001
  0.993856769454478E-001  0.241003510530012E+000  0.719419903516505E+001
  0.998800538543920E-001  0.231079517652479E+000  0.719006689979750E+001
