  0.446867090067842E-002  0.175793634651339E+003  0.221027862973270E+000
  0.446102890391455E-002  0.175792026384915E+003  0.221197133310439E+000
  0.448027533850674E-002  0.175773365975198E+003  0.223162710482454E+000
  0.447835169736595E-002  0.175769206051978E+003  0.223601285899353E+000
  0.449477233559371E-002  0.175756867300280E+003  0.224902991440309E+000
  0.459513505581358E-002  0.175707682219053E+003  0.230104537459638E+000
  0.467970076587067E-002  0.175671210175681E+003  0.233974784331575E+000
  0.479187554725345E-002  0.175613784462142E+003  0.240091518427671E+000
  0.481588326389755E-002  0.175598770481025E+003  0.241695417287721E+000
  0.482231278668023E-002  0.175596102129519E+003  0.241980673401648E+000
  0.491557546909626E-002  0.175557791756009E+003  0.246083007490232E+000
  0.492528055301217E-002  0.175548802802976E+003  0.247047413339855E+000
  0.516201794198474E-002  0.175444834536933E+003  0.258253822810626E+000
  0.545225868826144E-002  0.175315379475773E+003  0.272343557575224E+000
  0.548283548286042E-002  0.175294219532772E+003  0.274661252456454E+000
  0.575174855298806E-002  0.175188506236029E+003  0.286303365435325E+000
  0.577065078674766E-002  0.175167074364245E+003  0.288676624188870E+000
  0.592546636723279E-002  0.175109180918884E+003  0.295109694405079E+000
  0.591617277123692E-002  0.175102443650019E+003  0.295860458453495E+000
  0.593776967621484E-002  0.175090223787036E+003  0.297223310410310E+000
  0.594807259995509E-002  0.175081824308409E+003  0.298160936856034E+000
  0.603833768975556E-002  0.175046769077738E+003  0.302081659238702E+000
  0.602940837434267E-002  0.175044796622591E+003  0.302302629655262E+000
  0.605089572052734E-002  0.175032749593910E+003  0.303653078231620E+000
  0.605605580608711E-002  0.175031044759836E+003  0.303844303978396E+000
  0.614811466404269E-002  0.174995926891491E+003  0.307789852060731E+000
  0.615153156748591E-002  0.174989871293100E+003  0.308471464257113E+000
  0.632068103100251E-002  0.174920822929646E+003  0.316269866952093E+000
  0.635290916911491E-002  0.174905731109090E+003  0.317980868965718E+000
  0.652349345580313E-002  0.174842908692105E+003  0.325128670987748E+000
  0.655730100498611E-002  0.174827662619027E+003  0.326869578337082E+000
  0.662152194235899E-002  0.174803262324991E+003  0.329660902001099E+000
  0.687955798472161E-002  0.174721896028487E+003  0.339015045113639E+000
  0.707236349402321E-002  0.174661707411401E+003  0.345980860233301E+000
  0.706978481552042E-002  0.174657528793254E+003  0.346465947486403E+000
  0.713340312532192E-002  0.174624924096608E+003  0.350257633482270E+000
  0.711585183144292E-002  0.174620094918775E+003  0.350820241188961E+000
  0.729674334491667E-002  0.174565016441617E+003  0.357255579160408E+000
  0.745723817939380E-002  0.174502084819464E+003  0.364650837315402E+000
  0.769753168707121E-002  0.174433818879896E+003  0.372724975553524E+000
  0.769692276703883E-002  0.174429140336190E+003  0.373280338599136E+000
  0.776006747589370E-002  0.174412799493856E+003  0.375222106490179E+000
  0.780927438617131E-002  0.174395308963173E+003  0.377304019527883E+000
  0.802723168439929E-002  0.174330568372951E+003  0.385042212322775E+000
  0.804452014103011E-002  0.174321428791346E+003  0.386138735896845E+000
  0.810265875653842E-002  0.174302189794500E+003  0.388450289827735E+000
  0.811538100762810E-002  0.174294215229711E+003  0.389409765738015E+000
  0.811121756760716E-002  0.174290404792777E+003  0.389868503657788E+000
  0.850560877190166E-002  0.174185787312427E+003  0.402534329714554E+000
  0.858455305677653E-002  0.174157671478269E+003  0.405961930777542E+000
  0.895686896157330E-002  0.174067945422977E+003  0.416969097360837E+000
  0.908232523508018E-002  0.174035312896267E+003  0.420998650317933E+000
  0.933794787662622E-002  0.173960615553506E+003  0.430276525699134E+000
  0.962115697265984E-002  0.173896080558316E+003  0.438353897502091E+000
  0.962525646144530E-002  0.173890449582943E+003  0.439061443228803E+000
  0.964106445342431E-002  0.173882388612463E+003  0.440075100880244E+000
  0.968890733087377E-002  0.173867709369695E+003  0.441923356476406E+000
  0.970392851615458E-002  0.173859832098519E+003  0.442916438894644E+000
  0.972592323158067E-002  0.173845757513706E+003  0.444693011573377E+000
  0.971553462167239E-002  0.173843127344965E+003  0.445025319735032E+000
  0.100079642963949E-001  0.173779049574656E+003  0.453152002146676E+000
  0.100085651669966E-001  0.173774161917064E+003  0.453774328652693E+000
  0.100031333574739E-001  0.173770480061214E+003  0.454243356133765E+000
  0.100714003497729E-001  0.173752109720610E+003  0.456586508827601E+000
  0.100491787097518E-001  0.173751759833631E+003  0.456631185447841E+000
  0.100889909225980E-001  0.173734328184210E+003  0.458859302652014E+000
  0.100808938796358E-001  0.173731177708293E+003  0.459262477858613E+000
  0.101418188470169E-001  0.173714370626876E+003  0.461415824420194E+000
  0.101210559861495E-001  0.173713713083421E+003  0.461500155504927E+000
  0.101278331451211E-001  0.173707618067051E+003  0.462282159899468E+000
  0.103624630023585E-001  0.173652311742609E+003  0.469403686111373E+000
  0.105752028261215E-001  0.173606922873086E+003  0.475283080643122E+000
  0.106265976765603E-001  0.173592481575296E+003  0.477160403989111E+000
  0.108074429088138E-001  0.173549252920711E+003  0.482799525961820E+000
  0.108588994105040E-001  0.173535019368768E+003  0.484662738400166E+000
  0.112269465732489E-001  0.173449487570827E+003  0.495927720185190E+000
  0.112910388285703E-001  0.173433402107344E+003  0.498059593583195E+000
  0.114103145865053E-001  0.173407685057598E+003  0.501476890479240E+000
  0.115339886985503E-001  0.173376734407512E+003  0.505604299830062E+000
  0.116438848639551E-001  0.173353079228664E+003  0.508769738041315E+000
  0.118420971510549E-001  0.173319320028272E+003  0.513303814801367E+000
  0.118629000089819E-001  0.173311109381955E+003  0.514409526144183E+000
  0.119475997277066E-001  0.173292179997731E+003  0.516963169534651E+000
  0.120725380122855E-001  0.173266673865378E+003  0.520413949091822E+000
  0.122084096534933E-001  0.173230222326659E+003  0.525365509778151E+000
  0.131147962470614E-001  0.173082311867557E+003  0.545705314071730E+000
  0.130888573068139E-001  0.173081593095534E+003  0.545805150258716E+000
  0.133467190318462E-001  0.173037896114328E+003  0.551893133809133E+000
  0.133280074254111E-001  0.173036023642988E+003  0.552154832355996E+000
  0.133194280716186E-001  0.173032633110139E+003  0.552628869554875E+000
  0.133971857637924E-001  0.173020991228842E+003  0.554258242943770E+000
  0.134113793125646E-001  0.173014184131432E+003  0.555212172706267E+000
  0.134048433388340E-001  0.173010469725853E+003  0.555733081950050E+000
  0.133757439760144E-001  0.173010126730412E+003  0.555781197334678E+000
  0.133528515540405E-001  0.173008863304532E+003  0.555958450523571E+000
  0.134994193251806E-001  0.172982340550656E+003  0.559686719847419E+000
  0.135229531389550E-001  0.172974167611475E+003  0.560838379845942E+000
  0.136088601935677E-001  0.172961502428998E+003  0.562625671819400E+000
  0.136114752231411E-001  0.172956417798429E+003  0.563344107983847E+000
  0.137282380484366E-001  0.172929944750671E+003  0.567093022984942E+000
  0.141532115674816E-001  0.172854936242789E+003  0.577792775080806E+000
  0.142489309529403E-001  0.172836788158460E+003  0.580399084655101E+000
  0.144033718343028E-001  0.172805903229693E+003  0.584850571439217E+000
  0.144014567653063E-001  0.172801512587392E+003  0.585485049429294E+000
  0.144697859756898E-001  0.172787389240049E+003  0.587528774071511E+000
  0.146780165184556E-001  0.172754156360777E+003  0.592354757651491E+000
  0.151934142387133E-001  0.172661958809068E+003  0.605871046452227E+000
  0.152167470678964E-001  0.172654276113019E+003  0.607005981814164E+000
  0.153191060467727E-001  0.172636254083920E+003  0.609673619488566E+000
  0.153397218840871E-001  0.172628950761541E+003  0.610756795958094E+000
  0.154467466678151E-001  0.172610431661655E+003  0.613508965844368E+000
  0.155516526687445E-001  0.172596894652819E+003  0.615525801774147E+000
  0.171873928703770E-001  0.172387638304136E+003  0.647268199369243E+000
  0.171751179563188E-001  0.172384453564777E+003  0.647759818444835E+000
  0.171808760513411E-001  0.172374566555056E+003  0.649287736303479E+000
  0.171776389178101E-001  0.172370340426441E+003  0.649941614944515E+000
  0.172042833708358E-001  0.172362637610629E+003  0.651134625011596E+000
  0.172054962668224E-001  0.172357893622319E+003  0.651870151460650E+000
  0.172296025654453E-001  0.172350490426993E+003  0.653019161849415E+000
  0.173085308880274E-001  0.172336746410953E+003  0.655156160655962E+000
  0.173434489219616E-001  0.172328112704048E+003  0.656501160499745E+000
  0.173414736840285E-001  0.172323737502182E+003  0.657183514171342E+000
  0.176169246548819E-001  0.172287616282589E+003  0.662836758032031E+000
  0.176260657515684E-001  0.172281975794713E+003  0.663722751398381E+000
  0.176530011307579E-001  0.172278921815478E+003  0.664202827798165E+000
  0.177510748291929E-001  0.172267841289110E+003  0.665946814818006E+000
  0.178104879387202E-001  0.172256534157640E+003  0.667729976838765E+000
  0.179045943452776E-001  0.172241370171273E+003  0.670126975715753E+000
  0.180958340645479E-001  0.172210883474854E+003  0.674965681877676E+000
  0.180617739849654E-001  0.172196260498947E+003  0.677295971587555E+000
  0.181763048808202E-001  0.172179036503954E+003  0.680048658897256E+000
  0.182493247468401E-001  0.172166436074541E+003  0.682067880686377E+000
  0.183193741977507E-001  0.172154191931087E+003  0.684034460341979E+000
  0.189483442306916E-001  0.172068412258219E+003  0.697937489735917E+000
  0.189391169421234E-001  0.172064835809175E+003  0.698522020316598E+000
  0.190957526979878E-001  0.172039271932863E+003  0.702711738983980E+000
  0.192066359107951E-001  0.172023151833427E+003  0.705364241003752E+000
  0.192040525110644E-001  0.172018880565614E+003  0.706068440935040E+000
  0.192998826455789E-001  0.171999854874672E+003  0.709212259127476E+000
  0.194776051891467E-001  0.171976992184605E+003  0.713005519533422E+000
  0.196141615457217E-001  0.171953969436555E+003  0.716842555719098E+000
  0.199832351397439E-001  0.171912165968945E+003  0.723854584468138E+000
  0.200559349231511E-001  0.171900383318861E+003  0.725841614823123E+000
  0.200927785413852E-001  0.171892192827190E+003  0.727225651500727E+000
  0.201215267187531E-001  0.171880303968392E+003  0.729238738126502E+000
  0.203175595200867E-001  0.171851904363883E+003  0.734067344096015E+000
  0.203328087289843E-001  0.171845904400777E+003  0.735091091135071E+000
  0.203165907596952E-001  0.171843000849106E+003  0.735586967035124E+000
  0.204950771391707E-001  0.171821007636251E+003  0.739352739399941E+000
  0.205391893569667E-001  0.171812208157956E+003  0.740864265564347E+000
  0.209038462557096E-001  0.171772511845997E+003  0.747717992096188E+000
  0.209649136941414E-001  0.171762178225453E+003  0.749511625782552E+000
  0.210101056434943E-001  0.171753372227701E+003  0.751043239679448E+000
  0.211513318639802E-001  0.171735474122814E+003  0.754165187545664E+000
  0.211263477943710E-001  0.171733338490700E+003  0.754538510482670E+000
  0.211220420184906E-001  0.171724757374483E+003  0.756040292633170E+000
  0.211833677583205E-001  0.171714469647939E+003  0.757844449157376E+000
  0.212144027740710E-001  0.171707052322075E+003  0.759147741804688E+000
  0.211597787016332E-001  0.171698770778661E+003  0.760605392202088E+000
  0.212489851330471E-001  0.171681428218034E+003  0.763666520451821E+000
  0.213681192372625E-001  0.171661337676964E+003  0.767227448262262E+000
  0.214188265502952E-001  0.171652147837622E+003  0.768861626334873E+000
  0.214068125855849E-001  0.171648820575842E+003  0.769454126464706E+000
  0.214773023676181E-001  0.171637796271465E+003  0.771420448953814E+000
  0.216437383620607E-001  0.171617907845800E+003  0.774980236318628E+000
  0.216062625803372E-001  0.171616924424800E+003  0.775156675038407E+000
  0.217856470512689E-001  0.171595938727008E+003  0.778931271546741E+000
  0.217678612869859E-001  0.171593122800347E+003  0.779439145492342E+000
  0.220971237906642E-001  0.171549778564745E+003  0.787298656446181E+000
  0.221475773308526E-001  0.171545217244562E+003  0.788130396828387E+000
  0.222025270214751E-001  0.171531392055888E+003  0.790656854709018E+000
  0.221639596584435E-001  0.171530439537892E+003  0.790831225886221E+000
  0.221779393807536E-001  0.171524748772518E+003  0.791873820089611E+000
  0.222409541475064E-001  0.171510224605445E+003  0.794541191788573E+000
  0.225087359378417E-001  0.171481868460181E+003  0.799775742627635E+000
  0.224835673648836E-001  0.171479686158310E+003  0.800180088098969E+000
  0.225173512829761E-001  0.171467853167689E+003  0.802376302449153E+000
  0.226711265339997E-001  0.171445430629031E+003  0.806555477036594E+000
  0.226271654971927E-001  0.171444912104047E+003  0.806652394970978E+000
  0.227021625217312E-001  0.171433893686957E+003  0.808714807198049E+000
  0.226754767136847E-001  0.171431845576513E+003  0.809098793016373E+000
  0.227830757152057E-001  0.171413586458377E+003  0.812530770548624E+000
  0.227630830125709E-001  0.171410951496356E+003  0.813027336905013E+000
  0.231580782325213E-001  0.171363400738404E+003  0.822045742482900E+000
  0.232458752949019E-001  0.171351461075499E+003  0.824327536716754E+000
  0.233899944430537E-001  0.171334728222271E+003  0.827537301142675E+000
  0.237034675628690E-001  0.171303730625651E+003  0.833520792266946E+000
  0.236658149018947E-001  0.171298176488205E+003  0.834598117054513E+000
  0.236553505836962E-001  0.171294698972292E+003  0.835273457643991E+000
  0.237296432311331E-001  0.171279712949250E+003  0.838190989807151E+000
  0.237471418832188E-001  0.171273886099099E+003  0.839328565266118E+000
  0.237030708252273E-001  0.171273248682349E+003  0.839453116877670E+000
  0.240639666722730E-001  0.171238674218759E+003  0.846241493241063E+000
  0.242958465529556E-001  0.171215141961542E+003  0.850898937526532E+000
  0.242899550290188E-001  0.171206931336465E+003  0.852531166230948E+000
  0.243424216830748E-001  0.171198272859476E+003  0.854256507866803E+000
  0.244099111101669E-001  0.171188392419867E+003  0.856230503651156E+000
  0.244053189655440E-001  0.171184425600702E+003  0.857024584273861E+000
  0.243916309820954E-001  0.171181204529689E+003  0.857670039862231E+000
  0.243546013764860E-001  0.171179899984696E+003  0.857931620165523E+000
  0.243710783948207E-001  0.171174204242341E+003  0.859074841156237E+000
  0.243949512936188E-001  0.171167902977075E+003  0.860341772297194E+000
  0.244951745903728E-001  0.171155359978120E+003  0.862870506197227E+000
  0.244889374116850E-001  0.171151526193685E+003  0.863645246185145E+000
  0.246386906447238E-001  0.171134990053711E+003  0.866996814452002E+000
  0.246185049507543E-001  0.171132286154508E+003  0.867546384972187E+000
  0.245953050257492E-001  0.171129828691103E+003  0.868046245097322E+000
  0.251638555488177E-001  0.171079779405698E+003  0.878306114901572E+000
  0.252930188630004E-001  0.171065196774497E+003  0.881324612443344E+000
  0.252398760588919E-001  0.171065060259931E+003  0.881352933271629E+000
  0.251969398881586E-001  0.171059788602780E+003  0.882447476429083E+000
  0.252392985087984E-001  0.171052095525978E+003  0.884047948568840E+000
  0.252908345135446E-001  0.171043682202898E+003  0.885802602796343E+000
  0.252857422879133E-001  0.171039751240639E+003  0.886623995347909E+000
  0.253942117857306E-001  0.171026856395160E+003  0.889325481799981E+000
  0.260013601697403E-001  0.170958026042362E+003  0.903933311237985E+000
  0.260420985921881E-001  0.170946311229565E+003  0.906451992616640E+000
  0.261591973576305E-001  0.170933051104719E+003  0.909314656612836E+000
  0.261963880580148E-001  0.170925922464009E+003  0.910858832024657E+000
  0.262767903353820E-001  0.170915506193086E+003  0.913121775250944E+000
  0.263110058195036E-001  0.170904338327357E+003  0.915556813203135E+000
  0.263734429811436E-001  0.170895319786279E+003  0.917529935908243E+000
  0.263348975916619E-001  0.170893966893609E+003  0.917826450656332E+000
  0.264493877631530E-001  0.170881012723439E+003  0.920672577446920E+000
  0.264982626365231E-001  0.170868773384142E+003  0.923373318185359E+000
  0.265207426378331E-001  0.170862808443278E+003  0.924693699135784E+000
  0.265918169816911E-001  0.170853186761558E+003  0.926829316539922E+000
  0.267106366223670E-001  0.170835741313478E+003  0.930719935827289E+000
  0.267916692611763E-001  0.170825423202393E+003  0.933032382962892E+000
  0.267428401785184E-001  0.170824811770062E+003  0.933169681554031E+000
  0.267462724269123E-001  0.170820295248611E+003  0.934184808466502E+000
  0.267134286129391E-001  0.170818492859752E+003  0.934590369880423E+000
  0.266608474033531E-001  0.170818173574155E+003  0.934662240747356E+000
  0.266858763382584E-001  0.170812037022567E+003  0.936045177754026E+000
  0.266820728138121E-001  0.170808062249355E+003  0.936942569860727E+000
  0.267816217746222E-001  0.170796354421041E+003  0.939593396296277E+000
  0.269647164014117E-001  0.170778467940830E+003  0.943665131103073E+000
  0.270083591215562E-001  0.170770973680844E+003  0.945379150776563E+000
  0.273617657709497E-001  0.170736462601904E+003  0.953334581425091E+000
  0.275071433562030E-001  0.170721613602750E+003  0.956789762842783E+000
  0.274680397735631E-001  0.170720207985315E+003  0.957117856785964E+000
  0.275150292028367E-001  0.170712538720491E+003  0.958911135535022E+000
  0.275700861902005E-001  0.170704289963049E+003  0.960845893808759E+000
  0.276969086535470E-001  0.170690860254928E+003  0.964009260947841E+000
  0.279816522113614E-001  0.170661911250744E+003  0.970885846665645E+000
  0.279600955330033E-001  0.170659210833780E+003  0.971531396353905E+000
  0.279141146330754E-001  0.170658260795450E+003  0.971758676408870E+000
  0.278673292040394E-001  0.170657373922962E+003  0.971970924255091E+000
  0.278226267569868E-001  0.170656342949089E+003  0.972217754825128E+000
  0.278292191498174E-001  0.170651627334921E+003  0.973348064498121E+000
  0.277759474656571E-001  0.170651217692118E+003  0.973446356487143E+000
  0.277975935276114E-001  0.170645417896828E+003  0.974839759829258E+000
  0.277751857416657E-001  0.170642788974335E+003  0.975472451346285E+000
  0.277894487311386E-001  0.170637520423727E+003  0.976742472451367E+000
  0.278983079843754E-001  0.170625459371269E+003  0.979660315699356E+000
  0.280938995751740E-001  0.170603011953248E+003  0.985130203663861E+000
  0.280701502160738E-001  0.170592031744273E+003  0.987824816541026E+000
  0.281605561697451E-001  0.170577179599999E+003  0.991489904257087E+000
  0.282275057976860E-001  0.170559838535039E+003  0.995799248495876E+000
  0.282498567353921E-001  0.170554067050229E+003  0.997240795340580E+000
  0.286041189316666E-001  0.170516603144642E+003  0.100668927903540E+001
  0.285518188658450E-001  0.170516092299435E+003  0.100681922819123E+001
  0.285025843267713E-001  0.170515373048178E+003  0.100700224347182E+001
  0.284712155139245E-001  0.170513404367925E+003  0.100750348845766E+001
  0.286874295172341E-001  0.170489940150594E+003  0.101351301906739E+001
  0.287383708265704E-001  0.170478075807250E+003  0.101657689108402E+001
  0.287111968349280E-001  0.170475814143602E+003  0.101716290570951E+001
  0.286748237147164E-001  0.170474195785727E+003  0.101758262253530E+001
  0.288371496464506E-001  0.170458752180049E+003  0.102160430227483E+001
  0.287969758695611E-001  0.170457386686343E+003  0.102196133457923E+001
  0.288559624279038E-001  0.170449140469561E+003  0.102412249702596E+001
  0.288045865801440E-001  0.170448550803329E+003  0.102427736955977E+001
  0.288444369237781E-001  0.170441632083349E+003  0.102609788086731E+001
  0.289298326784473E-001  0.170427420939175E+003  0.102985679818416E+001
  0.288718080645095E-001  0.170427291291553E+003  0.102989121302267E+001
  0.287767172128935E-001  0.170425607685087E+003  0.103033832735869E+001
  0.289558971444047E-001  0.170409056670534E+003  0.103475398459743E+001
  0.288963247920137E-001  0.170409039098577E+003  0.103475869231359E+001
  0.290532580864833E-001  0.170377609165688E+003  0.104324758495367E+001
  0.289885439916820E-001  0.170369786458202E+003  0.104538212666878E+001
  0.289823847187581E-001  0.170362048172025E+003  0.104750235872080E+001
  0.289852088704688E-001  0.170353706643281E+003  0.104979771895289E+001
  0.290393430140111E-001  0.170345905655299E+003  0.105195369867586E+001
  0.290239132185148E-001  0.170342899442461E+003  0.105278697403179E+001
  0.290735756077077E-001  0.170323252926932E+003  0.105826667304536E+001
  0.290324175392873E-001  0.170322041746338E+003  0.105860644392919E+001
  0.291907801708552E-001  0.170303081207268E+003  0.106395568169139E+001
  0.291467440868170E-001  0.170298036081050E+003  0.106538875737690E+001
  0.290455910773932E-001  0.170296940800020E+003  0.106570042114352E+001
  0.290194090212643E-001  0.170294724336009E+003  0.106633171958864E+001
  0.291807597797421E-001  0.170279614838697E+003  0.107065688664276E+001
  0.291795499700234E-001  0.170267661614080E+003  0.107410576239677E+001
  0.291228292830661E-001  0.170267549093483E+003  0.107413834409612E+001
  0.292961912015465E-001  0.170247678810022E+003  0.107992660939171E+001
  0.298478260008062E-001  0.170206373820815E+003  0.203026848120343E+001
  0.298280608977293E-001  0.170203702645657E+003  0.109299132924488E+001
  0.298532950925960E-001  0.170198015378734E+003  0.109470765615553E+001
  0.298083446950908E-001  0.170197033062350E+003  0.109500474356243E+001
  0.297796858326978E-001  0.170194960857113E+003  0.109563207384673E+001
  0.297411215197635E-001  0.170193556504693E+003  0.202639815749909E+001
  0.297838813608426E-001  0.170186687095160E+003  0.109814530658243E+001
  0.297399136129831E-001  0.170185645723751E+003  0.109846259998890E+001
  0.297011529402023E-001  0.170184258061816E+003  0.109888574237727E+001
  0.296713428646615E-001  0.170182270399084E+003  0.202296334010040E+001
  0.297543747074170E-001  0.170172685440007E+003  0.202002605761859E+001
  0.297283677630192E-001  0.170170438308051E+003  0.110312115435268E+001
  0.297814223764922E-001  0.170162876191845E+003  0.110545541624234E+001
  0.298072063771061E-001  0.170157149386348E+003  0.201522471642623E+001
  0.297677550917753E-001  0.170155802231487E+003  0.201480599022296E+001
  0.297331966727513E-001  0.170154129444321E+003  0.110817034825681E+001
  0.297148186263893E-001  0.170151370018341E+003  0.201342562180215E+001
  0.298104427507150E-001  0.170140948223065E+003  0.111229272475495E+001
  0.297523791061943E-001  0.170140851540243E+003  0.111232310179253E+001
  0.297158385245061E-001  0.170139313357785E+003  0.200964919546714E+001
  0.297060404979393E-001  0.170135976909297E+003  0.111385734895342E+001
  0.296863200804052E-001  0.170133309049078E+003  0.200775659325596E+001
  0.296288890312388E-001  0.170133185984132E+003  0.111473814139085E+001
  0.296927715926357E-001  0.170124882440182E+003  0.111736900553151E+001
  0.296729447399779E-001  0.170122222347543E+003  0.111821512369411E+001
  0.296194173990601E-001  0.170121837421523E+003  0.200411816552504E+001
  0.296261089537797E-001  0.170117389631554E+003  0.200269940398069E+001
  0.295985926496827E-001  0.170115252060654E+003  0.112043992548773E+001
  0.295396434199680E-001  0.170115243272612E+003  0.112044273757518E+001
  0.295317554818403E-001  0.170111781396379E+003  0.200090395664385E+001
  0.294745312246461E-001  0.170111664589582E+003  0.112158937616678E+001
  0.294468684907901E-001  0.170109546525787E+003  0.112226943167561E+001
  0.293902782430467E-001  0.170109397767878E+003  0.112231723359365E+001
  0.293552904265506E-001  0.170107784091735E+003  0.199961975198600E+001
  0.293594345896435E-001  0.170103505761109E+003  0.112421477802787E+001
  0.293021652464015E-001  0.170103414822239E+003  0.112424412982538E+001
  0.292843795210761E-001  0.170100633138457E+003  0.112514291178944E+001
  0.292686119711111E-001  0.170097714280512E+003  0.112608801171714E+001
  0.292535979590482E-001  0.170094744484717E+003  0.199540414348791E+001
  0.292088262444784E-001  0.170093811761418E+003  0.112735482853857E+001
  0.291738470395299E-001  0.170092212303367E+003  0.199458075298412E+001
  0.292097832396835E-001  0.170085754224031E+003  0.112998220093157E+001
  0.291774325815284E-001  0.170083974502597E+003  0.113056468720793E+001
  0.291487825597047E-001  0.170081943310113E+003  0.113123044178492E+001
  0.291239949589166E-001  0.170079648792401E+003  0.199047211246402E+001
  0.290680799808785E-001  0.170079496265440E+003  0.113203386979710E+001
  0.290823910630780E-001  0.170074515842810E+003  0.113367373457164E+001
  0.290566143448739E-001  0.170072293291964E+003  0.198804829012309E+001
  0.291059763224060E-001  0.170064902527993E+003  0.113685695551413E+001
  0.290592226133485E-001  0.170064121759268E+003  0.198533932220954E+001
  0.290205082959944E-001  0.170062792041991E+003  0.198489686523543E+001
  0.289644661293536E-001  0.170062662016405E+003  0.198485357504898E+001
  0.289672194815146E-001  0.170058475900806E+003  0.198345749520713E+001
  0.289918837892961E-001  0.170052777708395E+003  0.198154968215397E+001
  0.289540364648456E-001  0.170051394299757E+003  0.114137066478511E+001
  0.289044035876308E-001  0.170050829627136E+003  0.114156040451326E+001
  0.288567600525145E-001  0.170050132969879E+003  0.198066124814853E+001
  0.288357729878210E-001  0.170047592062086E+003  0.197980591737938E+001
  0.288341453780078E-001  0.170043708948186E+003  0.114396047919431E+001
  0.287769843709665E-001  0.170043681691680E+003  0.114396969271331E+001
  0.287519059388951E-001  0.170041429396934E+003  0.197772411938968E+001
  0.287132561538835E-001  0.170040123702707E+003  0.197728170805664E+001
  0.287319938838265E-001  0.170034822960743E+003  0.197548079303789E+001
  0.286903274153215E-001  0.170033729413896E+003  0.114734757186063E+001
  0.287040883807731E-001  0.170028774362954E+003  0.197341618383765E+001
  0.287113884661157E-001  0.170024269778007E+003  0.197187185927359E+001
  0.287045153083337E-001  0.170020752605713E+003  0.115179385612450E+001
  0.286537692126913E-001  0.170020295486482E+003  0.197050449872783E+001
  0.286170448961355E-001  0.170018864440092E+003  0.197001102526717E+001
  0.285762345548820E-001  0.170017722640615E+003  0.196961686629810E+001
  0.285665033616935E-001  0.170014407820241E+003  0.115398545933499E+001
  0.285155709258573E-001  0.170013980882788E+003  0.115413335489329E+001
  0.284604987322622E-001  0.170013851217214E+003  0.115417828303030E+001
  0.284069718252141E-001  0.170013620241163E+003  0.196819753300704E+001
  0.283569121982006E-001  0.170013151805584E+003  0.196803515035703E+001
  0.283541621761642E-001  0.170009349767456E+003  0.196671477242632E+001
  0.283465437685651E-001  0.170005891209241E+003  0.196550993321278E+001
  0.282925211596996E-001  0.170005710424052E+003  0.196544685528847E+001
  0.282440984653593E-001  0.170005140354447E+003  0.115720797247406E+001
  0.281884025821604E-001  0.170005092138091E+003  0.115722480563552E+001
  0.281883031054897E-001  0.170001103190764E+003  0.115861985354068E+001
  0.281372968336027E-001  0.170000729430804E+003  0.115875081575362E+001
  0.281043757543254E-001  0.169999074826900E+003  0.196312477269110E+001
  0.280566424978476E-001  0.169998478565344E+003  0.115954040210207E+001
  0.280149447968267E-001  0.169997457165213E+003  0.196255664592811E+001
  0.280183633809094E-001  0.169993217120462E+003  0.196106370089561E+001
  0.279764562153279E-001  0.169992214761600E+003  0.196070994896101E+001
  0.279492629913320E-001  0.169990163709439E+003  0.195998511468905E+001
  0.278954712393113E-001  0.169990020656009E+003  0.195993451097623E+001
  0.278695344218499E-001  0.169987885087639E+003  0.116327754970044E+001
  0.278512718897812E-001  0.169985200085074E+003  0.195822551155429E+001
  0.278044957418620E-001  0.169984565899084E+003  0.195800013063295E+001
  0.277909121880017E-001  0.169981547208586E+003  0.195692557003339E+001
  0.277798619079119E-001  0.169978346605550E+003  0.195578305781017E+001
  0.277297210284647E-001  0.169977963734422E+003  0.116680969625601E+001
  0.276848246699283E-001  0.169977208493253E+003  0.116707986960981E+001
  0.276722904808919E-001  0.169974118184636E+003  0.116818730418200E+001
  0.276600503117928E-001  0.169971007026698E+003  0.195315048856719E+001
  0.276205219906858E-001  0.169969871218089E+003  0.116971434607303E+001
  0.275739556239948E-001  0.169969249925579E+003  0.116993823806046E+001
  0.276023384036649E-001  0.169963196313256E+003  0.195032936964337E+001
  0.275622030254369E-001  0.169962110538617E+003  0.194993558230672E+001
  0.275155272622373E-001  0.169961504344319E+003  0.194971555490921E+001
  0.274791704842157E-001  0.169960152723620E+003  0.117323134531782E+001
  0.274308637216997E-001  0.169959675694430E+003  0.194905106249463E+001
  0.274097723194089E-001  0.169957218066837E+003  0.194815621554409E+001
  0.273638171886873E-001  0.169956578068807E+003  0.117453301379397E+001
  0.273458289976027E-001  0.169953897238628E+003  0.117551208901308E+001
  0.273025010870033E-001  0.169953072632657E+003  0.194664211339579E+001
  0.273413928225796E-001  0.169946229704145E+003  0.117832619528980E+001
  0.273084633896126E-001  0.169944643910976E+003  0.194354506834982E+001
  0.272566977493010E-001  0.169944442682740E+003  0.117898503730883E+001
  0.272195975888675E-001  0.169943170810247E+003  0.194300121381189E+001
  0.271805060539911E-001  0.169942049177504E+003  0.117986926200946E+001
  0.271539232890280E-001  0.169940010146231E+003  0.194183170477803E+001
  0.271018485408308E-001  0.169939853346389E+003  0.194177359211787E+001
  0.270544940551204E-001  0.169939354955231E+003  0.194158882100595E+001
  0.270066025505721E-001  0.169938902460496E+003  0.194142098753605E+001
  0.269691836199760E-001  0.169937679471683E+003  0.194096700123761E+001
  0.269543945338651E-001  0.169934780506798E+003  0.193988870078180E+001
  0.269357096371735E-001  0.169932171390419E+003  0.118354027947429E+001
  0.268915340382106E-001  0.169931458154625E+003  0.193864912851023E+001
  0.268505488535933E-001  0.169930512659467E+003  0.193829561865170E+001
  0.268515565218623E-001  0.169926441597995E+003  0.118568616566674E+001
  0.268206563994593E-001  0.169924748469644E+003  0.193613324324285E+001
  0.268322972527057E-001  0.169919884601311E+003  0.193429886423848E+001
  0.268178856914528E-001  0.169916963079673E+003  0.193319268093172E+001
  0.267648637076790E-001  0.169916925213986E+003  0.193317832215272E+001
  0.267578957524078E-001  0.169913449955751E+003  0.119059773405859E+001
  0.267078816046855E-001  0.169913195720565E+003  0.193176136108694E+001
  0.266907732077636E-001  0.169910481275427E+003  0.193072663462171E+001
  0.266504897102219E-001  0.169909506083858E+003  0.193035419058652E+001
  0.266127992041451E-001  0.169908340584356E+003  0.119254728895200E+001
  0.265656353249378E-001  0.169907892174367E+003  0.119271887860390E+001
  0.265191245869350E-001  0.169907400809543E+003  0.119290699724809E+001
  0.264859434867229E-001  0.169905908799081E+003  0.192897705774182E+001
  0.264386469766439E-001  0.169905487428704E+003  0.192881540879389E+001
  0.263989545308549E-001  0.169904496287500E+003  0.119402095980210E+001
  0.263486134313091E-001  0.169904317793902E+003  0.119408952714934E+001
  0.263209405864418E-001  0.169902423408606E+003  0.192763782404614E+001
  0.262929228253633E-001  0.169900557470294E+003  0.119553702343787E+001
  0.263648368839654E-001  0.169891098710480E+003  0.119920365973479E+001
  0.263150145705378E-001  0.169890885732396E+003  0.119928664712000E+001
  0.262737773386106E-001  0.169890026307234E+003  0.192283414223341E+001
  0.262243273281809E-001  0.169889798058887E+003  0.119971075859491E+001
  0.262020481890440E-001  0.169887501895693E+003  0.192184813101228E+001
  0.261550343522358E-001  0.169887097675637E+003  0.120076586379922E+001
  0.261135198235994E-001  0.169886278688541E+003  0.192136938694619E+001
  0.260745875463800E-001  0.169885266679870E+003  0.192097282104916E+001
  0.260445335238999E-001  0.169883577238830E+003  0.120214603922659E+001
  0.260102521245247E-001  0.169882215489233E+003  0.120268133356865E+001
  0.259598283190262E-001  0.169882100472422E+003  0.120272658248634E+001
  0.259673150906104E-001  0.169877527753560E+003  0.191792566735024E+001
  0.259411655248661E-001  0.169875546799929E+003  0.191714148569711E+001
  0.259085572281967E-001  0.169874066395401E+003  0.120590153795480E+001
  0.258856638497593E-001  0.169871838415886E+003  0.120678704146368E+001
  0.258751782153474E-001  0.169868652724623E+003  0.191439881836955E+001
  0.258257725628934E-001  0.169868479137783E+003  0.191432948543173E+001
  0.257820717406069E-001  0.169867870278991E+003  0.120836966849114E+001
  0.257519694744755E-001  0.169866210769609E+003  0.120903364588792E+001
  0.257521959728711E-001  0.169862197173598E+003  0.121064470274880E+001
  0.257640002357626E-001  0.169857284620549E+003  0.190982912540951E+001
  0.257197077115985E-001  0.169856729900776E+003  0.190960460815495E+001
  0.256732413308479E-001  0.169856350453308E+003  0.121300491254360E+001
  0.256769412428626E-001  0.169852066237749E+003  0.190771128433649E+001
  0.256331908973011E-001  0.169851480892607E+003  0.121498294133735E+001
  0.256414329737854E-001  0.169846841912185E+003  0.121687787561133E+001
  0.256369441891264E-001  0.169843196057151E+003  0.190408137257290E+001
  0.255929015545750E-001  0.169842638878920E+003  0.190385207685370E+001
  0.255443794083443E-001  0.169842438316753E+003  0.121868635789427E+001
  0.255184265241126E-001  0.169840475328297E+003  0.190296025162762E+001
  0.254785013468853E-001  0.169839610898700E+003  0.121985258128029E+001
  0.254383060291957E-001  0.169838772618936E+003  0.122019911251096E+001
  0.253949326893212E-001  0.169838189604913E+003  0.122044032879006E+001
  0.253863130782748E-001  0.169834872559782E+003  0.122181598562754E+001
  0.253478143698516E-001  0.169833911885328E+003  0.190024041733326E+001
  0.253107066353304E-001  0.169832845909575E+003  0.189979662370909E+001
  0.252779710257066E-001  0.169831438279017E+003  0.122324616234837E+001
  0.252810196679000E-001  0.169827201078829E+003  0.122501909138934E+001
  0.252347567606422E-001  0.169826868318808E+003  0.189729713885095E+001
  0.252123163164340E-001  0.169824651639364E+003  0.189636551280991E+001
  0.251735151869544E-001  0.169823735955310E+003  0.189597991238317E+001
  0.251901737403253E-001  0.169818416889317E+003  0.122872468332755E+001
  0.251774291698687E-001  0.169815433008452E+003  0.122999285970077E+001
  0.251379140160723E-001  0.169814578403695E+003  0.189209888988356E+001
  0.251040280666274E-001  0.169813280220403E+003  0.189154502212340E+001
  0.251441575082761E-001  0.169806089715637E+003  0.188846022884106E+001
  0.250965559200120E-001  0.169805883592999E+003  0.188837137144769E+001
  0.250513383392045E-001  0.169805494326798E+003  0.188820349684631E+001
  0.250051092660988E-001  0.169805192477847E+003  0.188807326237835E+001
  0.249813346828863E-001  0.169803098955125E+003  0.188716856791035E+001
  0.249411815281619E-001  0.169802320188548E+003  0.188683139043292E+001
  0.249221992849909E-001  0.169799846923460E+003  0.123669762572292E+001
  0.248751688506951E-001  0.169799628663830E+003  0.188566336015736E+001
  0.248644086256395E-001  0.169796497983525E+003  0.123815642107322E+001
  0.248286138690552E-001  0.169795383248928E+003  0.123864346190522E+001
  0.248005448746412E-001  0.169793649542470E+003  0.188305345625133E+001
  0.247592958622595E-001  0.169792982766722E+003  0.188276109373462E+001
  0.247216782030549E-001  0.169792027741665E+003  0.124011398148147E+001
  0.246869101989480E-001  0.169790846470456E+003  0.124063326772828E+001
  0.246520634251448E-001  0.169789675556699E+003  0.188130702750359E+001
  0.246203873091047E-001  0.169788251058975E+003  0.124177717414596E+001
  0.245782439385471E-001  0.169787681440100E+003  0.188042708217951E+001
  0.245423724662502E-001  0.169786606528303E+003  0.187995174732890E+001
  0.244948421394624E-001  0.169786487606295E+003  0.187989911547761E+001
  0.244575573305655E-001  0.169785538219032E+003  0.187947862874484E+001
  0.244704052489029E-001  0.169780491859843E+003  0.187723418881061E+001
  0.244443056124789E-001  0.169778630152233E+003  0.124605372780295E+001
  0.244114896654177E-001  0.169777320907142E+003  0.124664018944234E+001
  0.243961071440252E-001  0.169774585568017E+003  0.124786899588779E+001
  0.243767327907911E-001  0.169772178508857E+003  0.187350153213916E+001
  0.243471607993920E-001  0.169770610223720E+003  0.187279236558908E+001
  0.243118182486426E-001  0.169769519545030E+003  0.125015764391051E+001
  0.242865380157986E-001  0.169767604287867E+003  0.187142857260999E+001
  0.242392902776308E-001  0.169767502930383E+003  0.125107337756110E+001
  0.242193940286832E-001  0.169765149251947E+003  0.125214560121033E+001
  0.241847117106879E-001  0.169764019311258E+003  0.125266167198303E+001
  0.241842473792318E-001  0.169760061705060E+003  0.186797980913041E+001
  0.241384184118542E-001  0.169759859280272E+003  0.125456914158605E+001
  0.241002642701084E-001  0.169759027055347E+003  0.186750369798515E+001
  0.240594423018539E-001  0.169758421600416E+003  0.186722474431733E+001
  0.240671096722677E-001  0.169753788327706E+003  0.186508155968452E+001
  0.240307231064894E-001  0.169752818369138E+003  0.186463097548912E+001
  0.239907041257566E-001  0.169752155791601E+003  0.125813306287412E+001
  0.239490535807922E-001  0.169751635027490E+003  0.125837550119270E+001
  0.239374097354069E-001  0.169748611643219E+003  0.186266898981185E+001
  0.239083686594588E-001  0.169747043528545E+003  0.186193435753047E+001
  0.238647188557749E-001  0.169746702285187E+003  0.186177425352470E+001
  0.238195850799372E-001  0.169746492329827E+003  0.126078015515781E+001
  0.237847854320310E-001  0.169745420396702E+003  0.126128380411025E+001
  0.237392105856691E-001  0.169745260336512E+003  0.126135908115145E+001
  0.237118732838707E-001  0.169743568793179E+003  0.186030007983856E+001
  0.236806775894341E-001  0.169742205750070E+003  0.126279930606603E+001
  0.236709941663921E-001  0.169739027745277E+003  0.185815072273764E+001
  0.236266335473039E-001  0.169738783355772E+003  0.185803460755383E+001
  0.235831709067571E-001  0.169738469861173E+003  0.126457026739502E+001
  0.235367840321052E-001  0.169738411626136E+003  0.126459795683206E+001
  0.235004801415167E-001  0.169737502866503E+003  0.185742547301309E+001
  0.234673903102449E-001  0.169736324943958E+003  0.185686402162664E+001
  0.234372209892982E-001  0.169734901762436E+003  0.126627161677425E+001
  0.233933329074913E-001  0.169734654428950E+003  0.126638991477212E+001
  0.233471341771627E-001  0.169734612063651E+003  0.126641018258107E+001
  0.233030976176306E-001  0.169734391951471E+003  0.126651550797900E+001
  0.232643276801910E-001  0.169733726166457E+003  0.185562153909235E+001
  0.232493017496912E-001  0.169731022335594E+003  0.185432323953320E+001
  0.232289490208307E-001  0.169728777922019E+003  0.126921470560123E+001
  0.231882576919816E-001  0.169728288490411E+003  0.185300465453980E+001
  0.231881875581652E-001  0.169724298534175E+003  0.185106945758027E+001
  0.231741719120632E-001  0.169721511755187E+003  0.127274573747604E+001
  0.231367514644637E-001  0.169720747856070E+003  0.184933638754638E+001
  0.231236964345971E-001  0.169717880679436E+003  0.184792928631782E+001
  0.230863468196137E-001  0.169717117704897E+003  0.127490217722653E+001
  0.230526138314781E-001  0.169716046168928E+003  0.184702534401034E+001
  0.230163551447353E-001  0.169715198373345E+003  0.184660663126630E+001
  0.229768893295377E-001  0.169714634682946E+003  0.127612796658221E+001
  0.229388937456558E-001  0.169713948702193E+003  0.184598831596186E+001
  0.228965250601503E-001  0.169713650160416E+003  0.184584040395885E+001
  0.228567046400781E-001  0.169713135476990E+003  0.127687063547660E+001
  0.228224884267906E-001  0.169712135690940E+003  0.184508887550247E+001
  0.227808447240076E-001  0.169711792376020E+003  0.184491823478784E+001
  0.227582075832317E-001  0.169709784742564E+003  0.127853755836001E+001
  0.227206677423097E-001  0.169709090476710E+003  0.184357168733804E+001
  0.226898719639536E-001  0.169707807126489E+003  0.127952601125814E+001
  0.226459588875925E-001  0.169707685592130E+003  0.127958686975987E+001
  0.226014465331369E-001  0.169707624607467E+003  0.127961741287140E+001
  0.225792496547769E-001  0.169705593767092E+003  0.128063642288600E+001
  0.225429028304246E-001  0.169704819844953E+003  0.184143013258245E+001
  0.225024981084003E-001  0.169704411751558E+003  0.128123122745071E+001
  0.224626904159725E-001  0.169703956948139E+003  0.184099543282165E+001
  0.224369849857724E-001  0.169702250975673E+003  0.128232183502401E+001
  0.224143967719356E-001  0.169700269464872E+003  0.183913013548102E+001
  0.223709915301096E-001  0.169700150193193E+003  0.183906959334728E+001
  0.223553604591717E-001  0.169697552117354E+003  0.128470833511505E+001
  0.223252026012343E-001  0.169696255976171E+003  0.128537026438589E+001
  0.222914241583390E-001  0.169695288299234E+003  0.128586548692937E+001
  0.222648378768827E-001  0.169693679054682E+003  0.128669101891715E+001
  0.222234774956414E-001  0.169693401813964E+003  0.183562236736905E+001
  0.221908453528833E-001  0.169692344693803E+003  0.183507843514397E+001
  0.221555148348993E-001  0.169691535468661E+003  0.183466132402802E+001
  0.221165032019478E-001  0.169691064185702E+003  0.128803774967467E+001
  0.221061785317737E-001  0.169688002060455E+003  0.128962331840134E+001
  0.220806397125440E-001  0.169686317950223E+003  0.129049930883802E+001
  0.220533559558789E-001  0.169684794756138E+003  0.129129404698825E+001
  0.220398308805358E-001  0.169682025704611E+003  0.129274484639222E+001
  0.219969986228468E-001  0.169681920285568E+003  0.182965562584788E+001
  0.219564675001695E-001  0.169681612829769E+003  0.182949402218968E+001
  0.219133589140446E-001  0.169681547416700E+003  0.129299623229263E+001
  0.218829826756904E-001  0.169680325729240E+003  0.129363941756882E+001
  0.218562896260197E-001  0.169678770830186E+003  0.129446027255219E+001
  0.218312519252688E-001  0.169677067259052E+003  0.129536252323269E+001
  0.218070142862379E-001  0.169675292940666E+003  0.129630551014910E+001
  0.217746813275286E-001  0.169674264508234E+003  0.182560223470144E+001
  0.217553704617355E-001  0.169672042988926E+003  0.129804150542603E+001
  0.217198028198017E-001  0.169671319439781E+003  0.182402630235914E+001
  0.216930243231332E-001  0.169669790769741E+003  0.129925129978716E+001
  0.216560280561107E-001  0.169669208566930E+003  0.129956494370474E+001
  0.216133055980678E-001  0.169669162007397E+003  0.129959004246274E+001
  0.215965096090174E-001  0.169666720833057E+003  0.130090939122926E+001
  0.215548058972880E-001  0.169666590640324E+003  0.182147591715292E+001
  0.215303297197986E-001  0.169664866989933E+003  0.182054006241776E+001
  0.214895458494610E-001  0.169664663081355E+003  0.130202673287817E+001
  0.214594882678965E-001  0.169663466448550E+003  0.130267871474820E+001
  0.214273689822797E-001  0.169662466166733E+003  0.130322497959734E+001
  0.214086940903168E-001  0.169660214009167E+003  0.181799669830987E+001
  0.213699750148882E-001  0.169659838414370E+003  0.130466556494963E+001
  0.213287512358709E-001  0.169659704237763E+003  0.181771651945673E+001
  0.212942820986705E-001  0.169658943022833E+003  0.181729757239142E+001
  0.212578684446669E-001  0.169658369985553E+003  0.130547412056811E+001
  0.212376818910979E-001  0.169656274090233E+003  0.130663262390696E+001
  0.212091231445529E-001  0.169654969335835E+003  0.181509936468401E+001
  0.211741193021803E-001  0.169654276886190E+003  0.130774150230484E+001
  0.211329987282144E-001  0.169654168698218E+003  0.130780170846347E+001
  0.210925158635662E-001  0.169654007613787E+003  0.181456448197764E+001
  0.210516927377299E-001  0.169653886222788E+003  0.181449688743326E+001
  0.210118061994280E-001  0.169653683202000E+003  0.181438379837414E+001
  0.209743353382017E-001  0.169653257028986E+003  0.181414624192051E+001
  0.209402016549225E-001  0.169652518479739E+003  0.181373403212186E+001
  0.209209955771362E-001  0.169650357689878E+003  0.181252413777735E+001
  0.208841578920414E-001  0.169649886388239E+003  0.181225946647592E+001
  0.208485114328765E-001  0.169649307031636E+003  0.181193373133953E+001
  0.208092972921666E-001  0.169649076385411E+003  0.181180393588728E+001
  0.207685050723549E-001  0.169649004804233E+003  0.181176364012728E+001
  0.207329240313001E-001  0.169648438179586E+003  0.131101142314786E+001
  0.207049040058618E-001  0.169647146952096E+003  0.131174035164928E+001
  0.207168302565437E-001  0.169641999256604E+003  0.180778809213137E+001
  0.206759017740941E-001  0.169641958389660E+003  0.131469114712470E+001
  0.206404781789185E-001  0.169641391881681E+003  0.180744039160158E+001
  0.206083560770368E-001  0.169640510835501E+003  0.131552071028244E+001
  0.205688727461090E-001  0.169640350284300E+003  0.131561289144647E+001
  0.205288080812322E-001  0.169640253737704E+003  0.180678751902054E+001
  0.204896958130495E-001  0.169640071843214E+003  0.131577284167727E+001
  0.204632567674233E-001  0.169638658220612E+003  0.131658650912106E+001
  0.204228653501955E-001  0.169638613818253E+003  0.131661211052866E+001
  0.203898637541662E-001  0.169637852255118E+003  0.131705162864922E+001
  0.203613441989651E-001  0.169636655632808E+003  0.131774383355833E+001
  0.203396399251834E-001  0.169634792674269E+003  0.180363043454136E+001
  0.203037716085869E-001  0.169634326719651E+003  0.131909670329142E+001
  0.202686821842828E-001  0.169633790148475E+003  0.131940947120616E+001
  0.202286724557110E-001  0.169633745980691E+003  0.131943523467744E+001
  0.201928145000519E-001  0.169633298381697E+003  0.180275938148481E+001
  0.201530263406181E-001  0.169633247087549E+003  0.180272942532540E+001
  0.201147563561609E-001  0.169633052632090E+003  0.180261582814765E+001
  0.200807662580280E-001  0.169632439103620E+003  0.180225706555476E+001
  0.200443018250993E-001  0.169632078176784E+003  0.132041009694892E+001
  0.200092142655518E-001  0.169631586240210E+003  0.132069839757252E+001
  0.199744010296863E-001  0.169631072985947E+003  0.132099956028631E+001
  0.199381100558716E-001  0.169630714034049E+003  0.132121040740108E+001
  0.199024346374195E-001  0.169630299850033E+003  0.180100193170026E+001
  0.198754058234383E-001  0.169629021822137E+003  0.180024894764980E+001
  0.198473487303139E-001  0.169627851109076E+003  0.179955710324857E+001
  0.198084848030752E-001  0.169627775227094E+003  0.132294366904683E+001
  0.197708472472499E-001  0.169627582981481E+003  0.179939836776073E+001
  0.197407170418083E-001  0.169626637243774E+003  0.179883763043736E+001
  0.197048847549947E-001  0.169626274829525E+003  0.179862240038588E+001
  0.196735581743367E-001  0.169625460929426E+003  0.132431752985039E+001
  0.196349971287836E-001  0.169625388859501E+003  0.132436044141505E+001
  0.195968393301511E-001  0.169625283348643E+003  0.179803258151023E+001
  0.195586275961334E-001  0.169625190935755E+003  0.132447832833076E+001
  0.195232071509971E-001  0.169624820190612E+003  0.132469930886420E+001
  0.194921368311763E-001  0.169624009632161E+003  0.132518315818974E+001
  0.194560154412888E-001  0.169623723317605E+003  0.132535430609536E+001
  0.194215512498196E-001  0.169623273233841E+003  0.179683225946109E+001
  0.193831647887864E-001  0.169623234115974E+003  0.132564701986156E+001
  0.193456258434143E-001  0.169623115221864E+003  0.132571821509977E+001
  0.193088615028358E-001  0.169622923623653E+003  0.132583299174750E+001
  0.192703274505094E-001  0.169622922939763E+003  0.132583340153141E+001
  0.192329280528570E-001  0.169622812258826E+003  0.132589973042078E+001
  0.191951819211333E-001  0.169622745267328E+003  0.132593988618018E+001
  0.191631687997696E-001  0.169622087583718E+003  0.179612138315790E+001
  0.191333142188505E-001  0.169621209837263E+003  0.179559372663647E+001
  0.190978766184417E-001  0.169620921549096E+003  0.179542016309604E+001
  0.190901177875261E-001  0.169617738242226E+003  0.179349503433134E+001
  0.190625855022434E-001  0.169616628773129E+003  0.132963554582851E+001
  0.190305610329235E-001  0.169615995522501E+003  0.133002153799889E+001
  0.189928388687644E-001  0.169615967828966E+003  0.179241742672249E+001
  0.189594484118106E-001  0.169615491028196E+003  0.179212635004846E+001
  0.189284635981576E-001  0.169614766231963E+003  0.179168317324355E+001
  0.188909544878188E-001  0.169614737407999E+003  0.133079032856846E+001
  0.188669379564253E-001  0.169613285669112E+003  0.133168063601837E+001
  0.188356441225808E-001  0.169612609737830E+003  0.133209634448653E+001
  0.188000542746593E-001  0.169612396296405E+003  0.133222777112335E+001
  0.187653013513973E-001  0.169612100821273E+003  0.133240983462820E+001
  0.187320176780102E-001  0.169611655329210E+003  0.178977125122067E+001
  0.187063773086502E-001  0.169610398797452E+003  0.133346140762680E+001
  0.186763245324682E-001  0.169609618480793E+003  0.178851071717228E+001
  0.186424164579965E-001  0.169609256905023E+003  0.133416964055275E+001
  0.186089259434621E-001  0.169608857067932E+003  0.133441815321398E+001
  0.185750652915112E-001  0.169608503561454E+003  0.178781776297204E+001
  0.185409807103598E-001  0.169608180855891E+003  0.133483906333307E+001
  0.185107512650288E-001  0.169607448336554E+003  0.133529590690267E+001
  0.184810230861441E-001  0.169606666903744E+003  0.133578427642989E+001
  0.184456231185862E-001  0.169606505525393E+003  0.133588526439338E+001
  0.184111873695159E-001  0.169606246767934E+003  0.133604728515864E+001
  0.183749780947712E-001  0.169606188034785E+003  0.133608407710652E+001
  0.183426951026872E-001  0.169605708919022E+003  0.133638443235295E+001
  0.183062796400442E-001  0.169605687428660E+003  0.133639791395455E+001
  0.182716748984147E-001  0.169605475642807E+003  0.133653081735991E+001
  0.182486931091729E-001  0.169603996785422E+003  0.178499480502941E+001
  0.182180018468771E-001  0.169603367278714E+003  0.178459765444124E+001
  0.181818387519281E-001  0.169603345258577E+003  0.133787211043683E+001
  0.181684392622486E-001  0.169600823738842E+003  0.133947014648871E+001
  0.181380405098554E-001  0.169600176861241E+003  0.178257388917875E+001
  0.181056258726216E-001  0.169599758269474E+003  0.134014886905546E+001
  0.180696085168573E-001  0.169599744808370E+003  0.178229840242890E+001
  0.180344210415180E-001  0.169599647258359E+003  0.178223615480187E+001
  0.179993567928556E-001  0.169599543629780E+003  0.178217000916923E+001
  0.179754941828819E-001  0.169598200879473E+003  0.134114471941830E+001
  0.179587563915804E-001  0.169596068031692E+003  0.177993996494365E+001
  0.179285738604962E-001  0.169595436170536E+003  0.177953209736266E+001
  0.179027584715645E-001  0.169594322044473E+003  0.134364479548004E+001
  0.178695430754613E-001  0.169594040131248E+003  0.134382762140995E+001
  0.178344900312389E-001  0.169593971195493E+003  0.134387235091938E+001
  0.178000192572320E-001  0.169593844561229E+003  0.134395454255643E+001
  0.177674518870999E-001  0.169593511158634E+003  0.177828477429818E+001
  0.177320299218118E-001  0.169593506420250E+003  0.134417416458197E+001
  0.177011212575362E-001  0.169592999652668E+003  0.177795213374238E+001
  0.176683057168369E-001  0.169592714824246E+003  0.134468917602733E+001
  0.176349795232796E-001  0.169592494807838E+003  0.177762332364475E+001
  0.176030256332353E-001  0.169592126011109E+003  0.134507305299581E+001
  0.175725606740669E-001  0.169591594336586E+003  0.177703559469347E+001
  0.175393486947869E-001  0.169591381889578E+003  0.177689669905586E+001
  0.175102514735978E-001  0.169590706575814E+003  0.177645459064040E+001
  0.175031687727947E-001  0.169587519711766E+003  0.177435586740145E+001
  0.174693846501403E-001  0.169587387780391E+003  0.177426853774232E+001
  0.174366561923467E-001  0.169587142239638E+003  0.177410591096478E+001
  0.174115851677342E-001  0.169586023972524E+003  0.177336368241121E+001
  0.173769563432989E-001  0.169586009604182E+003  0.177335412879860E+001
  0.173431068730569E-001  0.169585913301545E+003  0.134916577439205E+001
  0.173089882247398E-001  0.169585855720058E+003  0.177325178315514E+001
  0.172786142938663E-001  0.169585372411360E+003  0.134952583852025E+001
  0.172456629992359E-001  0.169585194160638E+003  0.134964463213267E+001
  0.172130634658146E-001  0.169584982339639E+003  0.177266997463477E+001
  0.171844448812918E-001  0.169584314318519E+003  0.135023197492728E+001
  0.171555912712998E-001  0.169583679243468E+003  0.135065694032505E+001
  0.171387955667483E-001  0.169581642241635E+003  0.177043001887352E+001
  0.171098965059421E-001  0.169581021438797E+003  0.177001104412018E+001
  0.170784016679173E-001  0.169580710302110E+003  0.176980074391113E+001
  0.170472562929872E-001  0.169580364967328E+003  0.135288877944357E+001
  0.170190038788991E-001  0.169579686311242E+003  0.176910711657816E+001
  0.169854551472730E-001  0.169579636699239E+003  0.135338240799001E+001
  0.169588026503830E-001  0.169578781431594E+003  0.135396361934566E+001
  0.169277882062655E-001  0.169578446396817E+003  0.135419174257059E+001
  0.168952435396605E-001  0.169578299209881E+003  0.135429204080371E+001
  0.168635748237302E-001  0.169578055554520E+003  0.176799767690416E+001
  0.168314609401650E-001  0.169577871848848E+003  0.135458353516753E+001
  0.168014021847818E-001  0.169577450771209E+003  0.135487114647534E+001
  0.167680740651992E-001  0.169577426008126E+003  0.176756778673104E+001
  0.167347680746112E-001  0.169577406501441E+003  0.135490140762396E+001
  0.167044348424864E-001  0.169577038960648E+003  0.135515281628584E+001
  0.166800154755444E-001  0.169575968793079E+003  0.176656926461328E+001
  0.166497659387680E-001  0.169575603120003E+003  0.135613792701584E+001
  0.166198329067335E-001  0.169575205960609E+003  0.135641124921584E+001
  0.165924398678750E-001  0.169574509102590E+003  0.135689170533652E+001
  0.165678664722601E-001  0.169573477291849E+003  0.176485067966336E+001
  0.165394925706414E-001  0.169572909395486E+003  0.176445692294724E+001
  0.165222451714227E-001  0.169571000080330E+003  0.135932841091842E+001
  0.164902221410899E-001  0.169570884189759E+003  0.176304647123682E+001
  0.164579615478309E-001  0.169570804710319E+003  0.135946494295160E+001
  0.164283571758725E-001  0.169570409519083E+003  0.135974140054129E+001
  0.163976728501804E-001  0.169570152538502E+003  0.176253448373821E+001
  0.163697241877848E-001  0.169569568298736E+003  0.176212471340627E+001
  0.163602367370777E-001  0.169566731775513E+003  0.176012325210537E+001
  0.163337471708985E-001  0.169565976681060E+003  0.175958705114895E+001
  0.163057709960919E-001  0.169565409179981E+003  0.175918310635145E+001
  0.162783536014594E-001  0.169564778911982E+003  0.136372234371295E+001
  0.162474780333609E-001  0.169564579959746E+003  0.136386447536629E+001
  0.162168765444868E-001  0.169564354428016E+003  0.175843014045623E+001
  0.161884302441894E-001  0.169563869737401E+003  0.175808316389222E+001
  0.161596333016516E-001  0.169563434619126E+003  0.175777115301115E+001
  0.161288331816815E-001  0.169563254233763E+003  0.175764165849182E+001
  0.161007356244151E-001  0.169562745406879E+003  0.175727592240610E+001
  0.160714659948502E-001  0.169562388523052E+003  0.136543686700962E+001
  0.160439835541811E-001  0.169561815474312E+003  0.175660573373581E+001
  0.160141432317384E-001  0.169561542747176E+003  0.175640874690560E+001
  0.159834203535663E-001  0.169561387395221E+003  0.175629644952791E+001
  0.159526258345386E-001  0.169561248414450E+003  0.175619593137182E+001
  0.159220559306517E-001  0.169561088671834E+003  0.175608033311336E+001
  0.159062178584975E-001  0.169559083107280E+003  0.175462312043724E+001
  0.158795100937148E-001  0.169558448078442E+003  0.175415942394658E+001
  0.158577825179456E-001  0.169557190501934E+003  0.136921801968058E+001
  0.158302143688137E-001  0.169556674445964E+003  0.175285837870826E+001
  0.158048248005678E-001  0.169555888751024E+003  0.137017665806268E+001
  0.157836187430593E-001  0.169554578039219E+003  0.175130907963984E+001
  0.157616348250433E-001  0.169553369638251E+003  0.137204558432422E+001
  0.157309780264752E-001  0.169553267474113E+003  0.175033409028527E+001
  0.157036191879001E-001  0.169552752836186E+003  0.174994985024024E+001
  0.156754412238751E-001  0.169552348776729E+003  0.174964762140943E+001
  0.156450899794487E-001  0.169552228983302E+003  0.174955792497943E+001
  0.156139792942458E-001  0.169552213991641E+003  0.137290916294483E+001
  0.155880382504608E-001  0.169551543546879E+003  0.174904387438163E+001
  0.155575291898476E-001  0.169551465796750E+003  0.174898547594078E+001
  0.155274839505788E-001  0.169551335995179E+003  0.174888794095205E+001
  0.154993685738207E-001  0.169550964641685E+003  0.137384724020156E+001
  0.154688353582736E-001  0.169550912452476E+003  0.137388652879536E+001
  0.154395051544955E-001  0.169550712213872E+003  0.137403734706925E+001
  0.154135348614771E-001  0.169550083176487E+003  0.174794393382054E+001
  0.153838685465266E-001  0.169549940265364E+003  0.174783594590264E+001
  0.153600525454023E-001  0.169549042889627E+003  0.174715642856211E+001
  0.153349531930622E-001  0.169548317691044E+003  0.174660546864619E+001
  0.153087392921866E-001  0.169547743454460E+003  0.137628782410227E+001
  0.152791750311389E-001  0.169547613586583E+003  0.174606896341333E+001
  0.152520045566206E-001  0.169547177284100E+003  0.174573573193625E+001
  0.152215957369840E-001  0.169547172776916E+003  0.137672357339509E+001
  0.151962471585089E-001  0.169546510155148E+003  0.174522503696820E+001
  0.151660955141081E-001  0.169546486393287E+003  0.137724903892996E+001
  0.151369580445399E-001  0.169546336532179E+003  0.174509189394418E+001
  0.151085248743042E-001  0.169546100847518E+003  0.137754485536901E+001
  0.150787298236824E-001  0.169546052873983E+003  0.137758169720085E+001
  0.150534527018575E-001  0.169545412367746E+003  0.174438156841420E+001
  0.150250812171853E-001  0.169545189351246E+003  0.137824611791323E+001
  0.150006758946711E-001  0.169544444598210E+003  0.137882109733779E+001
  0.149822358261282E-001  0.169542908670283E+003  0.174244320322592E+001
  0.149529400941585E-001  0.169542827222387E+003  0.174237979784303E+001
  0.149276682606288E-001  0.169542214259235E+003  0.138055395403038E+001
  0.148992906648666E-001  0.169542023885506E+003  0.138070263494391E+001
  0.148695530709640E-001  0.169542023682511E+003  0.174175306622492E+001
  0.148426686487836E-001  0.169541646986407E+003  0.174145850676261E+001
  0.148243547086819E-001  0.169540120247001E+003  0.138219615726872E+001
  0.147957074292648E-001  0.169539992874796E+003  0.174015932615481E+001
  0.147674499496778E-001  0.169539820207801E+003  0.138243269474073E+001
  0.147402577086803E-001  0.169539510323947E+003  0.173977853752850E+001
  0.147183142697537E-001  0.169538493885045E+003  0.173897378038338E+001
  0.146891521696507E-001  0.169538464506321E+003  0.173895046583441E+001
  0.146618286196601E-001  0.169538192200463E+003  0.173873422194250E+001
  0.146327476279531E-001  0.169538167032744E+003  0.173871422241961E+001
  0.146064336943123E-001  0.169537770846505E+003  0.173839909560608E+001
  0.145772838366475E-001  0.169537770201582E+003  0.138405727759465E+001
  0.145491715917026E-001  0.169537634913706E+003  0.138416501443498E+001
  0.145218628347750E-001  0.169537396430670E+003  0.138435509080176E+001
  0.144940529732135E-001  0.169537234165456E+003  0.173797132306966E+001
  0.144657665390282E-001  0.169537145151771E+003  0.173790027276107E+001
  0.144404663464088E-001  0.169536650149040E+003  0.173750464146352E+001
  0.144132529196891E-001  0.169536426750571E+003  0.173732579898211E+001
  0.143879500067289E-001  0.169535944892837E+003  0.138551643355491E+001
  0.143615458161731E-001  0.169535622579481E+003  0.173668050759238E+001
  0.143338621434866E-001  0.169535485544387E+003  0.173657030963938E+001
  0.143070711294472E-001  0.169535231179964E+003  0.138609028328027E+001
  0.142807146949656E-001  0.169534922965237E+003  0.138633868067549E+001
  0.142536285433574E-001  0.169534723950719E+003  0.138649925871136E+001
  0.142268700165307E-001  0.169534486100771E+003  0.173576449424665E+001
  0.142008996747919E-001  0.169534144317953E+003  0.138696778772477E+001
  0.141735740520867E-001  0.169534000455426E+003  0.173537158976591E+001
  0.141472262429946E-001  0.169533725787975E+003  0.138730687877662E+001
  0.141222605070320E-001  0.169533262318302E+003  0.173477270692656E+001
  0.140965678464466E-001  0.169532908231396E+003  0.138797117369485E+001
  0.140751084490290E-001  0.169531959173130E+003  0.173371033238624E+001
  0.140593341406103E-001  0.169530205872280E+003  0.139018529738224E+001
  0.140319710307056E-001  0.169530106178413E+003  0.139026752799910E+001
  0.140056045669992E-001  0.169529871763870E+003  0.173199482331545E+001
  0.139845876325202E-001  0.169528879230372E+003  0.173117304855998E+001
  0.139576583454091E-001  0.169528738218732E+003  0.139139988534738E+001
  0.139319809724843E-001  0.169528424925813E+003  0.173079557541735E+001
  0.139047316349288E-001  0.169528344518804E+003  0.173072867918456E+001
  0.138797062172966E-001  0.169527951310776E+003  0.139205469891871E+001
  0.138521327975106E-001  0.169527932456603E+003  0.139207041922844E+001
  0.138278240681636E-001  0.169527449279815E+003  0.139247378399197E+001
  0.138002795678448E-001  0.169527441171713E+003  0.139248056100843E+001
  0.137769976861269E-001  0.169526822133161E+003  0.139299877976096E+001
  0.137517290094087E-001  0.169526497737365E+003  0.139327098127358E+001
  0.137246666862230E-001  0.169526441452844E+003  0.139331825471234E+001
  0.136987272588598E-001  0.169526228995996E+003  0.172895904222530E+001
  0.136715427525765E-001  0.169526205843727E+003  0.139351628773716E+001
  0.136445346855742E-001  0.169526164736519E+003  0.139355086293062E+001
  0.136196222354757E-001  0.169525823706787E+003  0.172861788200868E+001
  0.135945215402916E-001  0.169525517062774E+003  0.139409656420995E+001
  0.135680079571686E-001  0.169525425493749E+003  0.139417386005335E+001
  0.135423714866944E-001  0.169525212021703E+003  0.172810166327543E+001
  0.135200430861435E-001  0.169524516299220E+003  0.139494328475559E+001
  0.134947697663472E-001  0.169524262437482E+003  0.172729710261845E+001
  0.134707466723586E-001  0.169523829961214E+003  0.172692938078272E+001
  0.134438888027068E-001  0.169523825520789E+003  0.172692560098766E+001
  0.134190206913712E-001  0.169523532482701E+003  0.172667596913126E+001
  0.133940917448685E-001  0.169523255397175E+003  0.172643957991881E+001
  0.133757721105092E-001  0.169521996744168E+003  0.172536150307728E+001
  0.133525581186920E-001  0.169521474805117E+003  0.139754349702638E+001
  0.133259535761127E-001  0.169521467710673E+003  0.172490624932648E+001
  0.133019394083021E-001  0.169521079076661E+003  0.172457100633598E+001
  0.132753992144412E-001  0.169521077482222E+003  0.172456962952597E+001
  0.132513525335122E-001  0.169520707505103E+003  0.172424983707320E+001
  0.132265140746668E-001  0.169520463836248E+003  0.172403887702404E+001
  0.132034798759001E-001  0.169519953901278E+003  0.172359650599821E+001
  0.131780419427312E-001  0.169519814829032E+003  0.172347565083358E+001
  0.131592200469228E-001  0.169518677419869E+003  0.139997202843845E+001
  0.131340402801550E-001  0.169518512019673E+003  0.140011676572395E+001
  0.131078448928786E-001  0.169518508928089E+003  0.172233638744786E+001
  0.130821140225185E-001  0.169518442807300E+003  0.140017737022288E+001
  0.130577579148592E-001  0.169518173846203E+003  0.140041309772455E+001
  0.130327573923999E-001  0.169518010732611E+003  0.172189963476406E+001
  0.130081941988124E-001  0.169517787738543E+003  0.140075210216406E+001
  0.129872190005331E-001  0.169517019256884E+003  0.172102688673359E+001
  0.129684027312352E-001  0.169515923012202E+003  0.172005633318446E+001
  0.129425450570855E-001  0.169515918784089E+003  0.172005257836886E+001
  0.129186400195879E-001  0.169515620218651E+003  0.171978720968541E+001
  0.128961229978058E-001  0.169515113228890E+003  0.171933557056028E+001
  0.128711277019329E-001  0.169514997389750E+003  0.171923219698496E+001
  0.128459852068298E-001  0.169514912010505E+003  0.171915596217021E+001
  0.128289810765412E-001  0.169513565143268E+003  0.140450741703472E+001
  0.128039183926200E-001  0.169513480157364E+003  0.171787193732743E+001
  0.127825404079179E-001  0.169512826230728E+003  0.171728200951626E+001
  0.127585705611294E-001  0.169512584150415E+003  0.171706305485363E+001
  0.127375730538213E-001  0.169511882370659E+003  0.140602929020267E+001
  0.127123199693044E-001  0.169511855433932E+003  0.171640208704203E+001
  0.126922169870052E-001  0.169511024687872E+003  0.140681073553179E+001
  0.126674612864436E-001  0.169510933417955E+003  0.140689412560444E+001
  0.126429836424334E-001  0.169510805800042E+003  0.171544505862167E+001
  0.126206612833131E-001  0.169510344101028E+003  0.140743365200700E+001
  0.125970326791091E-001  0.169510096037311E+003  0.171479453571500E+001
  0.125729388145838E-001  0.169509929018744E+003  0.171464105630531E+001
  0.125487007049869E-001  0.169509792334320E+003  0.171451533769758E+001
  0.125244197685856E-001  0.169509669950392E+003  0.171440268474111E+001
  0.125016142430051E-001  0.169509319034317E+003  0.171407921031251E+001
  0.124778236664583E-001  0.169509132655746E+003  0.140854873188009E+001
  0.124533065741596E-001  0.169509070222620E+003  0.140860641946237E+001
  0.124295773613497E-001  0.169508888762275E+003  0.140877421092267E+001
  0.124052786726415E-001  0.169508806400971E+003  0.171360543062339E+001
  0.123841334148564E-001  0.169508222378607E+003  0.140939198860835E+001
  0.123615287557032E-001  0.169507880292952E+003  0.140971010096123E+001
  0.123403125605404E-001  0.169507319853438E+003  0.171222314641382E+001
  0.123213953704162E-001  0.169506392117981E+003  0.171135403046022E+001
  0.122975383504428E-001  0.169506272320734E+003  0.141121442418038E+001
  0.122729939456144E-001  0.169506272063274E+003  0.141121466625262E+001
  0.122490956421069E-001  0.169506174308297E+003  0.141130660686540E+001
  0.122254883402898E-001  0.169506036560037E+003  0.141143625779000E+001
  0.122024516419646E-001  0.169505812744290E+003  0.141164715648005E+001
  0.121801497431110E-001  0.169505475397812E+003  0.171049026300604E+001
  0.121577064105798E-001  0.169505168022866E+003  0.171019952186579E+001
  0.121353541938440E-001  0.169504852446846E+003  0.141255542783731E+001
  0.121148549662922E-001  0.169504237729047E+003  0.170931609340984E+001
  0.120906883426432E-001  0.169504235293520E+003  0.141314208611154E+001
  0.120680115899142E-001  0.169503993920597E+003  0.170908369433855E+001
  0.120451756919378E-001  0.169503786034119E+003  0.170888524731099E+001
  0.120214018595522E-001  0.169503741374192E+003  0.170884258043425E+001
  0.119975240264454E-001  0.169503721873243E+003  0.170882394588990E+001
  0.119749165989514E-001  0.169503498105305E+003  0.141384590869542E+001
  0.119529072929382E-001  0.169503181383531E+003  0.141414932978549E+001
  0.119321405679097E-001  0.169502663157339E+003  0.170780871204308E+001
  0.119084872630671E-001  0.169502635724112E+003  0.170778231203574E+001
  0.118885935563746E-001  0.169501983609826E+003  0.141530250755168E+001
  0.118703124916460E-001  0.169501065367138E+003  0.141619277068776E+001
  0.118488193633207E-001  0.169500693969043E+003  0.141655440799779E+001
  0.118285109598748E-001  0.169500128824909E+003  0.170534941932655E+001
  0.118050644540712E-001  0.169500101159216E+003  0.141713351857591E+001
  0.117825258767072E-001  0.169499927262705E+003  0.170515202123470E+001
  0.117607594299330E-001  0.169499629373881E+003  0.141759606996304E+001
  0.117375158191298E-001  0.169499590019525E+003  0.141763472139064E+001
  0.117153253276950E-001  0.169499378715237E+003  0.170461343015369E+001
  0.116926050907080E-001  0.169499265196525E+003  0.170450171900841E+001
  0.116716542637096E-001  0.169498856008534E+003  0.170409832166945E+001
  0.116500555110157E-001  0.169498564492987E+003  0.170381023534798E+001
  0.116270700269540E-001  0.169498518372538E+003  0.170376460408754E+001
  0.116045543279164E-001  0.169498399101055E+003  0.141880932987795E+001
  0.115817243802734E-001  0.169498341624255E+003  0.170358959509923E+001
  0.115611894120814E-001  0.169497894864935E+003  0.141930958982787E+001
  0.115395366170592E-001  0.169497648144604E+003  0.170290085152038E+001
  0.115177436682161E-001  0.169497432802923E+003  0.170268629817143E+001
  0.114961850366861E-001  0.169497183856714E+003  0.142001800272502E+001
  0.114794209011719E-001  0.169496106449233E+003  0.142109830243438E+001
  0.114579525478967E-001  0.169495854265682E+003  0.170110349181011E+001
  0.114383440418484E-001  0.169495283881748E+003  0.142192871780527E+001
  0.114161350967426E-001  0.169495174896023E+003  0.170041674474254E+001
  0.113951658474066E-001  0.169494855884885E+003  0.142236276218546E+001
  0.113737853185164E-001  0.169494615965647E+003  0.169984919388629E+001
  0.113522800168306E-001  0.169494405095634E+003  0.169963446694521E+001
  0.113310606651268E-001  0.169494150930312E+003  0.142308065055297E+001
  0.113088914578700E-001  0.169494071755592E+003  0.169929434872444E+001
  0.112865838755491E-001  0.169494024786831E+003  0.169924635752500E+001
  0.112647515912239E-001  0.169493901242394E+003  0.169912004396737E+001
  0.112438584026073E-001  0.169493618161967E+003  0.169883018136341E+001
  0.112226817465235E-001  0.169493392503516E+003  0.142385718140657E+001
  0.112006916445740E-001  0.169493319210195E+003  0.142393245700402E+001
  0.111800404669901E-001  0.169493014091002E+003  0.142424627294382E+001
  0.111614256005968E-001  0.169492350878725E+003  0.142493088072686E+001
  0.111433376583021E-001  0.169491598655197E+003  0.142571155718581E+001
  0.111212825047050E-001  0.169491565018984E+003  0.142574657076428E+001
  0.110993308477040E-001  0.169491520599296E+003  0.142579282326024E+001
  0.110783802678378E-001  0.169491303268152E+003  0.142601934982204E+001
  0.110575197912163E-001  0.169491076792458E+003  0.142625581236113E+001
  0.110364508968074E-001  0.169490895203489E+003  0.142644570848088E+001
  0.110164097489990E-001  0.169490534309934E+003  0.142682390831433E+001
  0.109958487633052E-001  0.169490274584857E+003  0.142709674811594E+001
  0.109744730985789E-001  0.169490170315230E+003  0.169524942071570E+001
  0.109539030219142E-001  0.169489926540819E+003  0.169499262071532E+001
  0.109320610370428E-001  0.169489922498939E+003  0.142746750106132E+001
  0.109109019493852E-001  0.169489801259924E+003  0.142759540605758E+001
  0.108898104123140E-001  0.169489675136152E+003  0.169472726533534E+001
  0.108686975296254E-001  0.169489560442794E+003  0.142784982761142E+001
  0.108493875786413E-001  0.169489120912356E+003  0.169414041582700E+001
  0.108318696055071E-001  0.169488356818685E+003  0.142912879259085E+001
  0.108113374320056E-001  0.169488155478286E+003  0.169311191297824E+001
  0.107919288863408E-001  0.169487753105628E+003  0.142977498102271E+001
  0.107728291904798E-001  0.169487299862208E+003  0.143026220858162E+001
  0.107528647783232E-001  0.169487013733630E+003  0.143057072658236E+001
  0.107314723773527E-001  0.169487000612745E+003  0.143058489164164E+001
  0.107107778735348E-001  0.169486865118327E+003  0.143073125877094E+001
  0.106900907132463E-001  0.169486735716200E+003  0.169158466161130E+001
  0.106692089198625E-001  0.169486650288542E+003  0.143096366460641E+001
  0.106496648786710E-001  0.169486321277422E+003  0.143132039936827E+001
  0.106288567541926E-001  0.169486236846682E+003  0.143141210260234E+001
  0.106076820967193E-001  0.169486229187036E+003  0.169103543454969E+001
  0.105867903249629E-001  0.169486176054759E+003  0.169097768876236E+001
  0.105656871443040E-001  0.169486170728576E+003  0.169097189868593E+001
  0.105451694143633E-001  0.169486062341234E+003  0.143160184479777E+001
  0.105257810346423E-001  0.169485746926443E+003  0.169051035353873E+001
  0.105048466056223E-001  0.169485732625571E+003  0.169049475031605E+001
  0.104840067690074E-001  0.169485708222332E+003  0.169046812037435E+001
  0.104637435534703E-001  0.169485581505412E+003  0.169032975270095E+001
  0.104429891475284E-001  0.169485556357332E+003  0.143215358498374E+001
  0.104223935187000E-001  0.169485508640106E+003  0.169025012073328E+001
  0.104020062528252E-001  0.169485428670319E+003  0.143229319185793E+001
  0.103825145150029E-001  0.169485183868835E+003  0.143256126968713E+001
  0.103629072065997E-001  0.169484968420878E+003  0.168965819384434E+001
  0.103437457955077E-001  0.169484673915078E+003  0.168933434716440E+001
  0.103268327276604E-001  0.169483950787984E+003  0.143392017772222E+001
  0.103067427630407E-001  0.169483849400143E+003  0.168842330236135E+001
  0.102876779460050E-001  0.169483556304990E+003  0.168809787180624E+001
  0.102679748814934E-001  0.169483394392546E+003  0.168791773810176E+001
  0.102485005879216E-001  0.169483195199095E+003  0.168769577588118E+001
  0.102286646180351E-001  0.169483073944184E+003  0.168756047000043E+001
  0.102082719456766E-001  0.169483069276614E+003  0.143490060111467E+001
  0.101899222451786E-001  0.169482671571270E+003  0.143534543154528E+001
  0.101699398146789E-001  0.169482601415120E+003  0.143542406387318E+001
  0.101497363010412E-001  0.169482582544111E+003  0.168701063652926E+001
  0.101308921079231E-001  0.169482303228064E+003  0.168669703241079E+001
  0.101108945580528E-001  0.169482258960143E+003  0.143580860147732E+001
  0.100914860722357E-001  0.169482105767632E+003  0.143598100126577E+001
  0.100720496348585E-001  0.169481965523256E+003  0.143613903780970E+001
  0.100531503405612E-001  0.169481725863185E+003  0.168604629417167E+001
  0.100337037213156E-001  0.169481602365771E+003  0.143654919839636E+001
  0.100140894537574E-001  0.169481519863273E+003  0.143664256733973E+001
  0.999615719236318E-002  0.169481108474672E+003  0.143710918843676E+001
  0.997726183692384E-002  0.169480896570816E+003  0.168510563169283E+001
  0.995750343713806E-002  0.169480865178263E+003  0.143738597686006E+001
  0.993854857467808E-002  0.169480679952722E+003  0.168485874387936E+001
  0.991907381948085E-002  0.169480606826189E+003  0.168477528742417E+001
  0.990026078712825E-002  0.169480407726941E+003  0.143790808276616E+001
  0.988277830851924E-002  0.169479946564381E+003  0.143843667149376E+001
  0.986395311613189E-002  0.169479763888500E+003  0.168380917324249E+001
  0.984435070016376E-002  0.169479746393475E+003  0.168378904103996E+001
  0.982917180568351E-002  0.169478836545697E+003  0.168273744658272E+001
  0.981108516851269E-002  0.169478524126041E+003  0.168237424922792E+001
  0.979206102420090E-002  0.169478409977250E+003  0.168224127588795E+001
  0.977263024751841E-002  0.169478386594400E+003  0.144024184088986E+001
  0.975353532901974E-002  0.169478302247923E+003  0.144034021327021E+001
  0.973449341788742E-002  0.169478214676322E+003  0.144044243184941E+001
  0.971695840100213E-002  0.169477824575954E+003  0.144089883426133E+001
  0.969822246706599E-002  0.169477688630419E+003  0.144105829259471E+001
  0.967960831915549E-002  0.169477534985747E+003  0.168121709341647E+001
  0.966168962083148E-002  0.169477244771730E+003  0.144158039960610E+001
  0.964246451144031E-002  0.169477232388917E+003  0.168086086170302E+001
  0.962428017794943E-002  0.169477011663575E+003  0.144185551722044E+001
  0.960702439373019E-002  0.169476604762418E+003  0.144233727336314E+001
  0.958887996638810E-002  0.169476389653768E+003  0.167986311513363E+001
  0.956981255831121E-002  0.169476374591161E+003  0.167984520559072E+001
  0.955111379998630E-002  0.169476290271689E+003  0.144271096058732E+001
  0.953269077677915E-002  0.169476155766591E+003  0.167958471602135E+001
  0.951508863364240E-002  0.169475856181256E+003  0.167922715599221E+001
  0.546888921025989E-001  0.166155684479791E+003  0.144342447812453E+001
  0.546931435380351E-001  0.166155529008724E+003  0.144361077268204E+001
  0.546943619039431E-001  0.166155484456436E+003  0.144366421226711E+001
  0.547151446284542E-001  0.166154724642215E+003  0.144457936338928E+001
  0.547246516100136E-001  0.166154377164171E+003  0.144500028119918E+001
  0.547286194735743E-001  0.166154232157502E+003  0.144517638662540E+001
  0.547416686244435E-001  0.166153755346811E+003  0.144575734973441E+001
  0.547435777071324E-001  0.166153685599233E+003  0.144584257790379E+001
  0.547493111346453E-001  0.166153476145356E+003  0.144609889964496E+001
  0.547501865067911E-001  0.166153444168144E+003  0.144613808237783E+001
  0.547547242604881E-001  0.166153278412886E+003  0.144634140193646E+001
  0.547708673959281E-001  0.166152688847093E+003  0.144706751264398E+001
  0.547782917070027E-001  0.166152417761084E+003  0.144740293740380E+001
  0.547986159428240E-001  0.166151675844325E+003  0.144832603415415E+001
  0.547989460985460E-001  0.166151663794578E+003  0.144834108880613E+001
  0.548085418860277E-001  0.166151313607280E+003  0.144877948447136E+001
  0.548134628989340E-001  0.166151134044321E+003  0.144900494159745E+001
  0.548399626393895E-001  0.166150167371703E+003  0.145022655246364E+001
  0.548445717518294E-001  0.166149999285565E+003  0.145044034228888E+001
  0.548489497194577E-001  0.166149839641948E+003  0.145064377671425E+001
  0.548642162730110E-001  0.166149283043166E+003  0.145135599846088E+001
  0.548752829808597E-001  0.166148879662142E+003  0.145187506239176E+001
  0.548945259788363E-001  0.166148178449364E+003  0.145278328429860E+001
  0.548997254353581E-001  0.166147989023908E+003  0.145302993904464E+001
  0.549112988557763E-001  0.166147567448004E+003  0.145358091016306E+001
  0.540614211559211E-001  0.166146763377875E+003  0.145463967134102E+001
  0.540650559732673E-001  0.166146628912481E+003  0.145481775710061E+001
  0.532005397023063E-001  0.166146346911970E+003  0.145519220950428E+001
  0.532013860468161E-001  0.166146315095083E+003  0.145523454038089E+001
  0.532109331087591E-001  0.166145956224530E+003  0.145571317686672E+001
  0.523447445472534E-001  0.166145166674321E+003  0.145677394430902E+001
  0.523464237228392E-001  0.166145102517024E+003  0.145686061381598E+001
  0.523497256091270E-001  0.166144976365821E+003  0.145703124056046E+001
  0.523509490961368E-001  0.166144929623544E+003  0.145709453316218E+001
  0.523738562450641E-001  0.166144054677089E+003  0.145828645877140E+001
  0.523754213885570E-001  0.166143994909861E+003  0.145836838267980E+001
  0.523868321184120E-001  0.166143559228897E+003  0.145896756062870E+001
  0.523931824923783E-001  0.166143316801980E+003  0.145930248777267E+001
  0.524036089547687E-001  0.166142918833214E+003  0.145985470445633E+001
  0.524057968650989E-001  0.166142835332681E+003  0.145997095102355E+001
  0.524141279551046E-001  0.166142517412589E+003  0.146041477515746E+001
  0.524182343869150E-001  0.166142360726935E+003  0.146063423247211E+001
  0.524366131885069E-001  0.166141659612883E+003  0.146162215025088E+001
  0.524474611617561E-001  0.166141245899996E+003  0.146220972405429E+001
  0.524476424249612E-001  0.166141238987826E+003  0.146221957064858E+001
  0.524499439091972E-001  0.166141151226636E+003  0.146234467435492E+001
  0.524499554930435E-001  0.166141150784926E+003  0.146234530441417E+001
  0.524514736827127E-001  0.166141092894783E+003  0.146242791413438E+001
  0.524552871270030E-001  0.166140947491598E+003  0.146263571096745E+001
  0.524656177930854E-001  0.166140553645734E+003  0.146320077158661E+001
  0.524660842850060E-001  0.166140535863046E+003  0.146322636173181E+001
  0.524665881170537E-001  0.166140516657129E+003  0.146325400748037E+001
  0.524673653172650E-001  0.166140487030867E+003  0.146329666798663E+001
  0.524718485195489E-001  0.166140316143279E+003  0.146354310220725E+001
  0.524805590831925E-001  0.166139984161808E+003  0.146402363309460E+001
  0.524955382147026E-001  0.166139413398291E+003  0.146485539282612E+001
  0.525136743073981E-001  0.166138722560128E+003  0.146587183909182E+001
  0.525176180354968E-001  0.166138572367628E+003  0.146609425798450E+001
  0.525361873982419E-001  0.166137865325637E+003  0.146714837490065E+001
  0.525392467122017E-001  0.166137748864012E+003  0.146732314061367E+001
  0.525677471265258E-001  0.166136664239136E+003  0.146896665729605E+001
  0.525906865161671E-001  0.166135791674218E+003  0.147031040461673E+001
  0.525941561736694E-001  0.166135659729067E+003  0.147051533229879E+001
  0.526330259258166E-001  0.166134182173434E+003  0.147284261089929E+001
  0.526574119904504E-001  0.166133255743055E+003  0.147433360655249E+001
  0.526583389939575E-001  0.166133220534513E+003  0.147439077607899E+001
  0.526721407440029E-001  0.166132696403220E+003  0.147524632386793E+001
  0.526856414171231E-001  0.166132183838399E+003  0.147609130611606E+001
  0.526912846179688E-001  0.166131969628285E+003  0.147644693467328E+001
  0.526915549140096E-001  0.166131959368700E+003  0.147646400493045E+001
  0.526941684927818E-001  0.166131860168213E+003  0.147662923584692E+001
  0.526979298735447E-001  0.166131717410612E+003  0.147686758459520E+001
  0.527008967352580E-001  0.166131604814987E+003  0.147705605086498E+001
  0.527183695897268E-001  0.166130941829738E+003  0.147817444993358E+001
  0.527210176789616E-001  0.166130841370533E+003  0.147834523257285E+001
  0.527218329926785E-001  0.166130810441411E+003  0.147839788358954E+001
  0.527299466637828E-001  0.166130502673400E+003  0.147892363585164E+001
  0.527446626099249E-001  0.166129944588517E+003  0.147988566548613E+001
  0.527458778478697E-001  0.166129898509013E+003  0.147996560657672E+001
  0.527507157708508E-001  0.166129715074731E+003  0.148028462050255E+001
  0.527569839771582E-001  0.166129477434963E+003  0.148069978329641E+001
  0.527644955546995E-001  0.166129192693787E+003  0.148120006979779E+001
  0.527652710549812E-001  0.166129163299226E+003  0.148125189386384E+001
  0.527686907474720E-001  0.166129033684363E+003  0.148148081294677E+001
  0.527709541572247E-001  0.166128947900116E+003  0.148163268272447E+001
  0.527830971841550E-001  0.166128487736746E+003  0.148245233924528E+001
  0.527922328874780E-001  0.166128141606515E+003  0.148307454131358E+001
  0.527941458724810E-001  0.166128069135614E+003  0.148320544286081E+001
  0.527979521234172E-001  0.166127924948653E+003  0.148346653785392E+001
