  0.477576753295906E-068  0.477545727609556E+003  0.109060508095910E+002
  0.127817545096244E-067  0.475570711276398E+003  0.108761929234759E+002
  0.157999389989208E-067  0.475140648283440E+003  0.108696786227434E+002
  0.165270072231876E-067  0.475044580468648E+003  0.108682228300215E+002
  0.183623927410254E-067  0.474833962756500E+003  0.108650303735912E+002
  0.221727314324247E-067  0.474450738842043E+003  0.108592188118531E+002
  0.318982739661388E-067  0.473723361480734E+003  0.108481781868791E+002
  0.370276248087883E-067  0.473419011202001E+003  0.108435546558399E+002
  0.140513448403337E-066  0.470745607719244E+003  0.108028423044725E+002
  0.962352150020558E-066  0.466891327656927E+003  0.107438290818987E+002
  0.152484864524355E-065  0.465964662095664E+003  0.107295841832390E+002
  0.264417773098760E-065  0.464857606548380E+003  0.107125372233316E+002
  0.703991543766332E-065  0.462893008932964E+003  0.106822069907689E+002
  0.933115102882563E-065  0.462323358919053E+003  0.106733936289394E+002
  0.166792746912534E-064  0.461155616267151E+003  0.106553001534155E+002
  0.192690435014372E-064  0.460860824823529E+003  0.106507268421400E+002
  0.210151154941957E-064  0.460681215005044E+003  0.106479392976758E+002
  0.542428215689014E-064  0.458778632029753E+003  0.106183585314216E+002
  0.557472132593556E-064  0.458717792929978E+003  0.106174110298509E+002
  0.838336410948768E-064  0.457901779031448E+003  0.106046929223156E+002
  0.995624000405495E-064  0.457551734209962E+003  0.105992317608362E+002
  0.413721000566989E-063  0.454702919707386E+003  0.105546631753506E+002
  0.632577911983267E-063  0.453847533256219E+003  0.105412378102556E+002
  0.679207641811110E-063  0.453699122938922E+003  0.105389064535346E+002
  0.844177891051545E-063  0.453264250223628E+003  0.105320716107174E+002
  0.140837894583720E-062  0.452240587434827E+003  0.105159622310621E+002
  0.153610486742327E-062  0.452060764786943E+003  0.105131293688121E+002
  0.234637805402172E-062  0.451213518826667E+003  0.104997700760921E+002
  0.360519443716840E-062  0.450354513188464E+003  0.104862049429018E+002
  0.446608916313826E-062  0.449926238361667E+003  0.104794340603123E+002
  0.881020737471288E-062  0.448561182855377E+003  0.104578185991237E+002
  0.922659612196845E-062  0.448468824419216E+003  0.104563542191609E+002
  0.137717400700967E-061  0.447661488028823E+003  0.104435432987079E+002
  0.440962771816693E-061  0.445333974649350E+003  0.104065061566620E+002
  0.594576999580716E-061  0.444729895884724E+003  0.103968682256289E+002
  0.324021749907167E-060  0.441332505650454E+003  0.103424666434755E+002
  0.666869625328201E-060  0.439888937811150E+003  0.103192488465089E+002
  0.166605238428607E-059  0.438051383284875E+003  0.102896049734458E+002
  0.171151599237312E-059  0.437991219091067E+003  0.102886326878204E+002
  0.879190016179819E-059  0.434711997293585E+003  0.102354738578428E+002
  0.113659521695686E-058  0.434192095426604E+003  0.102270158807746E+002
  0.126624433761740E-058  0.433969739979767E+003  0.102233959896902E+002
  0.295747288882718E-058  0.432273180289550E+003  0.101957264586801E+002
  0.663570291952958E-058  0.430656921382717E+003  0.101692838442009E+002
  0.867989217227115E-058  0.430119832377271E+003  0.101604788631253E+002
  0.140630969470767E-057  0.429154742332095E+003  0.101446345809471E+002
  0.256581757156140E-057  0.427952126065004E+003  0.101248497076171E+002
  0.418135018960021E-057  0.426968991439622E+003  0.101086416202720E+002
  0.446272763523309E-057  0.426832318987851E+003  0.101063859862226E+002
  0.479166425639689E-057  0.426690083710849E+003  0.101040379112051E+002
  0.671454177519599E-057  0.426015288123536E+003  0.100928893188672E+002
  0.699616475395246E-057  0.425933115087623E+003  0.100915307070902E+002
  0.851190184622920E-057  0.425534425510385E+003  0.100849358799218E+002
  0.136440312175362E-056  0.424590752007888E+003  0.100693059641611E+002
  0.289143723406170E-056  0.423082174673585E+003  0.100442598187993E+002
  0.423954357312784E-056  0.422316770825040E+003  0.100315238862881E+002
  0.945981979547811E-056  0.420705050097417E+003  0.100046428531256E+002
  0.444605316519236E-055  0.417603427740810E+003  0.995267024054610E+001
  0.537930106169590E-055  0.417222344384614E+003  0.994626236172479E+001
  0.641629361840971E-055  0.416869780021747E+003  0.994032966292350E+001
  0.975032173924810E-055  0.416032860720992E+003  0.992622973961169E+001
  0.108148936357420E-054  0.415819023046975E+003  0.992262331478373E+001
  0.267645091636414E-054  0.414000128254254E+003  0.989188408860349E+001
  0.353970649037330E-054  0.413434434103579E+003  0.988230073699058E+001
  0.936521675745819E-054  0.411481926972329E+003  0.984913843667288E+001
  0.160473068762536E-053  0.410398260063511E+003  0.983067554006608E+001
  0.180170101532441E-053  0.410160119710626E+003  0.982661271368481E+001
  0.596320572536655E-053  0.407766365745261E+003  0.978566226288638E+001
  0.623592991421237E-053  0.407676926740516E+003  0.978412825887062E+001
  0.675940110183624E-053  0.407515713581524E+003  0.978136250469062E+001
  0.935298574136526E-053  0.406859535338887E+003  0.977009557184340E+001
  0.113968853282623E-052  0.406457590802106E+003  0.976318632424324E+001
  0.566288895881942E-052  0.403244576880936E+003  0.970774540729364E+001
  0.989420847089112E-052  0.402128546072396E+003  0.968839967232874E+001
  0.237564305883546E-051  0.400376738727542E+003  0.965793990469314E+001
  0.245465728075817E-051  0.400304600576684E+003  0.965668313674993E+001
  0.376032038512541E-051  0.399451566553512E+003  0.964180702740107E+001
  0.103809773038221E-050  0.397413902131491E+003  0.960616074690581E+001
  0.128709286481369E-050  0.396977187137790E+003  0.959850041532220E+001
  0.213041404455301E-050  0.395962603910582E+003  0.958067556428908E+001
  0.230320911339398E-050  0.395799907076770E+003  0.957781351425274E+001
  0.252654522933299E-050  0.395614808215942E+003  0.957455614024117E+001
  0.262347606222913E-050  0.395532768182632E+003  0.957311197427657E+001
  0.565335159368142E-050  0.393990526029742E+003  0.954591499086564E+001
  0.749570856673570E-050  0.393419616472841E+003  0.953582364686125E+001
  0.146639423275379E-049  0.392077494648991E+003  0.951204998001176E+001
  0.286557419110862E-049  0.390730801930576E+003  0.948812368237204E+001
  0.517398387809395E-049  0.389549053486612E+003  0.946706825141742E+001
  0.109375789662249E-048  0.388051930479384E+003  0.944031293936319E+001
  0.122618368955126E-048  0.387816541610334E+003  0.943609799945335E+001
  0.199911031485550E-048  0.386838950441574E+003  0.941856878003222E+001
  0.249244216926731E-048  0.386397828878234E+003  0.941064619749151E+001
  0.284949810282038E-048  0.386130069170608E+003  0.940583330688559E+001
  0.302289778960068E-048  0.386005038422605E+003  0.940358490964837E+001
  0.419268759121564E-048  0.385343901626462E+003  0.939168511648663E+001
  0.106987174549699E-047  0.383463453113936E+003  0.935773965113693E+001
  0.110531727917757E-047  0.383398265820006E+003  0.935656025272481E+001
  0.140847897619343E-047  0.382906601435051E+003  0.934765908036816E+001
  0.239057215425451E-047  0.381848556733979E+003  0.932846947122889E+001
  0.244006668530200E-047  0.381800639044836E+003  0.932759927247719E+001
  0.827804927295640E-047  0.379350542675657E+003  0.928297413174552E+001
  0.842745262488668E-047  0.379314768273591E+003  0.928232063969272E+001
  0.126551923048927E-046  0.378494665658391E+003  0.926732460440044E+001
  0.129434058743583E-046  0.378442671390188E+003  0.926637287626437E+001
  0.211907668925795E-046  0.377449756654822E+003  0.924817547551021E+001
  0.239992750051607E-046  0.377193884008273E+003  0.924347904711909E+001
  0.136270263452775E-045  0.373720650961671E+003  0.917944302760841E+001
  0.316347638891935E-045  0.372036247787878E+003  0.914819306178105E+001
  0.700051275894596E-045  0.370440618823440E+003  0.911847089886085E+001
  0.112111399762017E-044  0.369491764508226E+003  0.910074080749593E+001
  0.120473658148465E-044  0.369340883033612E+003  0.909791762453855E+001
  0.172864390682660E-044  0.368618730446073E+003  0.908439056734581E+001
  0.395370770465870E-044  0.366957067430223E+003  0.905317224276078E+001
  0.951612612909303E-044  0.365193369448566E+003  0.901989400180054E+001
  0.106338923762249E-043  0.364964222669289E+003  0.901555945319131E+001
  0.141283825086060E-043  0.364388913937688E+003  0.900466576884837E+001
  0.337092463599499E-043  0.362649741028841E+003  0.897163650451376E+001
  0.338834041686840E-043  0.362639434689748E+003  0.897144033428685E+001
  0.410116394609868E-043  0.362250493888863E+003  0.896403345914977E+001
  0.438406229876118E-043  0.362117084014233E+003  0.896149113286020E+001
  0.142307820813717E-042  0.359755115989818E+003  0.891633476767361E+001
  0.149032403573563E-042  0.359655668601962E+003  0.891442743793012E+001
  0.339033475060485E-042  0.358004693612659E+003  0.888269032200884E+001
  0.446327688054996E-042  0.357454784493009E+003  0.887208869047137E+001
  0.495834260431191E-041  0.352639237687610E+003  0.877858509073929E+001
  0.107376411548225E-040  0.351093869886305E+003  0.874832081777867E+001
  0.136636316499585E-040  0.350604724058465E+003  0.873871486395600E+001
  0.139865699836991E-040  0.350550822915512E+003  0.873765555489887E+001
  0.670757921748492E-040  0.347415371667111E+003  0.867576368353944E+001
  0.215313894501509E-039  0.345075616989505E+003  0.862922526869646E+001
  0.228227241237905E-039  0.344959127255753E+003  0.862690024285419E+001
  0.259601312368427E-039  0.344701516784827E+003  0.862175586072026E+001
  0.304553220359239E-039  0.344374859626292E+003  0.861522724793049E+001
  0.409688993190211E-039  0.343781754691744E+003  0.860335790354885E+001
  0.413112992239732E-039  0.343757823057499E+003  0.860287855857965E+001
  0.468360534397352E-039  0.343499502619989E+003  0.859770238280285E+001
  0.471160449493149E-039  0.343480295995178E+003  0.859731737202108E+001
  0.126380246277198E-038  0.341499646832746E+003  0.855750006757986E+001
  0.314566219231876E-038  0.339668562014337E+003  0.852048682247664E+001
  0.423366768614396E-038  0.339067187510438E+003  0.850828771936862E+001
  0.562989448062660E-038  0.338497143476478E+003  0.849670435660570E+001
  0.102800630122122E-037  0.337285599474143E+003  0.847202115588552E+001
  0.188419221859558E-037  0.336073843671746E+003  0.844724513954813E+001
  0.109001948647273E-036  0.332555941276432E+003  0.837480636328471E+001
  0.744963058525740E-036  0.328704664075231E+003  0.829460938558416E+001
  0.230482290327640E-035  0.326445815095931E+003  0.824712475046853E+001
  0.433020840659491E-035  0.325184591436405E+003  0.822046449798157E+001
  0.519924648835708E-035  0.324811401638057E+003  0.821255537419395E+001
  0.671899101324047E-035  0.324291159339454E+003  0.820151400267741E+001
  0.100172678274325E-034  0.323485020835412E+003  0.818436854858565E+001
  0.270654960627140E-034  0.321489728467474E+003  0.814173931351020E+001
  0.307039117127843E-034  0.321230074033350E+003  0.813617149667652E+001
  0.307715111151347E-034  0.321225675564727E+003  0.813607713890896E+001
  0.534417885724938E-034  0.320121668166081E+003  0.811235053476465E+001
  0.660807825363999E-034  0.319689649420028E+003  0.810304244467789E+001
  0.733923977287016E-034  0.319479764648673E+003  0.809851557424356E+001
  0.734806166660482E-034  0.319469885413389E+003  0.809830241808403E+001
  0.796960639590833E-034  0.319307488320870E+003  0.809479751245347E+001
  0.102865027455855E-033  0.318797093286932E+003  0.808376974342999E+001
  0.352932715059107E-033  0.316331373858873E+003  0.803022979267739E+001
  0.762030980584499E-033  0.314784392849338E+003  0.799641167357471E+001
  0.973717147675123E-033  0.314286564109909E+003  0.798549091644307E+001
  0.141853808722598E-032  0.313526480173085E+003  0.796878122272394E+001
  0.177233666299876E-032  0.313073574728839E+003  0.795880379372462E+001
  0.327475321306585E-032  0.311838125909327E+003  0.793150761417639E+001
  0.350918265241722E-032  0.311699844636641E+003  0.792844512653150E+001
  0.413869753978416E-032  0.311362258521463E+003  0.792096247972308E+001
  0.438485997763942E-032  0.311239115261988E+003  0.791823079855387E+001
  0.479378211899785E-032  0.311053201133847E+003  0.791410444883281E+001
  0.927030138671886E-032  0.309726618582294E+003  0.788458289670026E+001
  0.937652241832943E-032  0.309703832464574E+003  0.788407461403081E+001
  0.109913005598397E-031  0.309386042161079E+003  0.787698150342801E+001
  0.241103254120830E-031  0.307814969986341E+003  0.784179732475095E+001
  0.256042708933874E-031  0.307694732025809E+003  0.783909647114064E+001
  0.106914934107004E-030  0.304828476206005E+003  0.777436542897746E+001
  0.162751551479171E-030  0.303980386459349E+003  0.775508261676137E+001
  0.167794298643139E-030  0.303919358454514E+003  0.775369272185791E+001
  0.196907945925534E-030  0.303591626453750E+003  0.774622337930215E+001
  0.227818210697695E-030  0.303300003154830E+003  0.773956939791066E+001
  0.306421581894622E-030  0.302707175388919E+003  0.772602068149823E+001
  0.459713921826529E-030  0.301888093078956E+003  0.770725191427265E+001
  0.563798093228454E-030  0.301472112178665E+003  0.769769798776183E+001
  0.851114293323283E-030  0.300648411723448E+003  0.767873585082963E+001
  0.102687132274305E-029  0.300272960756478E+003  0.767007318905400E+001
  0.179222174447267E-029  0.299151223361304E+003  0.764411820701109E+001
  0.217924877454202E-029  0.298752316464331E+003  0.763486148530439E+001
  0.546097089005965E-029  0.296907165159928E+003  0.759185948823021E+001
  0.657793102148391E-029  0.296534977822275E+003  0.758314829493411E+001
  0.794978462748698E-029  0.296148239113794E+003  0.757408315078906E+001
  0.894247525789785E-029  0.295905014381350E+003  0.756837496298651E+001
  0.129405260332658E-028  0.295165911352112E+003  0.755099573524839E+001
  0.203583703900579E-028  0.294259654934650E+003  0.752961700456756E+001
  0.208392023866517E-028  0.294205015049368E+003  0.752832559288071E+001
  0.419409856826500E-028  0.292806159880473E+003  0.749516800054107E+001
  0.517359558952344E-028  0.292378396869453E+003  0.748499151772469E+001
  0.612281399359353E-028  0.292033505076776E+003  0.747677379363888E+001
  0.139056743580270E-027  0.290392954696159E+003  0.743752711799317E+001
  0.150031413643188E-027  0.290233013414498E+003  0.743368683102807E+001
  0.307593732943277E-027  0.288797143080659E+003  0.739909757580686E+001
  0.409228165602781E-027  0.288226157082203E+003  0.738528577870791E+001
  0.431750518959249E-027  0.288110926150307E+003  0.738249443990638E+001
  0.777577419190196E-027  0.286926174742031E+003  0.735371716844859E+001
  0.135005384173616E-026  0.285814660843382E+003  0.732658822192936E+001
  0.153450911219305E-026  0.285558528725674E+003  0.732031863594880E+001
  0.193597294058616E-026  0.285093729768654E+003  0.730892385048422E+001
  0.197770307016800E-026  0.285042930929976E+003  0.730767712115555E+001
  0.197815720853032E-026  0.285034325073534E+003  0.730746588532792E+001
  0.293801915157224E-026  0.284235038647291E+003  0.728781295960333E+001
  0.384352094672495E-026  0.283697732120499E+003  0.727456362191290E+001
  0.729711496732587E-026  0.282415551719736E+003  0.724282174822769E+001
  0.115376951747461E-025  0.281499270807421E+003  0.722002906117280E+001
  0.162589698830680E-025  0.280813220341326E+003  0.720290312259899E+001
  0.164229011145547E-025  0.280784874714207E+003  0.720219440969187E+001
  0.184419829797070E-025  0.280552968756155E+003  0.719639282218025E+001
  0.232993227006266E-025  0.280085379671556E+003  0.718467695320702E+001
  0.241914596027929E-025  0.280001878187948E+003  0.718258217813071E+001
  0.277127664369537E-025  0.279730091133308E+003  0.717575853107371E+001
  0.335798734152528E-025  0.279337637991238E+003  0.716589071048931E+001
  0.356119429151295E-025  0.279220129641743E+003  0.716293270530013E+001
  0.556949460330452E-025  0.278317291875508E+003  0.714015350379591E+001
  0.577339183181463E-025  0.278245381010275E+003  0.713833514408511E+001
  0.608122023922037E-025  0.278133033085786E+003  0.713549309350234E+001
  0.877877968758600E-025  0.277398769011467E+003  0.711688271066159E+001
  0.117363035144502E-024  0.276818070027274E+003  0.710212026633555E+001
  0.128713879359418E-024  0.276624901317328E+003  0.709720083418349E+001
  0.215349318280429E-024  0.275595562328644E+003  0.707091256963069E+001
  0.260134840391415E-024  0.275217684993423E+003  0.706123043908936E+001
  0.364757246848834E-024  0.274533018946177E+003  0.704364408293482E+001
  0.633388862615638E-024  0.273420711791852E+003  0.701495242055500E+001
  0.643954371156441E-024  0.273387625150061E+003  0.701409664743241E+001
  0.696253409698257E-024  0.273231453515842E+003  0.701005551443667E+001
  0.829548356312549E-024  0.272881118085433E+003  0.700097923356413E+001
  0.100136110192736E-023  0.272504649981866E+003  0.699120901222716E+001
  0.426558112655775E-023  0.269597460732756E+003  0.691516027991693E+001
  0.835086796563069E-023  0.268253886622722E+003  0.687964652472272E+001
  0.111194057252940E-022  0.267672442671807E+003  0.686420389057483E+001
  0.168898936428301E-022  0.266827604272210E+003  0.684168525167420E+001
  0.188459965741640E-022  0.266608434123702E+003  0.683582770331149E+001
  0.454359899721665E-022  0.264848426096377E+003  0.678855168797019E+001
  0.492212364269975E-022  0.264679515615443E+003  0.678399203569089E+001
  0.566569815927128E-022  0.264389266310028E+003  0.677614759249929E+001
  0.650105662101283E-022  0.264105327929776E+003  0.676846227733539E+001
  0.769682589982141E-022  0.263767641325173E+003  0.675930737491629E+001
  0.141820671596687E-021  0.262545300790460E+003  0.672603325228003E+001
  0.179310516528607E-021  0.262076189493011E+003  0.671320620667028E+001
  0.205619652674437E-021  0.261793382546226E+003  0.670545788175358E+001
  0.334595556751365E-021  0.260810604980592E+003  0.667844058571280E+001
  0.350365820143008E-021  0.260718494380851E+003  0.667590108117337E+001
  0.503546348807936E-021  0.259984069115912E+003  0.665560756849889E+001
  0.572768572679402E-021  0.259717427781516E+003  0.664821974928267E+001
  0.664040633060917E-021  0.259421704593587E+003  0.664001359178268E+001
  0.884096480679354E-021  0.258849258882089E+003  0.662409074115201E+001
  0.101100728238871E-020  0.258571874800165E+003  0.661635713109031E+001
  0.108327691050962E-020  0.258433787839076E+003  0.661250278167674E+001
  0.150718033678915E-020  0.257764134595304E+003  0.659376922986268E+001
  0.151921280812017E-020  0.257739077795763E+003  0.659306691213909E+001
  0.160187256173317E-020  0.257633115826384E+003  0.659009581676013E+001
  0.161000138129079E-020  0.257613796926009E+003  0.658955393984751E+001
  0.263404223191165E-020  0.256629227726754E+003  0.656185995186128E+001
  0.356893554676259E-020  0.256012494337861E+003  0.654443406071030E+001
  0.384996910492060E-020  0.255860898861035E+003  0.654014137036834E+001
  0.426730843034751E-020  0.255645781780447E+003  0.653404359505600E+001
  0.428231206979932E-020  0.255638762215144E+003  0.653384449030444E+001
  0.515825127787562E-020  0.255266553104230E+003  0.652327561257790E+001
  0.635265709756603E-020  0.254850002017176E+003  0.651142088704863E+001
  0.108467621457279E-019  0.253780015117661E+003  0.648083894921700E+001
  0.119286743798678E-019  0.253580401839849E+003  0.647511261671814E+001
  0.161659499728863E-019  0.252972477713236E+003  0.645763176183982E+001
  0.171654324164683E-019  0.252852496829979E+003  0.645417433295367E+001
  0.268577468473872E-019  0.251947636904127E+003  0.642802032641630E+001
  0.302203038846512E-019  0.251702170926582E+003  0.642090112436132E+001
  0.481232223176875E-019  0.250771669245518E+003  0.639381873390995E+001
  0.568094000437233E-019  0.250439795340138E+003  0.638412270158730E+001
  0.701546242446864E-019  0.250017795504146E+003  0.637176532429847E+001
  0.713973555101109E-019  0.249982677289690E+003  0.637073553021750E+001
  0.786433555895534E-019  0.249789352661277E+003  0.636506259469802E+001
  0.859303850670682E-019  0.249602343996101E+003  0.635956861353766E+001
  0.947658609873445E-019  0.249406600524601E+003  0.635381127319397E+001
  0.115213594100285E-018  0.249006015460184E+003  0.634200737912003E+001
  0.152645110451123E-018  0.248443359576353E+003  0.632537841531660E+001
  0.176724057704389E-018  0.248150411911360E+003  0.631669750052483E+001
  0.291043717886859E-018  0.247142718394433E+003  0.628671475607043E+001
  0.485743695199423E-018  0.246108377576789E+003  0.625574000110980E+001
  0.515123948075270E-018  0.245990924698940E+003  0.625220978252048E+001
  0.648404822506720E-018  0.245530709339335E+003  0.623835165988364E+001
  0.657949836134119E-018  0.245491457327372E+003  0.623716779236986E+001
  0.943247566607655E-018  0.244771057152363E+003  0.621538654989484E+001
  0.100357192291569E-017  0.244647073034990E+003  0.621162761017469E+001
  0.113787487732817E-017  0.244385752788505E+003  0.620369495786913E+001
  0.149608449500360E-017  0.243838374831427E+003  0.618703463089361E+001
  0.203556494902031E-017  0.243222530755391E+003  0.616821840401252E+001
  0.220683310055085E-017  0.243060960545282E+003  0.616326911982715E+001
  0.274241163122724E-017  0.242616119368234E+003  0.614961498142197E+001
  0.336444754833370E-017  0.242207267201998E+003  0.613702957200318E+001
  0.638440678512584E-017  0.240926077594391E+003  0.609736546664805E+001
  0.895196601813799E-017  0.240250048399586E+003  0.607629597339101E+001
  0.938071287324575E-017  0.240156483230755E+003  0.607337211980960E+001
  0.104919882923323E-016  0.239932570857300E+003  0.606636729246913E+001
  0.131126586691361E-016  0.239486638601074E+003  0.605238429649480E+001
  0.136420913544369E-016  0.239407474818040E+003  0.604989742300306E+001
  0.146062155364176E-016  0.239270900429989E+003  0.604560379447194E+001
  0.186718251935099E-016  0.238779763322492E+003  0.603012932450290E+001
  0.250437440305617E-016  0.238192546635492E+003  0.601155700825352E+001
  0.284330179748971E-016  0.237938692600344E+003  0.600350414873796E+001
  0.288650008255048E-016  0.237908535115352E+003  0.600254651056993E+001
  0.322202418881605E-016  0.237688604979351E+003  0.599555646859490E+001
  0.336574006871754E-016  0.237601328823220E+003  0.599277951371279E+001
  0.464739624738429E-016  0.236956010331644E+003  0.597219250179188E+001
  0.711721900723777E-016  0.236103590443081E+003  0.594485031823569E+001
  0.846935512414188E-016  0.235755715824986E+003  0.593364278047895E+001
  0.113332626126551E-015  0.235173140571850E+003  0.591480923508286E+001
  0.166801099488564E-015  0.234388859111382E+003  0.588932548720571E+001
  0.183326559672824E-015  0.234199925191231E+003  0.588316397647585E+001
  0.192506557786090E-015  0.234102202835366E+003  0.587997360695284E+001
  0.330283588895580E-015  0.233022559983081E+003  0.584456805151748E+001
  0.435417550643830E-015  0.232458324950611E+003  0.582594771359768E+001
  0.911670990487326E-015  0.230980377527187E+003  0.577678406910635E+001
  0.959722268411849E-015  0.230877647987335E+003  0.577334546086310E+001
  0.991511750129126E-015  0.230812474267568E+003  0.577116248137941E+001
  0.100165601550912E-014  0.230780385776547E+003  0.577008726843188E+001
  0.133175617809188E-014  0.230210698056437E+003  0.575095238298366E+001
  0.152915746567961E-014  0.229922461808547E+003  0.574123762467788E+001
  0.248557643027696E-014  0.228950886430860E+003  0.570832386495829E+001
  0.263851803428170E-014  0.228831460806165E+003  0.570426007409658E+001
  0.283391238528951E-014  0.228688579173495E+003  0.569939288352739E+001
  0.390633998436266E-014  0.228034681835358E+003  0.567704475648345E+001
  0.497416678335537E-014  0.227551367824124E+003  0.566044831731847E+001
  0.549218182532896E-014  0.227353232386498E+003  0.565362512587295E+001
  0.568156030134356E-014  0.227285431783926E+003  0.565128766207295E+001
  0.758789591083045E-014  0.226706774907075E+003  0.563128352184950E+001
  0.127603969563951E-013  0.225667190802090E+003  0.559509595698436E+001
  0.136951844967816E-013  0.225525795026908E+003  0.559014890804983E+001
  0.137785253942705E-013  0.225513661077259E+003  0.558972409151863E+001
  0.153546928068223E-013  0.225297041280578E+003  0.558213255544603E+001
  0.164174627691658E-013  0.225163192433172E+003  0.557743459104176E+001
  0.177983210659641E-013  0.224988976859044E+003  0.557131154983766E+001
  0.231501722741855E-013  0.224450482220804E+003  0.555232603769529E+001
  0.255189527230607E-013  0.224255643824838E+003  0.554543440162154E+001
  0.328340595504820E-013  0.223751553910004E+003  0.552754865189763E+001
  0.330168119983134E-013  0.223740452892646E+003  0.552715386599208E+001
  0.406401029341583E-013  0.223312030963909E+003  0.551188774008233E+001
  0.509334077264008E-013  0.222860503538781E+003  0.549573417602777E+001
  0.593078556541438E-013  0.222543028733422E+003  0.548433657123376E+001
  0.657432531729992E-013  0.222336998169150E+003  0.547692215475725E+001
  0.676856227926997E-013  0.222278764692187E+003  0.547482396194298E+001
  0.684601392216693E-013  0.222256008940617E+003  0.547400375059580E+001
  0.714455733535339E-013  0.222170640378073E+003  0.547092518111357E+001
  0.929209136413385E-013  0.221645014793234E+003  0.545191634665109E+001
  0.146798394071145E-012  0.220716923856594E+003  0.541812392755453E+001
  0.155489766403217E-012  0.220588416308249E+003  0.541342151623908E+001
  0.163485652571366E-012  0.220488125676073E+003  0.540974764033822E+001
  0.245910529019077E-012  0.219671640612129E+003  0.537970639357274E+001
  0.253934111089107E-012  0.219593774558780E+003  0.537682908429582E+001
  0.260985350846263E-012  0.219538995657749E+003  0.537480359149987E+001
  0.265122157328529E-012  0.219507542833547E+003  0.537364011234472E+001
  0.347322074819994E-012  0.218967419177244E+003  0.535360456975220E+001
  0.429013724660061E-012  0.218544946393930E+003  0.533785912802593E+001
  0.439221555542795E-012  0.218483881133684E+003  0.533557780965203E+001
  0.479783870378614E-012  0.218307217604964E+003  0.532897011235307E+001
  0.489533791606721E-012  0.218252847750444E+003  0.532693419840351E+001
  0.716753522268224E-012  0.217490290697483E+003  0.529826289462493E+001
  0.790911082480137E-012  0.217293383635590E+003  0.529082360114284E+001
  0.799659815929982E-012  0.217271381921140E+003  0.528999143834310E+001
  0.134444576274672E-011  0.216232280465822E+003  0.525047611797682E+001
  0.143100732780718E-011  0.216107486934823E+003  0.524570192059207E+001
  0.145526945130468E-011  0.216073862030708E+003  0.524441448202601E+001
  0.149070231252156E-011  0.216025749458280E+003  0.524257155304374E+001
  0.190420329341113E-011  0.215536116772626E+003  0.522376366913264E+001
  0.270366142872981E-011  0.214820048955861E+003  0.519608267795951E+001
  0.278679100593759E-011  0.214759481320429E+003  0.519373164290366E+001
  0.332328923272354E-011  0.214407352783557E+003  0.518003292584813E+001
  0.352657461992110E-011  0.214273399560816E+003  0.517480816177845E+001
  0.367216677083750E-011  0.214192489857992E+003  0.517164866527869E+001
  0.433756152987738E-011  0.213859428973766E+003  0.515861352859093E+001
  0.505532918490996E-011  0.213553167693222E+003  0.514658543418123E+001
  0.570990600096193E-011  0.213309648512527E+003  0.513699259510590E+001
  0.613588423982207E-011  0.213165745238941E+003  0.513131176322062E+001
  0.641897696326115E-011  0.213075536128261E+003  0.512774598770430E+001
  0.957730054582320E-011  0.212275262091056E+003  0.509595534778635E+001
  0.110043876943315E-010  0.211997465486097E+003  0.508485290190347E+001
  0.126558276489024E-010  0.211717818049638E+003  0.507364104027990E+001
  0.129925770380849E-010  0.211665297240615E+003  0.507153133719740E+001
  0.134271500318828E-010  0.211599496077390E+003  0.506888638617041E+001
  0.139055205844359E-010  0.211512884178335E+003  0.506540188109254E+001
  0.156653418224443E-010  0.211257956934094E+003  0.505512567201195E+001
  0.168676046678073E-010  0.211110068626387E+003  0.504915036466927E+001
  0.188459812707060E-010  0.210888259032024E+003  0.504016908772828E+001
  0.269451150064617E-010  0.210173254384838E+003  0.501105872177476E+001
  0.300918310868169E-010  0.209952350939064E+003  0.500201516264625E+001
  0.417415353830624E-010  0.209297865053126E+003  0.497508055139934E+001
  0.511099369182224E-010  0.208892900546889E+003  0.495830775575862E+001
  0.607323970361106E-010  0.208547903864958E+003  0.494395309995210E+001
  0.710959080634736E-010  0.208232798857371E+003  0.493078874617889E+001
  0.710832021602753E-010  0.208215378424422E+003  0.493005946044541E+001
  0.723798638046663E-010  0.208179224256216E+003  0.492854540507890E+001
  0.728397160848338E-010  0.208166557815023E+003  0.492801480191227E+001
  0.855256375730714E-010  0.207845448157840E+003  0.491453532405208E+001
  0.112081015948258E-009  0.207304636596183E+003  0.489170993027189E+001
  0.127280348963480E-009  0.207050296277692E+003  0.488092102951283E+001
  0.157858771560024E-009  0.206619678964306E+003  0.486257422713446E+001
  0.167558232280436E-009  0.206500418636637E+003  0.485747498632086E+001
  0.200706107522760E-009  0.206139397156254E+003  0.484199039884361E+001
  0.215478777549544E-009  0.205997355679851E+003  0.483587802066083E+001
  0.228152790417714E-009  0.205883049453290E+003  0.483095085787721E+001
  0.253866985009902E-009  0.205669459631570E+003  0.482172412671683E+001
  0.317987561931528E-009  0.205219055991958E+003  0.480218132798011E+001
  0.375609324016234E-009  0.204866080724735E+003  0.478678314474581E+001
  0.525229208239074E-009  0.204195510358562E+003  0.475732586898202E+001
  0.998866045693459E-009  0.202909938504910E+003  0.470007945742400E+001
  0.119457768348850E-008  0.202552083869505E+003  0.468395750240227E+001
  0.132919128245489E-008  0.202338527911499E+003  0.467429666660894E+001
  0.134926062627323E-008  0.202308555793123E+003  0.467293838895342E+001
  0.150008443774008E-008  0.202096626512771E+003  0.466331719921044E+001
  0.155435133650079E-008  0.202025552686159E+003  0.466008389274379E+001
  0.162499023882748E-008  0.201936665691695E+003  0.465603547161531E+001
  0.385748268494589E-006  0.191110515719348E+003  0.421707159537578E+001
  0.418962245331775E-006  0.190945324105958E+003  0.420828400820022E+001
  0.444957458993122E-006  0.190824928364813E+003  0.420186097334573E+001
  0.456692504661521E-006  0.190772865108261E+003  0.419907858841375E+001
  0.459170693771438E-006  0.190762041678900E+003  0.419849978990413E+001
  0.475362298037142E-006  0.190692731232446E+003  0.419479029817790E+001
  0.488052663138070E-006  0.190640039091875E+003  0.419196671761480E+001
  0.582464096900229E-006  0.190286350629834E+003  0.417293482312815E+001
  0.605921401375302E-006  0.190207385170556E+003  0.416866674056136E+001
  0.658504593419306E-006  0.190040942730992E+003  0.415964756614279E+001
  0.100865938881870E-005  0.189188130943791E+003  0.411293536659428E+001
  0.108200150302529E-005  0.188962630798585E+003  0.410044009629618E+001
  0.117309063067136E-005  0.188800972276295E+003  0.409144440261349E+001
  0.180301547561163E-005  0.187941334882785E+003  0.404306115702645E+001
  0.185610726832997E-005  0.187883293081407E+003  0.403976033384288E+001
  0.226146693033231E-005  0.187488228563791E+003  0.401717524907473E+001
  0.234247980180150E-005  0.187417835712474E+003  0.401312918766447E+001
  0.240673809210044E-005  0.187363711253759E+003  0.401001365958642E+001
  0.262696817794742E-005  0.187188595143322E+003  0.399990630295501E+001
  0.299601843035692E-005  0.186925687503086E+003  0.398465264116680E+001
  0.316863720415829E-005  0.186813652754861E+003  0.397812323425368E+001
  0.339057705133453E-005  0.186678255680590E+003  0.397020864853051E+001
  0.372408915815048E-005  0.186490611336408E+003  0.395919678093509E+001
  0.390878601969318E-005  0.186393802247885E+003  0.395349573908563E+001
  0.419287765943417E-005  0.186253481356812E+003  0.394520810563913E+001
  0.423470899034564E-005  0.186233626716951E+003  0.394403312290676E+001
  0.431090431403092E-005  0.186197960538172E+003  0.394192096860619E+001
  0.454799266653280E-005  0.186090884010813E+003  0.393556859919222E+001
  0.463789363835316E-005  0.186051735325834E+003  0.393324183662938E+001
  0.479887288820771E-005  0.185983493786900E+003  0.392918050353864E+001
  0.494804106456766E-005  0.185922272430225E+003  0.392553103338285E+001
  0.499154997226580E-005  0.185904762983234E+003  0.392448624022826E+001
  0.593374673194695E-005  0.185558944257414E+003  0.390375566290226E+001
  0.649680806547928E-005  0.185377633958788E+003  0.389281311791000E+001
