  0.305685756214674E+001 -0.870180609331766E+002
  0.335006962101114E+001 -0.887250165861951E+002
  0.357817371208930E+001 -0.902637115882923E+002
  0.353249384761796E+001 -0.899408042265674E+002
  0.324043644577308E+001 -0.880511059590458E+002
  0.310389991809276E+001 -0.872713957526580E+002
  0.319879186754770E+001 -0.878062847253233E+002
  0.273916220523753E+001 -0.855125761376095E+002
  0.366501403372950E+001 -0.908979765460519E+002
  0.260175861789763E+001 -0.849722878138919E+002
  0.227050583718195E+001 -0.839449222264754E+002
  0.306823560261584E+001 -0.870786152747781E+002
  0.222024106151127E+001 -0.838230184478004E+002
  0.285538757371509E+001 -0.860218376253193E+002
  0.212118463913744E+001 -0.836090003323656E+002
  0.298274501020863E+001 -0.866348613960849E+002
  0.316573797770736E+001 -0.876163429761394E+002
  0.339711162051453E+001 -0.890272453663441E+002
  0.283252359056646E+001 -0.859178716384218E+002
  0.328288694403580E+001 -0.883069925003531E+002
  0.264288855060534E+001 -0.851269974864316E+002
  0.326624019058013E+001 -0.882058865006158E+002
  0.348499038623266E+001 -0.896128518230523E+002
  0.232910630845239E+001 -0.840983494733014E+002
  0.213167570748596E+001 -0.836300201297508E+002
  0.269497177531919E+001 -0.853315127983187E+002
  0.328224992963454E+001 -0.883031054427952E+002
  0.351859224079537E+001 -0.898440029484465E+002
  0.357102273141802E+001 -0.902126735242758E+002
  0.293722116133501E+001 -0.864091333068589E+002
  0.211096865295928E+001 -0.835889066369817E+002
  0.241824298367778E+001 -0.843550674319089E+002
  0.318340301774384E+001 -0.877173719985975E+002
  0.348972865613481E+001 -0.896452045343138E+002
  0.341934397068364E+001 -0.891728104351587E+002
  0.321024975062501E+001 -0.878730305789183E+002
  0.231726917501204E+001 -0.840663764619874E+002
  0.283576772982577E+001 -0.859325104141213E+002
  0.304593246483256E+001 -0.869603490544837E+002
  0.243772002252590E+001 -0.844149118299962E+002
  0.233288158128474E+001 -0.841086512470611E+002
  0.292030613885961E+001 -0.863271328654547E+002
  0.262743103076946E+001 -0.850681508734320E+002
  0.267883761778246E+001 -0.852671307295304E+002
  0.349702940478603E+001 -0.896952095324662E+002
  0.254108985925146E+001 -0.847550297934525E+002
  0.231285120995588E+001 -0.840545704850907E+002
  0.359785412993147E+001 -0.904051108496227E+002
  0.310886266219251E+001 -0.872985788164559E+002
  0.306797575517060E+001 -0.870772272366265E+002
  0.309846241900847E+001 -0.872417124881340E+002
  0.346766148113360E+001 -0.894952085608193E+002
  0.263185153520870E+001 -0.850848932100794E+002
  0.306499273576099E+001 -0.870613098608480E+002
  0.358798181012811E+001 -0.903340088853097E+002
  0.355272266772169E+001 -0.900828876232717E+002
  0.217555709639715E+001 -0.837221693990277E+002
  0.333304286357095E+001 -0.886175590250377E+002
  0.272772991966112E+001 -0.854650703599770E+002
  0.212971130570309E+001 -0.836260545861577E+002
  0.332355430219362E+001 -0.885581217052503E+002
  0.207351068836597E+001 -0.835183962285493E+002
  0.285883592934087E+001 -0.860376786418749E+002
  0.280200052613750E+001 -0.857819669292740E+002
  0.259724234401845E+001 -0.849556653049388E+002
  0.336843671230458E+001 -0.888420853681603E+002
  0.297766268991994E+001 -0.866092966202770E+002
  0.280822472241415E+001 -0.858094122515882E+002
  0.222283657220220E+001 -0.838290938664768E+002
  0.269788590264422E+001 -0.853432397783447E+002
  0.336355767008906E+001 -0.888108705223993E+002
  0.343885998110803E+001 -0.893020345485291E+002
  0.296112426209821E+001 -0.865267398169445E+002
  0.364168495942958E+001 -0.907249593160387E+002
  0.206861005352489E+001 -0.835095392673553E+002
  0.346941420568458E+001 -0.895070591479597E+002
  0.283560248166973E+001 -0.859317638505391E+002
  0.331458247796411E+001 -0.885022148395716E+002
  0.316701673728889E+001 -0.876236192544338E+002
  0.347623047130117E+001 -0.895532490657470E+002
  0.347143015025906E+001 -0.895207028943113E+002
  0.327024007264845E+001 -0.882300905897915E+002
  0.254812018900994E+001 -0.847795373896615E+002
  0.288760562557295E+001 -0.861714834365182E+002
  0.285652614781001E+001 -0.860270633326476E+002
  0.265724746232838E+001 -0.851824205534149E+002
  0.314083824145104E+001 -0.874758161754520E+002
  0.330109574068566E+001 -0.884187106885145E+002
  0.205081487198129E+001 -0.834780937284169E+002
  0.354189416274223E+001 -0.900066498370654E+002
  0.295163481706454E+001 -0.864798080234485E+002
  0.255867778010767E+001 -0.848166700720070E+002
  0.286572455809514E+001 -0.860694497579721E+002
  0.309309187937137E+001 -0.872124976367872E+002
  0.311026565083748E+001 -0.873062794128791E+002
  0.212119351355756E+001 -0.836090179481834E+002
  0.224079814655267E+001 -0.838717917192826E+002
  0.307773290920669E+001 -0.871295116888120E+002
  0.222182658082798E+001 -0.838267268997691E+002
  0.284259714086378E+001 -0.859634492221396E+002
  0.318406554195769E+001 -0.877211825962240E+002
  0.247397154818577E+001 -0.845298776609475E+002
  0.317593185920826E+001 -0.876745083282940E+002
  0.222087718168752E+001 -0.838245052312722E+002
  0.219961789732314E+001 -0.837755936850781E+002
  0.343996809903787E+001 -0.893094123937250E+002
  0.308316356453392E+001 -0.871587584600887E+002
  0.320299205411733E+001 -0.878306981318885E+002
  0.235761967464952E+001 -0.841774055355868E+002
  0.334035075630240E+001 -0.886635539760322E+002
  0.327044099286041E+001 -0.882313078943162E+002
  0.343179374307963E+001 -0.892550899415037E+002
  0.276182011443808E+001 -0.856080979943243E+002
  0.301989955716972E+001 -0.868245354165102E+002
  0.209544444427680E+001 -0.835590805309209E+002
  0.298059947488158E+001 -0.866240578876835E+002
  0.330198179185083E+001 -0.884241769519455E+002
  0.313814246900741E+001 -0.874607338822686E+002
  0.320956543299454E+001 -0.878690311411670E+002
  0.207786875836463E+001 -0.835263441261106E+002
  0.296463412150035E+001 -0.865441793408337E+002
  0.258373707916672E+001 -0.849063894821691E+002
  0.207504976976796E+001 -0.835211953913659E+002
  0.236256519951009E+001 -0.841914107721093E+002
  0.261978797669138E+001 -0.850393667907150E+002
  0.206961835000921E+001 -0.835113546143851E+002
  0.236247913191642E+001 -0.841911662958952E+002
  0.320166010958814E+001 -0.878229494893430E+002
  0.208045331300260E+001 -0.835310894331840E+002
  0.311954371927283E+001 -0.873573796801695E+002
  0.277327528809618E+001 -0.856570836646427E+002
  0.284844510331814E+001 -0.859900732456501E+002
  0.255473955427474E+001 -0.848027725167519E+002
  0.212769093586351E+001 -0.836219903292019E+002
  0.300394342126245E+001 -0.867424797945438E+002
  0.342208615044108E+001 -0.891908860895758E+002
  0.305638070918267E+001 -0.870155331242637E+002
  0.230230986899134E+001 -0.840266807204908E+002
  0.280632567299039E+001 -0.858010239175426E+002
  0.323401182674972E+001 -0.880129356793223E+002
  0.269497460824301E+001 -0.853315241839027E+002
  0.239056972415267E+001 -0.842723523445178E+002
  0.319125485989640E+001 -0.877626329846865E+002
  0.214092566172649E+001 -0.836488768999616E+002
  0.342409496516475E+001 -0.892041445302471E+002
  0.341630037708536E+001 -0.891527791601391E+002
  0.229284386460290E+001 -0.840019717131944E+002
  0.228464991125737E+001 -0.839808396094688E+002
  0.299028001271679E+001 -0.866729320135163E+002
  0.290720563145017E+001 -0.862643213460074E+002
  0.350586269746880E+001 -0.897559639846331E+002
  0.269680201297755E+001 -0.853388744924242E+002
  0.343888324595747E+001 -0.893021894010783E+002
