  0.184286485898785E-320  0.163814138635500E+004  0.219389946798972E+002
  0.476812873488470E-318  0.162702191542828E+004  0.218618839016066E+002
  0.572706074689798E-318  0.162665541582399E+004  0.218593373308276E+002
  0.522727886034748E-315  0.161302252230805E+004  0.217643830546416E+002
  0.186336774662962E-311  0.159665617551415E+004  0.216497972120429E+002
  0.243698943079199E-310  0.159150557258366E+004  0.216136007955303E+002
  0.122937784789465E-309  0.158826023601639E+004  0.215907602509276E+002
  0.123799510366468E-308  0.158363241904217E+004  0.215581447405831E+002
  0.134244691648413E-308  0.158347041746895E+004  0.215570020367786E+002
  0.686498511696226E-306  0.157099619736611E+004  0.214688161718460E+002
  0.314300216710656E-305  0.156794478527880E+004  0.214471848380672E+002
  0.297315509104257E-300  0.154502129107596E+004  0.212839225690614E+002
  0.106790368734440E-299  0.154246397319615E+004  0.212656253521710E+002
  0.932905066089750E-297  0.152891876141946E+004  0.211684267119577E+002
  0.444406473711499E-295  0.152119154868640E+004  0.211127608010639E+002
  0.508861848394682E-293  0.151171033444032E+004  0.210442419794174E+002
  0.749817897988212E-293  0.151093502681562E+004  0.210386283265326E+002
  0.149546482879732E-285  0.147731811154290E+004  0.207936476813720E+002
  0.128696473664585E-284  0.147301324246132E+004  0.207620505255501E+002
  0.233896298992600E-284  0.147180937082889E+004  0.207532049628207E+002
  0.445658397011151E-284  0.147052002106463E+004  0.207437268176592E+002
  0.476993708450444E-283  0.146577894974183E+004  0.207088343612870E+002
  0.319872045791999E-282  0.146197294403992E+004  0.206807775497348E+002
  0.895892870212031E-282  0.145991314447512E+004  0.206655760982097E+002
  0.446176464990830E-280  0.145209701671544E+004  0.206077822115320E+002
  0.146794544204046E-279  0.144971520769848E+004  0.205901357830709E+002
  0.173663461605721E-279  0.144936975624536E+004  0.205875750314520E+002
  0.107029291964742E-277  0.144112744936137E+004  0.205263741772813E+002
  0.303390463697387E-277  0.143903428917258E+004  0.205108005529687E+002
  0.135208993064863E-276  0.143604551690023E+004  0.204885411440128E+002
  0.190785776588429E-276  0.143535685783642E+004  0.204834085222609E+002
  0.282583272664838E-276  0.143456180191916E+004  0.204774811856716E+002
  0.510648199871336E-274  0.142415863452271E+004  0.203997511707488E+002
  0.240381271643372E-273  0.142106037354512E+004  0.203765396363445E+002
  0.122584037968609E-271  0.141319689212441E+004  0.203174990800161E+002
  0.128119307351425E-270  0.140850339173949E+004  0.202821706263270E+002
  0.430763378448260E-270  0.140607819770960E+004  0.202638897949403E+002
  0.150276225635696E-269  0.140357919518077E+004  0.202450338922841E+002
  0.149575817754084E-269  0.140357890000470E+004  0.202450316639469E+002
  0.792931013510088E-268  0.139563786418452E+004  0.201849868718061E+002
  0.310814940592505E-267  0.139289608581918E+004  0.201642103716797E+002
  0.539508688759029E-266  0.138718799323112E+004  0.201208812817036E+002
  0.105240560486055E-264  0.138124647307480E+004  0.200756725785466E+002
  0.239362712063938E-264  0.137960301058829E+004  0.200631480583590E+002
  0.316094538517545E-264  0.137903705992636E+004  0.200588330912647E+002
  0.713546749703052E-264  0.137739881866663E+004  0.200463370012230E+002
  0.893025971054716E-261  0.136313457269476E+004  0.199371738343008E+002
  0.127335029921306E-260  0.136242499054786E+004  0.199317265201258E+002
  0.436355913956411E-259  0.135534662161735E+004  0.198772986723911E+002
  0.367003502022381E-258  0.135108762510427E+004  0.198444718080912E+002
  0.206430251465468E-256  0.134302810233281E+004  0.197821899602486E+002
  0.707346365514307E-256  0.134055496151981E+004  0.197630354546690E+002
  0.516588059880877E-252  0.132276283015029E+004  0.196246365111961E+002
  0.260193045892876E-251  0.131952930381988E+004  0.195993699805096E+002
  0.271071573463581E-251  0.131943725910594E+004  0.195986502319795E+002
  0.159698103079135E-249  0.131128511416917E+004  0.195347897826634E+002
  0.673858417892265E-249  0.130840564447068E+004  0.195121789428713E+002
  0.208794847030778E-247  0.130153863979798E+004  0.194581409602760E+002
  0.513143908107410E-247  0.129974023149453E+004  0.194439619043502E+002
  0.780838576482993E-247  0.129890060727098E+004  0.194373382668957E+002
  0.265142673997911E-245  0.129185046763237E+004  0.193816239161602E+002
  0.295238671929345E-245  0.129163543560623E+004  0.193799218689203E+002
  0.139885472799621E-242  0.127931384514872E+004  0.192821194762655E+002
  0.271071867678595E-241  0.127338555507530E+004  0.192348709455381E+002
  0.304572747357742E-241  0.127315250310313E+004  0.192330109383191E+002
  0.719728104995719E-241  0.127143257601804E+004  0.192192779984584E+002
  0.107833619742665E-239  0.126601880370093E+004  0.191759812704725E+002
  0.251971210233347E-236  0.125050584243382E+004  0.190513225457325E+002
  0.845951112921067E-235  0.124347837877601E+004  0.189945580413137E+002
  0.119467215739708E-233  0.123818287757070E+004  0.189516610890733E+002
  0.189425095388295E-233  0.123726097420484E+004  0.189441822623962E+002
  0.253659831724641E-233  0.123667697329911E+004  0.189394429622833E+002
  0.594372737277408E-233  0.123497394829481E+004  0.189256151413100E+002
  0.684418966077263E-231  0.122548148066841E+004  0.188483377967717E+002
  0.117087070770809E-230  0.122439641077326E+004  0.188394823261971E+002
  0.541969268042207E-229  0.121671545318386E+004  0.187766662586604E+002
  0.191487920229651E-228  0.121419105214170E+004  0.187559712098973E+002
  0.210822183652778E-228  0.121399867150213E+004  0.187543930512077E+002
  0.314561227620421E-227  0.120859317393027E+004  0.187099906892534E+002
  0.337935174735301E-227  0.120843842719453E+004  0.187087178607438E+002
  0.204787712371993E-226  0.120483501739491E+004  0.186790522014390E+002
  0.285739982168715E-225  0.119956363050722E+004  0.186355617969898E+002
  0.105175993483624E-223  0.119235218447243E+004  0.185758853063293E+002
  0.255026498316251E-223  0.119058071971386E+004  0.185611939491329E+002
  0.246431912747091E-222  0.118604411295874E+004  0.185235123137066E+002
  0.123088269470733E-221  0.118282731077940E+004  0.184967423412243E+002
  0.174779713341342E-219  0.117290392163493E+004  0.184138927631474E+002
  0.871512522164965E-218  0.116508534378236E+004  0.183483280931351E+002
  0.372826321348458E-217  0.116217840869353E+004  0.183238858528520E+002
  0.710798223658986E-217  0.116088785686872E+004  0.183130231379847E+002
  0.243938857498287E-216  0.115842162865740E+004  0.182922450107553E+002
  0.525879790144956E-216  0.115687323394668E+004  0.182791864917690E+002
  0.133574252251430E-215  0.115500889402252E+004  0.182634498747092E+002
  0.348453929002375E-214  0.114848602682929E+004  0.182082742454188E+002
  0.656317862220068E-214  0.114720751598690E+004  0.181974381287753E+002
  0.113181263569957E-212  0.114150025232440E+004  0.181489794480139E+002
  0.156999244682597E-212  0.114083351915337E+004  0.181433091765844E+002
  0.974381556687938E-212  0.113718239520434E+004  0.181122235320232E+002
  0.114832644455807E-210  0.113223640143337E+004  0.180700200219510E+002
  0.296827324766299E-210  0.113033705189578E+004  0.180537844244600E+002
  0.624607724739420E-210  0.112884910541450E+004  0.180410543177430E+002
  0.182961190241710E-209  0.112669963474272E+004  0.180226471667661E+002
  0.360852472887560E-209  0.112534124442816E+004  0.180110038693751E+002
  0.157004461977167E-205  0.110858495365874E+004  0.178666952983453E+002
  0.166707470048262E-205  0.110846502090894E+004  0.178656578095172E+002
  0.112864529909429E-204  0.110463995542480E+004  0.178325340436723E+002
  0.823253437025221E-203  0.109606063354474E+004  0.177579936758373E+002
  0.918126746771423E-201  0.108661920543720E+004  0.176755644949817E+002
  0.415374391659688E-198  0.107439000525394E+004  0.175681654650275E+002
  0.707528507379643E-197  0.106871963974854E+004  0.175181220097937E+002
  0.126678209369758E-196  0.106755472523319E+004  0.175078216840315E+002
  0.281507084329455E-195  0.106133933862491E+004  0.174527515877576E+002
  0.297635636721796E-195  0.106122791376647E+004  0.174517625903829E+002
  0.113137934196708E-193  0.105395209801832E+004  0.173870493009238E+002
  0.188569631002514E-190  0.103911486825437E+004  0.172542555799997E+002
  0.604072955893820E-190  0.103678641296512E+004  0.172333136786706E+002
  0.895650618846563E-189  0.103139353193100E+004  0.171847028335326E+002
  0.596630366183031E-188  0.102760086701120E+004  0.171504253769663E+002
  0.447619676373287E-185  0.101436006412187E+004  0.170301618139671E+002
  0.737131718377619E-185  0.101334857790942E+004  0.170209362233044E+002
  0.222272475588813E-184  0.101114113292701E+004  0.170007833569352E+002
  0.278176997966572E-183  0.100607331820711E+004  0.169544169317389E+002
  0.784089205279770E-182  0.999381680279103E+003  0.168929790183572E+002
  0.929995887301893E-182  0.999040365543585E+003  0.168898387061303E+002
  0.465511123397262E-181  0.995819283701316E+003  0.168601709625929E+002
  0.106193845774803E-179  0.989550548663460E+003  0.168022672780676E+002
  0.309403650976760E-179  0.987397653167986E+003  0.167823303803104E+002
  0.171341774180860E-177  0.979369285790074E+003  0.167077522566931E+002
  0.243105518174204E-176  0.974064444926009E+003  0.166582717200992E+002
  0.405165937720591E-176  0.973042842674607E+003  0.166487241611774E+002
  0.112331363138368E-175  0.971003359695133E+003  0.166296457301333E+002
  0.210598012410756E-175  0.969746363576720E+003  0.166178750647738E+002
  0.854953038966832E-175  0.966944172816052E+003  0.165916018282754E+002
  0.131383345063910E-174  0.966070096803710E+003  0.165833971219397E+002
  0.493496514540636E-174  0.963408543693132E+003  0.165583862261822E+002
  0.280654417296121E-171  0.950721816565829E+003  0.164385898370554E+002
  0.636639881839101E-171  0.949083656405240E+003  0.164230508620671E+002
  0.370281598064630E-169  0.940957196771385E+003  0.163457248414901E+002
  0.969597046194005E-169  0.939031963217633E+003  0.163273462610782E+002
  0.384069338363407E-168  0.936278907959548E+003  0.163010253511872E+002
  0.209346605808415E-167  0.932887401424777E+003  0.162685356947787E+002
  0.326321042350768E-165  0.922789280232940E+003  0.161713707866945E+002
  0.371958435062554E-164  0.917922309196824E+003  0.161243088922151E+002
  0.253496948949447E-162  0.909478829478991E+003  0.160423005925896E+002
  0.994233889503906E-160  0.897535247720948E+003  0.159254976033999E+002
  0.154013767137475E-158  0.892038831979424E+003  0.158714247489142E+002
  0.601661656304788E-158  0.889313525461067E+003  0.158445377082430E+002
  0.547486586364646E-156  0.880291899675077E+003  0.157551697564875E+002
  0.176103226201731E-155  0.877939070320590E+003  0.157317700391391E+002
  0.234423509842377E-155  0.877366952290552E+003  0.157260742811021E+002
  0.340785204240592E-153  0.867408365861396E+003  0.156265614413412E+002
  0.582863118991901E-152  0.861729795690934E+003  0.155695009040487E+002
  0.637482148452548E-151  0.856945477699445E+003  0.155212451408735E+002
  0.707248700316430E-150  0.852132595316838E+003  0.154725323790566E+002
  0.228370745159541E-149  0.849788249108721E+003  0.154487425967401E+002
  0.817724457243427E-149  0.847237139014853E+003  0.154228082420786E+002
  0.263526338953841E-148  0.844896713047776E+003  0.153989729331559E+002
  0.166786175145739E-147  0.841189108171091E+003  0.153611297682997E+002
  0.675187237737049E-147  0.838392553295138E+003  0.153325168014636E+002
  0.330929916452638E-146  0.835213549952070E+003  0.152999184387491E+002
  0.433319594166140E-146  0.834674412095427E+003  0.152943822986725E+002
  0.406212335024190E-145  0.830198440975338E+003  0.152483342995980E+002
  0.793450824872138E-145  0.828859409875235E+003  0.152345284486506E+002
  0.931601147567021E-144  0.823915113609762E+003  0.151834299123473E+002
  0.188293185063961E-143  0.822507752477237E+003  0.151688499706888E+002
  0.193730493822635E-143  0.822450816991199E+003  0.151682598031956E+002
  0.306702469438397E-141  0.812321656346006E+003  0.150628549776982E+002
  0.756536092806609E-141  0.810497307321452E+003  0.150437830875707E+002
  0.327062513950544E-140  0.807569334966578E+003  0.150131173075252E+002
  0.400537601941868E-140  0.807164022320958E+003  0.150088668022633E+002
  0.614690798361287E-140  0.806307398871182E+003  0.149998789867510E+002
  0.628461525646583E-139  0.801657917814160E+003  0.149509907297843E+002
  0.102017146900667E-138  0.800689015436124E+003  0.149407804456826E+002
  0.135649119480556E-138  0.800119154152233E+003  0.149347716121993E+002
  0.623550746293157E-138  0.797068436945751E+003  0.149025576682448E+002
  0.676817159363742E-138  0.796904494924894E+003  0.149008243254814E+002
  0.263472640111766E-137  0.794186228002192E+003  0.148720514602253E+002
  0.458640161783253E-137  0.793057290436567E+003  0.148600833561373E+002
  0.459743174979433E-136  0.788447316096660E+003  0.148110998499023E+002
  0.671957591965204E-136  0.787667748670262E+003  0.148027986065849E+002
  0.101972251574087E-135  0.786833567481183E+003  0.147939100396163E+002
  0.143057681862666E-133  0.776946132737778E+003  0.146880966338861E+002
  0.641909444608409E-133  0.773943734091513E+003  0.146557963057859E+002
  0.701506121047434E-133  0.773766169324652E+003  0.146538835373319E+002
  0.697044482303329E-133  0.773757539539969E+003  0.146537905681884E+002
  0.320384491325538E-131  0.766101854004922E+003  0.145710537327542E+002
  0.327545863130918E-129  0.756847301082056E+003  0.144703296120806E+002
  0.490665247517291E-129  0.756039033016129E+003  0.144614952925992E+002
  0.527504585037001E-129  0.755894242138135E+003  0.144599120983160E+002
  0.679712851692069E-129  0.755387216388661E+003  0.144543665684675E+002
  0.345755177070822E-127  0.747528754993042E+003  0.143681086165569E+002
  0.426077802301304E-127  0.747110972952602E+003  0.143635065858487E+002
  0.573932701096827E-127  0.746492070948068E+003  0.143566860988154E+002
  0.130731330878322E-123  0.731030125876294E+003  0.141850948325977E+002
  0.993843143697136E-123  0.726973255709890E+003  0.141396854518771E+002
  0.379166749961108E-122  0.724295292142398E+003  0.141096204188698E+002
  0.736460520899104E-122  0.722967533044470E+003  0.140946871543511E+002
  0.369343690541570E-121  0.719742618877622E+003  0.140583423424592E+002
  0.112021365656389E-120  0.717523524698309E+003  0.140332716168887E+002
  0.137389473607503E-119  0.712510094216994E+003  0.139764448471535E+002
  0.427560999680688E-119  0.710239539813085E+003  0.139506225692952E+002
  0.865640133422740E-119  0.708828795204348E+003  0.139345514860036E+002
  0.183540489774928E-118  0.707325692970357E+003  0.139174052721170E+002
  0.285516420864164E-116  0.697231624102931E+003  0.138016378191566E+002
  0.343787374809511E-116  0.696860176450561E+003  0.137973568442610E+002
  0.584866360143156E-116  0.695797456436269E+003  0.137851005988915E+002
  0.211676990753907E-115  0.693224930035650E+003  0.137553809028785E+002
  0.313801414585107E-115  0.692409945663470E+003  0.137459504906165E+002
  0.220102800854035E-114  0.688514106746254E+003  0.137007694374487E+002
  0.333614501604498E-113  0.683077153708755E+003  0.136374331235236E+002
  0.500665039795719E-113  0.682265251399427E+003  0.136279465586578E+002
  0.292646665204484E-112  0.678734023880910E+003  0.135865993409655E+002
  0.839894676141917E-110  0.667415062433084E+003  0.134530964753117E+002
  0.107653335762302E-108  0.662313442637090E+003  0.133924323118425E+002
  0.238240964875842E-108  0.660724709820082E+003  0.133734768213726E+002
  0.475644488969967E-107  0.654736763465438E+003  0.133017583861457E+002
  0.132263714357792E-106  0.652691339154773E+003  0.132771594698599E+002
  0.189577002069731E-106  0.651971344115267E+003  0.132684882839828E+002
  0.706099040651846E-106  0.649341423662266E+003  0.132367603860970E+002
  0.224099512863809E-104  0.642426413899897E+003  0.131529219345173E+002
  0.700529544240891E-104  0.640146921232376E+003  0.131251518697782E+002
  0.935689238008587E-104  0.639568027492666E+003  0.131180888349349E+002
  0.111561836216292E-102  0.634611095897892E+003  0.130574320596231E+002
  0.389567188406755E-102  0.632110181242934E+003  0.130267071782100E+002
  0.588546639391523E-102  0.631284941592316E+003  0.130165506484454E+002
  0.102442421162788E-101  0.630176481964078E+003  0.130028942376546E+002
  0.144486353371846E-100  0.624883543444546E+003  0.129374583032912E+002
  0.227458339205247E-100  0.623975979375566E+003  0.129262003632766E+002
  0.249608343280963E-100  0.623790127444979E+003  0.129238935744461E+002
  0.517107027045111E-100  0.622333413832775E+003  0.129057966403729E+002
  0.206744497967655E-099  0.619561775940990E+003  0.128712842786847E+002
  0.162643679059941E-097  0.610831279432212E+003  0.127618773315179E+002
  0.271440407298604E-097  0.609806917770129E+003  0.127489703262996E+002
  0.549172829684028E-097  0.608397576611829E+003  0.127311881862128E+002
  0.802320825315085E-097  0.607639385893220E+003  0.127216101130834E+002
  0.551557998193853E-096  0.603783738830885E+003  0.126727747402913E+002
  0.130093870898604E-094  0.597462379906708E+003  0.125922410334220E+002
  0.402117000403244E-094  0.595205406270031E+003  0.125633445254464E+002
  0.735210919479583E-094  0.593998577607487E+003  0.125478620596838E+002
  0.232844464715335E-092  0.587087810687649E+003  0.124587798635447E+002
  0.245493248648632E-091  0.582376843003285E+003  0.123976341006981E+002
  0.264515059684795E-091  0.582227585523964E+003  0.123956911810704E+002
  0.580461046447888E-091  0.580655736505297E+003  0.123752088582789E+002
  0.277453905978460E-090  0.577526902080569E+003  0.123343219898163E+002
  0.482544913377869E-090  0.576420063707848E+003  0.123198208808172E+002
  0.753177617208189E-090  0.575529609551361E+003  0.123081405006650E+002
  0.130002156392564E-089  0.574437939448289E+003  0.122938033595560E+002
  0.739348389110406E-089  0.570961503038145E+003  0.122480184091796E+002
  0.194034454333319E-088  0.569031799852306E+003  0.122225191992364E+002
  0.994709510710257E-088  0.565762969847211E+003  0.121791849655071E+002
  0.258834463765216E-086  0.559245153523585E+003  0.120922473283897E+002
  0.347462114513300E-086  0.558656219694075E+003  0.120843564763620E+002
  0.582027204177300E-086  0.557624496587808E+003  0.120705186143626E+002
  0.815304814358481E-086  0.556950406868899E+003  0.120614676172424E+002
  0.193459584903547E-084  0.550617053340041E+003  0.119760456165755E+002
  0.257666832581323E-084  0.550043855786593E+003  0.119682799333352E+002
  0.313940334650145E-083  0.545043614506637E+003  0.119002892692827E+002
  0.467174078184975E-082  0.539643446329003E+003  0.118263548196128E+002
  0.108769394100743E-081  0.537953220055036E+003  0.118031040291848E+002
  0.131704755667430E-081  0.537570554600394E+003  0.117978327430866E+002
  0.829023737432868E-081  0.533891182459210E+003  0.117470095093042E+002
  0.139704021078478E-080  0.532847457751269E+003  0.117325462849204E+002
  0.187906392878577E-080  0.532254621993080E+003  0.117243220059879E+002
  0.304235466234430E-080  0.531290905927161E+003  0.117109383650045E+002
  0.121308353811275E-079  0.528524668299131E+003  0.116724237389422E+002
  0.162313398465355E-079  0.527942281614690E+003  0.116642963963766E+002
  0.232186587888059E-078  0.522621086865202E+003  0.115897328590243E+002
  0.131780892048527E-077  0.519148718022962E+003  0.115407757126384E+002
  0.202975775003252E-077  0.518284826018416E+003  0.115285582902734E+002
  0.118528666383596E-076  0.514755519422891E+003  0.114784894220485E+002
  0.133571677261573E-076  0.514516552622184E+003  0.114750901547731E+002
  0.133319121119304E-075  0.509915167598056E+003  0.114094073283226E+002
  0.145896140627508E-073  0.500524528542381E+003  0.112739817667109E+002
  0.136836635204838E-072  0.496047572821316E+003  0.112087489173129E+002
  0.321701645646061E-071  0.489732729077010E+003  0.111159794531705E+002
  0.664580229801655E-071  0.488281666960484E+003  0.110945347856467E+002
  0.269480280983614E-070  0.485481817552862E+003  0.110530199983235E+002
  0.315493748163995E-070  0.485166530258142E+003  0.110483336933262E+002
  0.349420934862171E-070  0.484962253365400E+003  0.110452961666280E+002
