  0.157008390889743E+000  0.170314207451863E+003  0.274661252456454E+000
  0.157008390889743E+000  0.170208494155120E+003  0.286303365435325E+000
  0.157008390889743E+000  0.170101812227500E+003  0.298160936856034E+000
  0.157008390889743E+000  0.166672135756713E+003  0.768861626334873E+000
  0.157008390889743E+000  0.166681325596054E+003  0.767227448262262E+000
  0.157008390889743E+000  0.170015914810582E+003  0.307789852060731E+000
  0.157008390889743E+000  0.166701416137125E+003  0.763666520451821E+000
  0.157008390889743E+000  0.166718758697751E+003  0.760605392202088E+000
  0.157008390889743E+000  0.169585004360707E+003  0.357255579160408E+000
  0.157008390889743E+000  0.169453806798987E+003  0.372724975553524E+000
  0.157008390889743E+000  0.169449128255280E+003  0.373280338599136E+000
  0.157008390889743E+000  0.166734457567030E+003  0.757844449157376E+000
  0.157008390889743E+000  0.166744745293573E+003  0.756040292633170E+000
  0.157008390889743E+000  0.169314203148802E+003  0.389409765738015E+000
  0.157008390889743E+000  0.166753326409791E+003  0.754538510482670E+000
  0.157008390889743E+000  0.169055300815357E+003  0.420998650317933E+000
  0.157008390889743E+000  0.168916068477407E+003  0.438353897502091E+000
  0.157008390889743E+000  0.168910437502033E+003  0.439061443228803E+000
  0.157008390889743E+000  0.168887697288786E+003  0.441923356476406E+000
  0.157008390889743E+000  0.166755462041905E+003  0.754165187545664E+000
  0.157008390889743E+000  0.168865745432797E+003  0.444693011573377E+000
  0.157008390889743E+000  0.168863115264055E+003  0.445025319735032E+000
  0.157008390889743E+000  0.168799037493747E+003  0.453152002146676E+000
  0.157008390889743E+000  0.168790467980305E+003  0.454243356133765E+000
  0.157008390889743E+000  0.168771747752722E+003  0.456631185447841E+000
  0.157008390889743E+000  0.166773360146792E+003  0.751043239679448E+000
  0.157008390889743E+000  0.168727605986141E+003  0.462282159899468E+000
  0.157008390889743E+000  0.168626910792176E+003  0.475283080643122E+000
  0.157008390889743E+000  0.166832196077047E+003  0.740864265564347E+000
  0.157008390889743E+000  0.166840995555342E+003  0.739352739399941E+000
  0.157008390889743E+000  0.166871892282974E+003  0.734067344096015E+000
  0.157008390889743E+000  0.168427672976689E+003  0.501476890479240E+000
  0.157008390889743E+000  0.165287537012573E+003  0.107413834409612E+001
  0.157008390889743E+000  0.168286661784469E+003  0.520413949091822E+000
  0.157008390889743E+000  0.166920371237952E+003  0.725841614823123E+000
  0.157008390889743E+000  0.168101581014624E+003  0.545805150258716E+000
  0.157008390889743E+000  0.166932153888036E+003  0.723854584468138E+000
  0.157008390889743E+000  0.168052621029230E+003  0.552628869554875E+000
  0.157008390889743E+000  0.168040979147933E+003  0.554258242943770E+000
  0.157008390889743E+000  0.168034172050522E+003  0.555212172706267E+000
  0.157008390889743E+000  0.168030457644944E+003  0.555733081950050E+000
  0.157008390889743E+000  0.168030114649502E+003  0.555781197334678E+000
  0.157008390889743E+000  0.168028851223623E+003  0.555958450523571E+000
  0.157008390889743E+000  0.168002328469746E+003  0.559686719847419E+000
  0.157008390889743E+000  0.167949932669762E+003  0.567093022984942E+000
  0.157008390889743E+000  0.167043139752518E+003  0.705364241003752E+000
  0.157008390889743E+000  0.167774144279868E+003  0.592354757651491E+000
  0.157008390889743E+000  0.167681946728159E+003  0.605871046452227E+000
  0.157008390889743E+000  0.167674264032109E+003  0.607005981814164E+000
  0.157008390889743E+000  0.167648938680631E+003  0.610756795958094E+000
  0.157008390889743E+000  0.167630419580746E+003  0.613508965844368E+000
  0.157008390889743E+000  0.167616882571910E+003  0.615525801774147E+000
  0.157008390889743E+000  0.167407626223227E+003  0.647268199369243E+000
  0.157008390889743E+000  0.167404441483868E+003  0.647759818444835E+000
  0.157008390889743E+000  0.167394554474147E+003  0.649287736303479E+000
  0.157008390889743E+000  0.167390328345531E+003  0.649941614944515E+000
  0.157008390889743E+000  0.167382625529720E+003  0.651134625011596E+000
  0.157008390889743E+000  0.167059259851954E+003  0.702711738983980E+000
  0.157008390889743E+000  0.167370478346083E+003  0.653019161849415E+000
  0.157008390889743E+000  0.167084823728265E+003  0.698522020316598E+000
  0.157008390889743E+000  0.167343725421273E+003  0.657183514171342E+000
  0.157008390889743E+000  0.167088400177310E+003  0.697937489735917E+000
  0.157008390889743E+000  0.167301963713803E+003  0.663722751398381E+000
  0.157008390889743E+000  0.167276522076730E+003  0.667729976838765E+000
  0.157008390889743E+000  0.167261358090364E+003  0.670126975715753E+000
  0.157008390889743E+000  0.167230871393944E+003  0.674965681877676E+000
  0.157008390889743E+000  0.167216248418038E+003  0.677295971587555E+000
  0.157008390889743E+000  0.167174179850178E+003  0.684034460341979E+000
  0.157008390889743E+000  0.166668808494932E+003  0.769454126464706E+000
  0.157008390889743E+000  0.166657784190555E+003  0.771420448953814E+000
  0.157008390889743E+000  0.166636912343891E+003  0.775156675038407E+000
  0.157008390889743E+000  0.166615926646098E+003  0.778931271546741E+000
  0.157008390889743E+000  0.166569766483836E+003  0.787298656446181E+000
  0.157008390889743E+000  0.166551379974978E+003  0.790656854709018E+000
  0.157008390889743E+000  0.166550427456982E+003  0.790831225886221E+000
  0.157008390889743E+000  0.166544736691609E+003  0.791873820089611E+000
  0.157008390889743E+000  0.166530212524536E+003  0.794541191788573E+000
  0.157008390889743E+000  0.166501856379271E+003  0.799775742627635E+000
  0.157008390889743E+000  0.166499674077400E+003  0.800180088098969E+000
  0.157008390889743E+000  0.166487841086780E+003  0.802376302449153E+000
  0.157008390889743E+000  0.166465418548122E+003  0.806555477036594E+000
  0.157008390889743E+000  0.166451833495603E+003  0.809098793016373E+000
  0.157008390889743E+000  0.166433574377468E+003  0.812530770548624E+000
  0.157008390889743E+000  0.166430939415446E+003  0.813027336905013E+000
  0.157008390889743E+000  0.166383388657494E+003  0.822045742482900E+000
  0.157008390889743E+000  0.166371448994589E+003  0.824327536716754E+000
  0.157008390889743E+000  0.166354716141361E+003  0.827537301142675E+000
  0.157008390889743E+000  0.166323718544741E+003  0.833520792266946E+000
  0.157008390889743E+000  0.166318164407295E+003  0.834598117054513E+000
  0.157008390889743E+000  0.166314686891383E+003  0.835273457643991E+000
  0.157008390889743E+000  0.166299700868340E+003  0.838190989807151E+000
  0.157008390889743E+000  0.166293874018190E+003  0.839328565266118E+000
  0.157008390889743E+000  0.166293236601440E+003  0.839453116877670E+000
  0.157008390889743E+000  0.166258662137850E+003  0.846241493241063E+000
  0.157008390889743E+000  0.166208380338958E+003  0.856230503651156E+000
  0.157008390889743E+000  0.166204413519793E+003  0.857024584273861E+000
  0.157008390889743E+000  0.166201192448780E+003  0.857670039862231E+000
  0.157008390889743E+000  0.166199887903787E+003  0.857931620165523E+000
  0.157008390889743E+000  0.166175347897210E+003  0.862870506197227E+000
  0.157008390889743E+000  0.166171514112775E+003  0.863645246185145E+000
  0.157008390889743E+000  0.166154977972802E+003  0.866996814452002E+000
  0.157008390889743E+000  0.166152274073599E+003  0.867546384972187E+000
  0.157008390889743E+000  0.166099767324788E+003  0.878306114901572E+000
  0.157008390889743E+000  0.166085184693587E+003  0.881324612443344E+000
  0.157008390889743E+000  0.166085048179021E+003  0.881352933271629E+000
  0.157008390889743E+000  0.166079776521871E+003  0.882447476429083E+000
  0.157008390889743E+000  0.166072083445069E+003  0.884047948568840E+000
  0.157008390889743E+000  0.166063670121988E+003  0.885802602796343E+000
  0.157008390889743E+000  0.165287649533171E+003  0.107410576239677E+001
  0.157008390889743E+000  0.165299602757788E+003  0.107065688664276E+001
  0.157008390889743E+000  0.165978013961452E+003  0.903933311237985E+000
  0.157008390889743E+000  0.165966299148655E+003  0.906451992616640E+000
  0.157008390889743E+000  0.165953039023810E+003  0.909314656612836E+000
  0.157008390889743E+000  0.165945910383099E+003  0.910858832024657E+000
  0.157008390889743E+000  0.165935494112176E+003  0.913121775250944E+000
  0.157008390889743E+000  0.165924326246447E+003  0.915556813203135E+000
  0.157008390889743E+000  0.165915307705369E+003  0.917529935908243E+000
  0.157008390889743E+000  0.165913954812699E+003  0.917826450656332E+000
  0.157008390889743E+000  0.165901000642530E+003  0.920672577446920E+000
  0.157008390889743E+000  0.165888761303232E+003  0.923373318185359E+000
  0.157008390889743E+000  0.165882796362368E+003  0.924693699135784E+000
  0.157008390889743E+000  0.165873174680648E+003  0.926829316539922E+000
  0.157008390889743E+000  0.165855729232568E+003  0.930719935827289E+000
  0.157008390889743E+000  0.165845411121484E+003  0.933032382962892E+000
  0.157008390889743E+000  0.165844799689152E+003  0.933169681554031E+000
  0.157008390889743E+000  0.165840283167701E+003  0.934184808466502E+000
  0.157008390889743E+000  0.165838161493246E+003  0.934662240747356E+000
  0.157008390889743E+000  0.165832024941657E+003  0.936045177754026E+000
  0.157008390889743E+000  0.165828050168446E+003  0.936942569860727E+000
  0.157008390889743E+000  0.165816342340131E+003  0.939593396296277E+000
  0.157008390889743E+000  0.165798455859920E+003  0.943665131103073E+000
  0.157008390889743E+000  0.165790961599935E+003  0.945379150776563E+000
  0.157008390889743E+000  0.165756450520995E+003  0.953334581425091E+000
  0.157008390889743E+000  0.165741601521840E+003  0.956789762842783E+000
  0.157008390889743E+000  0.165740195904405E+003  0.957117856785964E+000
  0.157008390889743E+000  0.165732526639581E+003  0.958911135535022E+000
  0.157008390889743E+000  0.165724277882139E+003  0.960845893808759E+000
  0.157008390889743E+000  0.165710848174018E+003  0.964009260947841E+000
  0.157008390889743E+000  0.165681899169834E+003  0.970885846665645E+000
  0.157008390889743E+000  0.165679198752870E+003  0.971531396353905E+000
  0.157008390889743E+000  0.165678248714540E+003  0.971758676408870E+000
  0.157008390889743E+000  0.165677361842052E+003  0.971970924255091E+000
  0.157008390889743E+000  0.165676330868180E+003  0.972217754825128E+000
  0.157008390889743E+000  0.165671615254012E+003  0.973348064498121E+000
  0.157008390889743E+000  0.165671205611209E+003  0.973446356487143E+000
  0.157008390889743E+000  0.165665405815919E+003  0.974839759829258E+000
  0.157008390889743E+000  0.165662776893426E+003  0.975472451346285E+000
  0.157008390889743E+000  0.165657508342818E+003  0.976742472451367E+000
  0.157008390889743E+000  0.165645447290359E+003  0.979660315699356E+000
  0.157008390889743E+000  0.165622999872339E+003  0.985130203663861E+000
  0.157008390889743E+000  0.165612019663363E+003  0.987824816541026E+000
  0.157008390889743E+000  0.165597167519090E+003  0.991489904257087E+000
  0.157008390889743E+000  0.165579826454130E+003  0.995799248495876E+000
  0.157008390889743E+000  0.165574054969320E+003  0.997240795340580E+000
  0.157008390889743E+000  0.165536591063733E+003  0.100668927903540E+001
  0.157008390889743E+000  0.165536080218526E+003  0.100681922819123E+001
  0.157008390889743E+000  0.165535360967269E+003  0.100700224347182E+001
  0.157008390889743E+000  0.165533392287015E+003  0.100750348845766E+001
  0.157008390889743E+000  0.165509928069684E+003  0.101351301906739E+001
  0.157008390889743E+000  0.165314712255099E+003  0.106633171958864E+001
  0.157008390889743E+000  0.165495802062693E+003  0.101716290570951E+001
  0.157008390889743E+000  0.165494183704818E+003  0.101758262253530E+001
  0.157008390889743E+000  0.165478740099139E+003  0.102160430227483E+001
  0.157008390889743E+000  0.165477374605434E+003  0.102196133457923E+001
  0.157008390889743E+000  0.165469128388652E+003  0.102412249702596E+001
  0.157008390889743E+000  0.165468538722419E+003  0.102427736955977E+001
  0.157008390889743E+000  0.165461620002440E+003  0.102609788086731E+001
  0.157008390889743E+000  0.165447408858266E+003  0.102985679818416E+001
  0.157008390889743E+000  0.165447279210644E+003  0.102989121302267E+001
  0.157008390889743E+000  0.165445595604178E+003  0.103033832735869E+001
  0.157008390889743E+000  0.165429044589625E+003  0.103475398459743E+001
  0.157008390889743E+000  0.165429027017667E+003  0.103475869231359E+001
  0.157008390889743E+000  0.165397597084778E+003  0.104324758495367E+001
  0.157008390889743E+000  0.165389774377292E+003  0.104538212666878E+001
  0.157008390889743E+000  0.165382036091115E+003  0.104750235872080E+001
  0.157008390889743E+000  0.165373694562372E+003  0.104979771895289E+001
  0.157008390889743E+000  0.165365893574390E+003  0.105195369867586E+001
  0.157008390889743E+000  0.165362887361551E+003  0.105278697403179E+001
  0.157008390889743E+000  0.165343240846022E+003  0.105826667304536E+001
  0.157008390889743E+000  0.165342029665429E+003  0.105860644392919E+001
  0.157008390889743E+000  0.165323069126359E+003  0.106395568169139E+001
  0.157008390889743E+000  0.165318024000140E+003  0.106538875737690E+001
  0.157008390889743E+000  0.165316928719111E+003  0.106570042114352E+001
  0.157008390889743E+000  0.165267666729112E+003  0.107992660939171E+001
  0.157008390889743E+000  0.165226361739906E+003  0.203026848120343E+001
  0.157008390889743E+000  0.165223690564747E+003  0.109299132924488E+001
  0.157008390889743E+000  0.165218003297824E+003  0.109470765615553E+001
  0.157008390889743E+000  0.165217020981440E+003  0.109500474356243E+001
  0.157008390889743E+000  0.165214948776203E+003  0.109563207384673E+001
  0.157008390889743E+000  0.165213544423784E+003  0.202639815749909E+001
  0.157008390889743E+000  0.165206675014251E+003  0.109814530658243E+001
  0.157008390889743E+000  0.165205633642841E+003  0.109846259998890E+001
  0.157008390889743E+000  0.165204245980907E+003  0.109888574237727E+001
  0.157008390889743E+000  0.165202258318175E+003  0.202296334010040E+001
  0.157008390889743E+000  0.165192673359098E+003  0.202002605761859E+001
  0.157008390889743E+000  0.165190426227141E+003  0.110312115435268E+001
  0.157008390889743E+000  0.165182864110935E+003  0.110545541624234E+001
  0.157008390889743E+000  0.165177137305438E+003  0.201522471642623E+001
  0.157008390889743E+000  0.165175790150578E+003  0.201480599022296E+001
  0.157008390889743E+000  0.165174117363412E+003  0.110817034825681E+001
  0.157008390889743E+000  0.165171357937431E+003  0.201342562180215E+001
  0.157008390889743E+000  0.165160936142156E+003  0.111229272475495E+001
  0.157008390889743E+000  0.165160839459334E+003  0.111232310179253E+001
  0.157008390889743E+000  0.165159301276876E+003  0.200964919546714E+001
  0.157008390889743E+000  0.165155964828388E+003  0.111385734895342E+001
  0.157008390889743E+000  0.165153296968169E+003  0.200775659325596E+001
  0.157008390889743E+000  0.165153173903222E+003  0.111473814139085E+001
  0.157008390889743E+000  0.165144870359273E+003  0.111736900553151E+001
  0.157008390889743E+000  0.165142210266634E+003  0.111821512369411E+001
  0.157008390889743E+000  0.165141825340613E+003  0.200411816552504E+001
  0.157008390889743E+000  0.165137377550644E+003  0.200269940398069E+001
  0.157008390889743E+000  0.165135239979745E+003  0.112043992548773E+001
  0.157008390889743E+000  0.165135231191703E+003  0.112044273757518E+001
  0.157008390889743E+000  0.165131769315470E+003  0.200090395664385E+001
  0.157008390889743E+000  0.165131652508673E+003  0.112158937616678E+001
  0.157008390889743E+000  0.165129534444878E+003  0.112226943167561E+001
  0.157008390889743E+000  0.165129385686969E+003  0.112231723359365E+001
  0.157008390889743E+000  0.165127772010825E+003  0.199961975198600E+001
  0.157008390889743E+000  0.165123493680199E+003  0.112421477802787E+001
  0.157008390889743E+000  0.165123402741329E+003  0.112424412982538E+001
  0.157008390889743E+000  0.165120621057548E+003  0.112514291178944E+001
  0.157008390889743E+000  0.165117702199603E+003  0.112608801171714E+001
  0.157008390889743E+000  0.165114732403808E+003  0.199540414348791E+001
  0.157008390889743E+000  0.165113799680509E+003  0.112735482853857E+001
  0.157008390889743E+000  0.165112200222458E+003  0.199458075298412E+001
  0.157008390889743E+000  0.165105742143122E+003  0.112998220093157E+001
  0.157008390889743E+000  0.165103962421687E+003  0.113056468720793E+001
  0.157008390889743E+000  0.165101931229204E+003  0.113123044178492E+001
  0.157008390889743E+000  0.165099636711491E+003  0.199047211246402E+001
  0.157008390889743E+000  0.165099484184530E+003  0.113203386979710E+001
  0.157008390889743E+000  0.165094503761900E+003  0.113367373457164E+001
  0.157008390889743E+000  0.165092281211054E+003  0.198804829012309E+001
  0.157008390889743E+000  0.165084890447083E+003  0.113685695551413E+001
  0.157008390889743E+000  0.165084109678359E+003  0.198533932220954E+001
  0.157008390889743E+000  0.165082779961081E+003  0.198489686523543E+001
  0.157008390889743E+000  0.165082649935496E+003  0.198485357504898E+001
  0.157008390889743E+000  0.165078463819896E+003  0.198345749520713E+001
  0.157008390889743E+000  0.165072765627485E+003  0.198154968215397E+001
  0.157008390889743E+000  0.165071382218848E+003  0.114137066478511E+001
  0.157008390889743E+000  0.165070817546226E+003  0.114156040451326E+001
  0.157008390889743E+000  0.165070120888969E+003  0.198066124814853E+001
  0.157008390889743E+000  0.165067579981177E+003  0.197980591737938E+001
  0.157008390889743E+000  0.165063696867276E+003  0.114396047919431E+001
  0.157008390889743E+000  0.165063669610771E+003  0.114396969271331E+001
  0.157008390889743E+000  0.165061417316024E+003  0.197772411938968E+001
  0.157008390889743E+000  0.165060111621798E+003  0.197728170805664E+001
  0.157008390889743E+000  0.165054810879834E+003  0.197548079303789E+001
  0.157008390889743E+000  0.165053717332986E+003  0.114734757186063E+001
  0.157008390889743E+000  0.165048762282045E+003  0.197341618383765E+001
  0.157008390889743E+000  0.165044257697097E+003  0.197187185927359E+001
  0.157008390889743E+000  0.165040740524803E+003  0.115179385612450E+001
  0.157008390889743E+000  0.165040283405573E+003  0.197050449872783E+001
  0.157008390889743E+000  0.165038852359183E+003  0.197001102526717E+001
  0.157008390889743E+000  0.165037710559706E+003  0.196961686629810E+001
  0.157008390889743E+000  0.165034395739332E+003  0.115398545933499E+001
  0.157008390889743E+000  0.165033968801878E+003  0.115413335489329E+001
  0.157008390889743E+000  0.165033839136304E+003  0.115417828303030E+001
  0.157008390889743E+000  0.165033608160253E+003  0.196819753300704E+001
  0.157008390889743E+000  0.165033139724674E+003  0.196803515035703E+001
  0.157008390889743E+000  0.165029337686546E+003  0.196671477242632E+001
  0.157008390889743E+000  0.165025879128332E+003  0.196550993321278E+001
  0.157008390889743E+000  0.165025698343142E+003  0.196544685528847E+001
  0.157008390889743E+000  0.165025128273538E+003  0.115720797247406E+001
  0.157008390889743E+000  0.165025080057182E+003  0.115722480563552E+001
  0.157008390889743E+000  0.165021091109854E+003  0.115861985354068E+001
  0.157008390889743E+000  0.165020717349894E+003  0.115875081575362E+001
  0.157008390889743E+000  0.165019062745990E+003  0.196312477269110E+001
  0.157008390889743E+000  0.165018466484435E+003  0.115954040210207E+001
  0.157008390889743E+000  0.165017445084304E+003  0.196255664592811E+001
  0.157008390889743E+000  0.165013205039553E+003  0.196106370089561E+001
  0.157008390889743E+000  0.165012202680690E+003  0.196070994896101E+001
  0.157008390889743E+000  0.165010151628529E+003  0.195998511468905E+001
  0.157008390889743E+000  0.165010008575100E+003  0.195993451097623E+001
  0.157008390889743E+000  0.165007873006730E+003  0.116327754970044E+001
  0.157008390889743E+000  0.165005188004165E+003  0.195822551155429E+001
  0.157008390889743E+000  0.165004553818174E+003  0.195800013063295E+001
  0.157008390889743E+000  0.165001535127677E+003  0.195692557003339E+001
  0.157008390889743E+000  0.164998334524641E+003  0.195578305781017E+001
  0.157008390889743E+000  0.164997951653512E+003  0.116680969625601E+001
  0.157008390889743E+000  0.164997196412343E+003  0.116707986960981E+001
  0.157008390889743E+000  0.164994106103726E+003  0.116818730418200E+001
  0.157008390889743E+000  0.164990994945789E+003  0.195315048856719E+001
  0.157008390889743E+000  0.164989859137180E+003  0.116971434607303E+001
  0.157008390889743E+000  0.164989237844670E+003  0.116993823806046E+001
  0.157008390889743E+000  0.164983184232347E+003  0.195032936964337E+001
  0.157008390889743E+000  0.164982098457707E+003  0.194993558230672E+001
  0.157008390889743E+000  0.164980140642711E+003  0.117323134531782E+001
  0.157008390889743E+000  0.164979663613520E+003  0.194905106249463E+001
  0.157008390889743E+000  0.164977205985927E+003  0.194815621554409E+001
  0.157008390889743E+000  0.164976565987898E+003  0.117453301379397E+001
  0.157008390889743E+000  0.164973885157719E+003  0.117551208901308E+001
  0.157008390889743E+000  0.164973060551747E+003  0.194664211339579E+001
  0.157008390889743E+000  0.164966217623235E+003  0.117832619528980E+001
  0.157008390889743E+000  0.164964631830067E+003  0.194354506834982E+001
  0.157008390889743E+000  0.164964430601831E+003  0.117898503730883E+001
  0.157008390889743E+000  0.164963158729337E+003  0.194300121381189E+001
  0.157008390889743E+000  0.164962037096595E+003  0.117986926200946E+001
  0.157008390889743E+000  0.164959998065321E+003  0.194183170477803E+001
  0.157008390889743E+000  0.164959841265480E+003  0.194177359211787E+001
  0.157008390889743E+000  0.164959342874322E+003  0.194158882100595E+001
  0.157008390889743E+000  0.164958890379586E+003  0.194142098753605E+001
  0.157008390889743E+000  0.164957667390774E+003  0.194096700123761E+001
  0.157008390889743E+000  0.164954768425889E+003  0.193988870078180E+001
  0.157008390889743E+000  0.164952159309509E+003  0.118354027947429E+001
  0.157008390889743E+000  0.164951446073716E+003  0.193864912851023E+001
  0.157008390889743E+000  0.164950500578557E+003  0.193829561865170E+001
  0.157008390889743E+000  0.164946429517086E+003  0.118568616566674E+001
  0.157008390889743E+000  0.164944736388734E+003  0.193613324324285E+001
  0.157008390889743E+000  0.164939872520401E+003  0.193429886423848E+001
  0.157008390889743E+000  0.164936950998763E+003  0.193319268093172E+001
  0.157008390889743E+000  0.164936913133076E+003  0.193317832215272E+001
  0.157008390889743E+000  0.164933437874841E+003  0.119059773405859E+001
  0.157008390889743E+000  0.164933183639656E+003  0.193176136108694E+001
  0.157008390889743E+000  0.164930469194517E+003  0.193072663462171E+001
  0.157008390889743E+000  0.164928328503447E+003  0.119254728895200E+001
  0.157008390889743E+000  0.164927880093457E+003  0.119271887860390E+001
  0.157008390889743E+000  0.164927388728634E+003  0.119290699724809E+001
  0.157008390889743E+000  0.164925896718172E+003  0.192897705774182E+001
  0.157008390889743E+000  0.164925475347794E+003  0.192881540879389E+001
  0.157008390889743E+000  0.164924484206590E+003  0.119402095980210E+001
  0.157008390889743E+000  0.164924305712993E+003  0.119408952714934E+001
  0.157008390889743E+000  0.164922411327697E+003  0.192763782404614E+001
  0.157008390889743E+000  0.164920545389385E+003  0.119553702343787E+001
  0.157008390889743E+000  0.164911086629570E+003  0.119920365973479E+001
  0.157008390889743E+000  0.164910873651486E+003  0.119928664712000E+001
  0.157008390889743E+000  0.164910014226324E+003  0.192283414223341E+001
  0.157008390889743E+000  0.164909785977978E+003  0.119971075859491E+001
  0.157008390889743E+000  0.164907489814784E+003  0.192184813101228E+001
  0.157008390889743E+000  0.164907085594727E+003  0.120076586379922E+001
  0.157008390889743E+000  0.164906266607632E+003  0.192136938694619E+001
  0.157008390889743E+000  0.164905254598960E+003  0.192097282104916E+001
  0.157008390889743E+000  0.164903565157920E+003  0.120214603922659E+001
  0.157008390889743E+000  0.164902203408324E+003  0.120268133356865E+001
  0.157008390889743E+000  0.164902088391513E+003  0.120272658248634E+001
  0.157008390889743E+000  0.164897515672650E+003  0.191792566735024E+001
  0.157008390889743E+000  0.164895534719020E+003  0.191714148569711E+001
  0.157008390889743E+000  0.164891826334977E+003  0.120678704146368E+001
  0.157008390889743E+000  0.164888640643714E+003  0.191439881836955E+001
  0.157008390889743E+000  0.164888467056874E+003  0.191432948543173E+001
  0.157008390889743E+000  0.164887858198082E+003  0.120836966849114E+001
  0.157008390889743E+000  0.164877272539639E+003  0.190982912540951E+001
  0.157008390889743E+000  0.164876717819867E+003  0.190960460815495E+001
  0.157008390889743E+000  0.164872054156840E+003  0.190771128433649E+001
  0.157008390889743E+000  0.164871468811697E+003  0.121498294133735E+001
  0.157008390889743E+000  0.164866829831275E+003  0.121687787561133E+001
  0.157008390889743E+000  0.164862626798011E+003  0.190385207685370E+001
  0.157008390889743E+000  0.164860463247388E+003  0.190296025162762E+001
  0.157008390889743E+000  0.164859598817791E+003  0.121985258128029E+001
  0.157008390889743E+000  0.164858760538027E+003  0.122019911251096E+001
  0.157008390889743E+000  0.164858177524004E+003  0.122044032879006E+001
  0.157008390889743E+000  0.164854860478873E+003  0.122181598562754E+001
  0.157008390889743E+000  0.164853899804418E+003  0.190024041733326E+001
  0.157008390889743E+000  0.164852833828665E+003  0.189979662370909E+001
  0.157008390889743E+000  0.164851426198107E+003  0.122324616234837E+001
  0.157008390889743E+000  0.164847188997920E+003  0.122501909138934E+001
  0.157008390889743E+000  0.164846856237898E+003  0.189729713885095E+001
  0.157008390889743E+000  0.164844639558454E+003  0.189636551280991E+001
  0.157008390889743E+000  0.164843723874401E+003  0.189597991238317E+001
  0.157008390889743E+000  0.164838404808408E+003  0.122872468332755E+001
  0.157008390889743E+000  0.164834566322786E+003  0.189209888988356E+001
  0.157008390889743E+000  0.164833268139493E+003  0.189154502212340E+001
  0.157008390889743E+000  0.164826077634727E+003  0.188846022884106E+001
  0.157008390889743E+000  0.164825871512089E+003  0.188837137144769E+001
  0.157008390889743E+000  0.164825180396938E+003  0.188807326237835E+001
  0.157008390889743E+000  0.164823086874216E+003  0.188716856791035E+001
  0.157008390889743E+000  0.164822308107638E+003  0.188683139043292E+001
  0.157008390889743E+000  0.164819834842550E+003  0.123669762572292E+001
  0.157008390889743E+000  0.164819616582920E+003  0.188566336015736E+001
  0.157008390889743E+000  0.164816485902616E+003  0.123815642107322E+001
  0.157008390889743E+000  0.164815371168018E+003  0.123864346190522E+001
  0.157008390889743E+000  0.164812970685812E+003  0.188276109373462E+001
  0.157008390889743E+000  0.164812015660756E+003  0.124011398148147E+001
  0.157008390889743E+000  0.164809663475789E+003  0.188130702750359E+001
  0.157008390889743E+000  0.164808238978066E+003  0.124177717414596E+001
  0.157008390889743E+000  0.164807669359190E+003  0.188042708217951E+001
  0.157008390889743E+000  0.164806594447393E+003  0.187995174732890E+001
  0.157008390889743E+000  0.164805526138123E+003  0.187947862874484E+001
  0.157008390889743E+000  0.164798618071323E+003  0.124605372780295E+001
  0.157008390889743E+000  0.164797308826232E+003  0.124664018944234E+001
  0.157008390889743E+000  0.164794573487107E+003  0.124786899588779E+001
  0.157008390889743E+000  0.164792166427948E+003  0.187350153213916E+001
  0.157008390889743E+000  0.164790598142811E+003  0.187279236558908E+001
  0.157008390889743E+000  0.164789507464120E+003  0.125015764391051E+001
  0.157008390889743E+000  0.164787592206957E+003  0.187142857260999E+001
  0.157008390889743E+000  0.164787490849473E+003  0.125107337756110E+001
  0.157008390889743E+000  0.164784007230348E+003  0.125266167198303E+001
  0.157008390889743E+000  0.164780049624150E+003  0.186797980913041E+001
  0.157008390889743E+000  0.164779847199363E+003  0.125456914158605E+001
  0.157008390889743E+000  0.164778409519507E+003  0.186722474431733E+001
  0.157008390889743E+000  0.164773776246797E+003  0.186508155968452E+001
  0.157008390889743E+000  0.164772806288228E+003  0.186463097548912E+001
  0.157008390889743E+000  0.164772143710691E+003  0.125813306287412E+001
  0.157008390889743E+000  0.164771622946580E+003  0.125837550119270E+001
  0.157008390889743E+000  0.164767031447635E+003  0.186193435753047E+001
  0.157008390889743E+000  0.164766690204278E+003  0.186177425352470E+001
  0.157008390889743E+000  0.164765408315792E+003  0.126128380411025E+001
  0.157008390889743E+000  0.164765248255602E+003  0.126135908115145E+001
  0.157008390889743E+000  0.164763556712270E+003  0.186030007983856E+001
  0.157008390889743E+000  0.164759015664367E+003  0.185815072273764E+001
  0.157008390889743E+000  0.164758771274862E+003  0.185803460755383E+001
  0.157008390889743E+000  0.164758457780263E+003  0.126457026739502E+001
  0.157008390889743E+000  0.164758399545226E+003  0.126459795683206E+001
  0.157008390889743E+000  0.164757490785593E+003  0.185742547301309E+001
  0.157008390889743E+000  0.164756312863049E+003  0.185686402162664E+001
  0.157008390889743E+000  0.164754889681527E+003  0.126627161677425E+001
  0.157008390889743E+000  0.164754642348041E+003  0.126638991477212E+001
  0.157008390889743E+000  0.164754379870561E+003  0.126651550797900E+001
  0.157008390889743E+000  0.164753714085547E+003  0.185562153909235E+001
  0.157008390889743E+000  0.164751010254684E+003  0.185432323953320E+001
  0.157008390889743E+000  0.164748276409502E+003  0.185300465453980E+001
  0.157008390889743E+000  0.164744286453266E+003  0.185106945758027E+001
  0.157008390889743E+000  0.164741499674278E+003  0.127274573747604E+001
  0.157008390889743E+000  0.164740735775161E+003  0.184933638754638E+001
  0.157008390889743E+000  0.164737868598527E+003  0.184792928631782E+001
  0.157008390889743E+000  0.164737105623987E+003  0.127490217722653E+001
  0.157008390889743E+000  0.164736034088019E+003  0.184702534401034E+001
  0.157008390889743E+000  0.164733638079507E+003  0.184584040395885E+001
  0.157008390889743E+000  0.164733123396081E+003  0.127687063547660E+001
  0.157008390889743E+000  0.164729078395800E+003  0.184357168733804E+001
  0.157008390889743E+000  0.164727795045579E+003  0.127952601125814E+001
  0.157008390889743E+000  0.164727673511220E+003  0.127958686975987E+001
  0.157008390889743E+000  0.164725581686183E+003  0.128063642288600E+001
  0.157008390889743E+000  0.164724807764044E+003  0.184143013258245E+001
  0.157008390889743E+000  0.164724399670649E+003  0.128123122745071E+001
  0.157008390889743E+000  0.164723944867229E+003  0.184099543282165E+001
  0.157008390889743E+000  0.164722238894763E+003  0.128232183502401E+001
  0.157008390889743E+000  0.164720257383963E+003  0.183913013548102E+001
  0.157008390889743E+000  0.164717540036445E+003  0.128470833511505E+001
  0.157008390889743E+000  0.164716243895262E+003  0.128537026438589E+001
  0.157008390889743E+000  0.164713666973773E+003  0.128669101891715E+001
  0.157008390889743E+000  0.164713389733055E+003  0.183562236736905E+001
  0.157008390889743E+000  0.164711523387752E+003  0.183466132402802E+001
  0.157008390889743E+000  0.164707989979545E+003  0.128962331840134E+001
  0.157008390889743E+000  0.164706305869313E+003  0.129049930883802E+001
  0.157008390889743E+000  0.164702013623701E+003  0.129274484639222E+001
  0.157008390889743E+000  0.164701908204658E+003  0.182965562584788E+001
  0.157008390889743E+000  0.164701600748859E+003  0.182949402218968E+001
  0.157008390889743E+000  0.164694252427325E+003  0.182560223470144E+001
  0.157008390889743E+000  0.164692030908017E+003  0.129804150542603E+001
  0.157008390889743E+000  0.164691307358871E+003  0.182402630235914E+001
  0.157008390889743E+000  0.164689778688832E+003  0.129925129978716E+001
  0.157008390889743E+000  0.164689196486021E+003  0.129956494370474E+001
  0.157008390889743E+000  0.164689149926487E+003  0.129959004246274E+001
  0.157008390889743E+000  0.164686578559415E+003  0.182147591715292E+001
  0.157008390889743E+000  0.164684854909023E+003  0.182054006241776E+001
  0.157008390889743E+000  0.164684651000445E+003  0.130202673287817E+001
  0.157008390889743E+000  0.164683454367640E+003  0.130267871474820E+001
  0.157008390889743E+000  0.164680201928257E+003  0.181799669830987E+001
  0.157008390889743E+000  0.164679826333460E+003  0.130466556494963E+001
  0.157008390889743E+000  0.164679692156854E+003  0.181771651945673E+001
  0.157008390889743E+000  0.164678930941924E+003  0.181729757239142E+001
  0.157008390889743E+000  0.164678357904644E+003  0.130547412056811E+001
  0.157008390889743E+000  0.164674957254925E+003  0.181509936468401E+001
  0.157008390889743E+000  0.164674264805280E+003  0.130774150230484E+001
  0.157008390889743E+000  0.164674156617308E+003  0.130780170846347E+001
  0.157008390889743E+000  0.164673874141879E+003  0.181449688743326E+001
  0.157008390889743E+000  0.164673671121090E+003  0.181438379837414E+001
  0.157008390889743E+000  0.164672506398829E+003  0.181373403212186E+001
  0.157008390889743E+000  0.164670345608969E+003  0.181252413777735E+001
  0.157008390889743E+000  0.164669874307329E+003  0.181225946647592E+001
  0.157008390889743E+000  0.164668992723323E+003  0.181176364012728E+001
  0.157008390889743E+000  0.164667134871187E+003  0.131174035164928E+001
  0.157008390889743E+000  0.164661987175694E+003  0.180778809213137E+001
  0.157008390889743E+000  0.164661946308750E+003  0.131469114712470E+001
  0.157008390889743E+000  0.164661379800771E+003  0.180744039160158E+001
  0.157008390889743E+000  0.164660338203390E+003  0.131561289144647E+001
  0.157008390889743E+000  0.164660241656795E+003  0.180678751902054E+001
  0.157008390889743E+000  0.164660059762305E+003  0.131577284167727E+001
  0.157008390889743E+000  0.164658601737344E+003  0.131661211052866E+001
  0.157008390889743E+000  0.164657840174208E+003  0.131705162864922E+001
  0.157008390889743E+000  0.164656643551899E+003  0.131774383355833E+001
  0.157008390889743E+000  0.164653778067566E+003  0.131940947120616E+001
  0.157008390889743E+000  0.164653733899781E+003  0.131943523467744E+001
  0.157008390889743E+000  0.164653286300788E+003  0.180275938148481E+001
  0.157008390889743E+000  0.164653235006640E+003  0.180272942532540E+001
  0.157008390889743E+000  0.164653040551181E+003  0.180261582814765E+001
  0.157008390889743E+000  0.164652427022711E+003  0.180225706555476E+001
  0.157008390889743E+000  0.164651060905037E+003  0.132099956028631E+001
  0.157008390889743E+000  0.164650287769124E+003  0.180100193170026E+001
  0.157008390889743E+000  0.164649009741228E+003  0.180024894764980E+001
  0.157008390889743E+000  0.164647763146185E+003  0.132294366904683E+001
  0.157008390889743E+000  0.164647570900571E+003  0.179939836776073E+001
  0.157008390889743E+000  0.164646625162865E+003  0.179883763043736E+001
  0.157008390889743E+000  0.164646262748616E+003  0.179862240038588E+001
  0.157008390889743E+000  0.164645178854846E+003  0.132447832833076E+001
  0.157008390889743E+000  0.164643261152932E+003  0.179683225946109E+001
  0.157008390889743E+000  0.164643222035065E+003  0.132564701986156E+001
  0.157008390889743E+000  0.164643103140955E+003  0.132571821509977E+001
  0.157008390889743E+000  0.164642911542744E+003  0.132583299174750E+001
  0.157008390889743E+000  0.164642800177917E+003  0.132589973042078E+001
  0.157008390889743E+000  0.164642733186419E+003  0.132593988618018E+001
  0.157008390889743E+000  0.164642075502809E+003  0.179612138315790E+001
  0.157008390889743E+000  0.164641197756354E+003  0.179559372663647E+001
  0.157008390889743E+000  0.164635955748057E+003  0.179241742672249E+001
  0.157008390889743E+000  0.164635478947287E+003  0.179212635004846E+001
  0.157008390889743E+000  0.164634725327090E+003  0.133079032856846E+001
  0.157008390889743E+000  0.164632597656921E+003  0.133209634448653E+001
  0.157008390889743E+000  0.164632384215496E+003  0.133222777112335E+001
  0.157008390889743E+000  0.164632088740364E+003  0.133240983462820E+001
  0.157008390889743E+000  0.164631643248300E+003  0.178977125122067E+001
  0.157008390889743E+000  0.164630386716543E+003  0.133346140762680E+001
  0.157008390889743E+000  0.164629606399884E+003  0.178851071717228E+001
  0.157008390889743E+000  0.164629244824113E+003  0.133416964055275E+001
  0.157008390889743E+000  0.164626654822835E+003  0.133578427642989E+001
  0.157008390889743E+000  0.164625696838113E+003  0.133638443235295E+001
  0.157008390889743E+000  0.164625675347751E+003  0.133639791395455E+001
  0.157008390889743E+000  0.164623984704512E+003  0.178499480502941E+001
  0.157008390889743E+000  0.164623333177668E+003  0.133787211043683E+001
  0.157008390889743E+000  0.164619732727460E+003  0.178229840242890E+001
  0.157008390889743E+000  0.164619635177450E+003  0.178223615480187E+001
  0.157008390889743E+000  0.164619531548871E+003  0.178217000916923E+001
  0.157008390889743E+000  0.164618188798564E+003  0.134114471941830E+001
  0.157008390889743E+000  0.164616055950783E+003  0.177993996494365E+001
  0.157008390889743E+000  0.164615424089626E+003  0.177953209736266E+001
  0.157008390889743E+000  0.164613499077725E+003  0.177828477429818E+001
  0.157008390889743E+000  0.164613494339341E+003  0.134417416458197E+001
  0.157008390889743E+000  0.164612987571759E+003  0.177795213374238E+001
  0.157008390889743E+000  0.164612702743336E+003  0.134468917602733E+001
  0.157008390889743E+000  0.164612113930199E+003  0.134507305299581E+001
  0.157008390889743E+000  0.164607375699482E+003  0.177426853774232E+001
  0.157008390889743E+000  0.164607130158729E+003  0.177410591096478E+001
  0.157008390889743E+000  0.164605997523273E+003  0.177335412879860E+001
  0.157008390889743E+000  0.164605901220636E+003  0.134916577439205E+001
  0.157008390889743E+000  0.164605843639148E+003  0.177325178315514E+001
  0.157008390889743E+000  0.164605360330451E+003  0.134952583852025E+001
  0.157008390889743E+000  0.164605182079728E+003  0.134964463213267E+001
  0.157008390889743E+000  0.164604970258729E+003  0.177266997463477E+001
  0.157008390889743E+000  0.164604302237610E+003  0.135023197492728E+001
  0.157008390889743E+000  0.164601009357887E+003  0.177001104412018E+001
  0.157008390889743E+000  0.164600352886419E+003  0.135288877944357E+001
  0.157008390889743E+000  0.164599674230333E+003  0.176910711657816E+001
  0.157008390889743E+000  0.164598769350684E+003  0.135396361934566E+001
  0.157008390889743E+000  0.164598434315907E+003  0.135419174257059E+001
  0.157008390889743E+000  0.164597859767939E+003  0.135458353516753E+001
  0.157008390889743E+000  0.164597438690299E+003  0.135487114647534E+001
  0.157008390889743E+000  0.164597413927216E+003  0.176756778673104E+001
  0.157008390889743E+000  0.164597394420532E+003  0.135490140762396E+001
  0.157008390889743E+000  0.164597026879739E+003  0.135515281628584E+001
  0.157008390889743E+000  0.164595956712169E+003  0.176656926461328E+001
  0.157008390889743E+000  0.164595193879699E+003  0.135641124921584E+001
  0.157008390889743E+000  0.164594497021681E+003  0.135689170533652E+001
  0.157008390889743E+000  0.164593465210939E+003  0.176485067966336E+001
  0.157008390889743E+000  0.164590792629409E+003  0.135946494295160E+001
  0.157008390889743E+000  0.164590140457592E+003  0.176253448373821E+001
  0.157008390889743E+000  0.164585397099071E+003  0.175918310635145E+001
  0.157008390889743E+000  0.164584766831072E+003  0.136372234371295E+001
  0.157008390889743E+000  0.164583242152853E+003  0.175764165849182E+001
  0.157008390889743E+000  0.164581803393402E+003  0.175660573373581E+001
  0.157008390889743E+000  0.164581375314312E+003  0.175629644952791E+001
  0.157008390889743E+000  0.164576662365054E+003  0.175285837870826E+001
  0.157008390889743E+000  0.164574565958310E+003  0.175130907963984E+001
  0.157008390889743E+000  0.164573357557342E+003  0.137204558432422E+001
  0.157008390889743E+000  0.164573255393203E+003  0.175033409028527E+001
  0.157008390889743E+000  0.164572740755277E+003  0.174994985024024E+001
  0.157008390889743E+000  0.164572216902393E+003  0.174955792497943E+001
  0.157008390889743E+000  0.164571323914270E+003  0.174888794095205E+001
  0.157008390889743E+000  0.164570952560775E+003  0.137384724020156E+001
  0.157008390889743E+000  0.164570900371566E+003  0.137388652879536E+001
  0.157008390889743E+000  0.164570071095578E+003  0.174794393382054E+001
  0.157008390889743E+000  0.164569928184454E+003  0.174783594590264E+001
  0.157008390889743E+000  0.164567601505673E+003  0.174606896341333E+001
  0.157008390889743E+000  0.164566324451269E+003  0.174509189394418E+001
  0.157008390889743E+000  0.164565400286837E+003  0.174438156841420E+001
  0.157008390889743E+000  0.164562202178325E+003  0.138055395403038E+001
  0.157008390889743E+000  0.164562011804596E+003  0.138070263494391E+001
  0.157008390889743E+000  0.164562011601601E+003  0.174175306622492E+001
  0.157008390889743E+000  0.164559808126891E+003  0.138243269474073E+001
  0.157008390889743E+000  0.164559498243038E+003  0.173977853752850E+001
  0.157008390889743E+000  0.164558481804135E+003  0.173897378038338E+001
  0.157008390889743E+000  0.164558452425411E+003  0.173895046583441E+001
  0.157008390889743E+000  0.164558180119553E+003  0.173873422194250E+001
  0.157008390889743E+000  0.164558154951835E+003  0.173871422241961E+001
  0.157008390889743E+000  0.164557758765595E+003  0.173839909560608E+001
  0.157008390889743E+000  0.164557758120673E+003  0.138405727759465E+001
  0.157008390889743E+000  0.164557622832796E+003  0.138416501443498E+001
  0.157008390889743E+000  0.164556638068130E+003  0.173750464146352E+001
  0.157008390889743E+000  0.164555610498571E+003  0.173668050759238E+001
  0.157008390889743E+000  0.164555473463478E+003  0.173657030963938E+001
  0.157008390889743E+000  0.164554910884328E+003  0.138633868067549E+001
  0.157008390889743E+000  0.164554711869810E+003  0.138649925871136E+001
  0.157008390889743E+000  0.164553713707066E+003  0.138730687877662E+001
  0.157008390889743E+000  0.164552896150486E+003  0.138797117369485E+001
  0.157008390889743E+000  0.164551947092221E+003  0.173371033238624E+001
  0.157008390889743E+000  0.164549859682960E+003  0.173199482331545E+001
  0.157008390889743E+000  0.164548726137822E+003  0.139139988534738E+001
  0.157008390889743E+000  0.164548412844903E+003  0.173079557541735E+001
  0.157008390889743E+000  0.164548332437895E+003  0.173072867918456E+001
  0.157008390889743E+000  0.164547437198905E+003  0.139247378399197E+001
  0.157008390889743E+000  0.164547429090803E+003  0.139248056100843E+001
  0.157008390889743E+000  0.164546429371934E+003  0.139331825471234E+001
  0.157008390889743E+000  0.164546216915086E+003  0.172895904222530E+001
  0.157008390889743E+000  0.164545504981865E+003  0.139409656420995E+001
  0.157008390889743E+000  0.164545413412840E+003  0.139417386005335E+001
  0.157008390889743E+000  0.164544504218310E+003  0.139494328475559E+001
  0.157008390889743E+000  0.164543520401791E+003  0.172667596913126E+001
  0.157008390889743E+000  0.164543243316266E+003  0.172643957991881E+001
  0.157008390889743E+000  0.164541462724207E+003  0.139754349702638E+001
  0.157008390889743E+000  0.164541066995751E+003  0.172457100633598E+001
  0.157008390889743E+000  0.164541065401312E+003  0.172456962952597E+001
  0.157008390889743E+000  0.164540695424194E+003  0.172424983707320E+001
  0.157008390889743E+000  0.164539941820368E+003  0.172359650599821E+001
  0.157008390889743E+000  0.164539802748123E+003  0.172347565083358E+001
  0.157008390889743E+000  0.164538665338960E+003  0.139997202843845E+001
  0.157008390889743E+000  0.164537998651702E+003  0.172189963476406E+001
  0.157008390889743E+000  0.164537775657633E+003  0.140075210216406E+001
  0.157008390889743E+000  0.164535906703180E+003  0.172005257836886E+001
  0.157008390889743E+000  0.164534899929596E+003  0.171915596217021E+001
  0.157008390889743E+000  0.164533553062359E+003  0.140450741703472E+001
  0.157008390889743E+000  0.164532572069505E+003  0.171706305485363E+001
  0.157008390889743E+000  0.164530921337045E+003  0.140689412560444E+001
  0.157008390889743E+000  0.164530793719132E+003  0.171544505862167E+001
  0.157008390889743E+000  0.164530083956402E+003  0.171479453571500E+001
  0.157008390889743E+000  0.164529780253410E+003  0.171451533769758E+001
  0.157008390889743E+000  0.164529657869482E+003  0.171440268474111E+001
  0.157008390889743E+000  0.164529306953408E+003  0.171407921031251E+001
  0.157008390889743E+000  0.164529120574836E+003  0.140854873188009E+001
  0.157008390889743E+000  0.164528876681365E+003  0.140877421092267E+001
  0.157008390889743E+000  0.164528210297697E+003  0.140939198860835E+001
  0.157008390889743E+000  0.164527307772529E+003  0.171222314641382E+001
  0.157008390889743E+000  0.164526380037072E+003  0.171135403046022E+001
  0.157008390889743E+000  0.164526260239824E+003  0.141121442418038E+001
  0.157008390889743E+000  0.164523773953209E+003  0.170888524731099E+001
  0.157008390889743E+000  0.164523729293283E+003  0.170884258043425E+001
  0.157008390889743E+000  0.164523169302622E+003  0.141414932978549E+001
  0.157008390889743E+000  0.164522651076430E+003  0.170780871204308E+001
  0.157008390889743E+000  0.164521971528916E+003  0.141530250755168E+001
  0.157008390889743E+000  0.164520116743999E+003  0.170534941932655E+001
  0.157008390889743E+000  0.164520089078307E+003  0.141713351857591E+001
  0.157008390889743E+000  0.164519577938615E+003  0.141763472139064E+001
  0.157008390889743E+000  0.164519366634328E+003  0.170461343015369E+001
  0.157008390889743E+000  0.164519253115616E+003  0.170450171900841E+001
  0.157008390889743E+000  0.164518552412078E+003  0.170381023534798E+001
  0.157008390889743E+000  0.164518506291629E+003  0.170376460408754E+001
  0.157008390889743E+000  0.164515842184773E+003  0.170110349181011E+001
  0.157008390889743E+000  0.164515271800838E+003  0.142192871780527E+001
  0.157008390889743E+000  0.164514843803976E+003  0.142236276218546E+001
  0.157008390889743E+000  0.164514603884738E+003  0.169984919388629E+001
  0.157008390889743E+000  0.164514059674682E+003  0.169929434872444E+001
  0.157008390889743E+000  0.164514012705921E+003  0.169924635752500E+001
  0.157008390889743E+000  0.164513307129286E+003  0.142393245700402E+001
  0.157008390889743E+000  0.164512338797816E+003  0.142493088072686E+001
  0.157008390889743E+000  0.164511291187242E+003  0.142601934982204E+001
  0.157008390889743E+000  0.164510883122580E+003  0.142644570848088E+001
  0.157008390889743E+000  0.164510158234320E+003  0.169524942071570E+001
  0.157008390889743E+000  0.164509914459910E+003  0.169499262071532E+001
  0.157008390889743E+000  0.164509910418030E+003  0.142746750106132E+001
  0.157008390889743E+000  0.164507741024718E+003  0.142977498102271E+001
  0.157008390889743E+000  0.164506723635290E+003  0.169158466161130E+001
  0.157008390889743E+000  0.164506309196512E+003  0.143132039936827E+001
  0.157008390889743E+000  0.164506224765773E+003  0.143141210260234E+001
  0.157008390889743E+000  0.164506158647666E+003  0.169097189868593E+001
  0.157008390889743E+000  0.164505696141423E+003  0.169046812037435E+001
  0.157008390889743E+000  0.164505496559197E+003  0.169025012073328E+001
  0.157008390889743E+000  0.164505171787925E+003  0.143256126968713E+001
  0.157008390889743E+000  0.164503183118186E+003  0.168769577588118E+001
  0.157008390889743E+000  0.164503061863274E+003  0.168756047000043E+001
  0.157008390889743E+000  0.164502659490361E+003  0.143534543154528E+001
  0.157008390889743E+000  0.164502570463202E+003  0.168701063652926E+001
  0.157008390889743E+000  0.164501953442347E+003  0.143613903780970E+001
  0.157008390889743E+000  0.164500395646031E+003  0.143790808276616E+001
  0.157008390889743E+000  0.164499934483472E+003  0.143843667149376E+001
  0.157008390889743E+000  0.164498512045131E+003  0.168237424922792E+001
  0.157008390889743E+000  0.164497812495044E+003  0.144089883426133E+001
  0.157008390889743E+000  0.164497232690820E+003  0.144158039960610E+001
  0.157008390889743E+000  0.164496278190779E+003  0.144271096058732E+001
  0.157008390889743E+000  0.164495844100347E+003  0.167922715599221E+001
  0.157008390889743E+000  0.166155684479791E+003  0.144342447812453E+001
  0.157008390889743E+000  0.166154377164171E+003  0.144500028119918E+001
  0.157008390889743E+000  0.166153755346811E+003  0.144575734973441E+001
  0.157008390889743E+000  0.166151675844325E+003  0.144832603415415E+001
  0.157008390889743E+000  0.166150167371703E+003  0.145022655246364E+001
  0.157008390889743E+000  0.166148879662142E+003  0.145187506239176E+001
  0.157008390889743E+000  0.166147989023908E+003  0.145302993904464E+001
  0.157008390889743E+000  0.166146628912481E+003  0.145481775710061E+001
  0.157008390889743E+000  0.166146315095083E+003  0.145523454038089E+001
  0.157008390889743E+000  0.166145166674321E+003  0.145677394430902E+001
  0.157008390889743E+000  0.166144929623544E+003  0.145709453316218E+001
  0.157008390889743E+000  0.166143559228897E+003  0.145896756062870E+001
  0.157008390889743E+000  0.166142360726935E+003  0.146063423247211E+001
  0.157008390889743E+000  0.166141659612883E+003  0.146162215025088E+001
  0.157008390889743E+000  0.166140535863046E+003  0.146322636173181E+001
  0.157008390889743E+000  0.166140516657129E+003  0.146325400748037E+001
  0.157008390889743E+000  0.166138722560128E+003  0.146587183909182E+001
  0.157008390889743E+000  0.166138572367628E+003  0.146609425798450E+001
  0.157008390889743E+000  0.166137865325637E+003  0.146714837490065E+001
  0.157008390889743E+000  0.166137748864012E+003  0.146732314061367E+001
  0.157008390889743E+000  0.166134182173434E+003  0.147284261089929E+001
  0.157008390889743E+000  0.166133255743055E+003  0.147433360655249E+001
  0.157008390889743E+000  0.166131959368700E+003  0.147646400493045E+001
  0.157008390889743E+000  0.166131604814987E+003  0.147705605086498E+001
  0.157008390889743E+000  0.166129898509013E+003  0.147996560657672E+001
  0.157008390889743E+000  0.166129715074731E+003  0.148028462050255E+001
  0.157008390889743E+000  0.166129192693787E+003  0.148120006979779E+001
  0.157008390889743E+000  0.166128947900116E+003  0.148163268272447E+001
  0.157008390889743E+000  0.166128141606515E+003  0.148307454131358E+001
