  0.339373016654295E-004  0.181795953092104E+003  0.366501403372950E+001
  0.403476028317826E-004  0.181449918632077E+003  0.364168495942958E+001
  0.555553849395815E-004  0.180810221699245E+003  0.359785412993147E+001
  0.596493000568594E-004  0.180668017770619E+003  0.358798181012811E+001
  0.639933845316575E-004  0.180527423176585E+003  0.357817371208930E+001
  0.673442669058408E-004  0.180425347048552E+003  0.357102273141802E+001
  0.766771443494454E-004  0.180165775246543E+003  0.355272266772169E+001
  0.827514438589166E-004  0.180013299674131E+003  0.354189416274223E+001
  0.883836566520003E-004  0.179881608453135E+003  0.353249384761796E+001
  0.973670980452166E-004  0.179688005896893E+003  0.351859224079537E+001
  0.106327857399818E-003  0.179511927969266E+003  0.350586269746880E+001
  0.112988016808908E-003  0.179390419064932E+003  0.349702940478603E+001
  0.118781629995266E-003  0.179290409068628E+003  0.348972865613481E+001
  0.122687377868024E-003  0.179225703646105E+003  0.348499038623266E+001
  0.130222201525837E-003  0.179106498131494E+003  0.347623047130117E+001
  0.134530159123209E-003  0.179041405788623E+003  0.347143015025906E+001
  0.136378233149110E-003  0.179014118295919E+003  0.346941420568458E+001
  0.138004009460547E-003  0.178990417121639E+003  0.346766148113360E+001
