  0.156112944205537E+001 -0.830532447571490E+002
  0.156159954873109E+001 -0.830532449847333E+002
  0.156122731205527E+001 -0.830532447399571E+002
  0.156195690830483E+001 -0.830532456818553E+002
  0.156189393030956E+001 -0.830532455261400E+002
  0.156141387110713E+001 -0.830532448012375E+002
  0.156189395911897E+001 -0.830532455262080E+002
  0.156169868984016E+001 -0.830532451327587E+002
  0.156160357576955E+001 -0.830532449900671E+002
  0.156109782163580E+001 -0.830532447699608E+002
  0.156169598091112E+001 -0.830532451282510E+002
  0.156109155131469E+001 -0.830532447729225E+002
  0.156184694981745E+001 -0.830532454191354E+002
  0.156194503708563E+001 -0.830532456514280E+002
  0.156110034234333E+001 -0.830532447688095E+002
  0.156175522548538E+001 -0.830532452327707E+002
  0.156113271109543E+001 -0.830532447560266E+002
  0.156107429462330E+001 -0.830532447817931E+002
  0.156165395265328E+001 -0.830532450616487E+002
  0.156126172809506E+001 -0.830532447419811E+002
  0.156148912770215E+001 -0.830532448608809E+002
  0.156112244553361E+001 -0.830532447596784E+002
  0.156157138213164E+001 -0.830532449490341E+002
  0.156169797978456E+001 -0.830532451315746E+002
  0.156195285276640E+001 -0.830532456714043E+002
  0.156155368819566E+001 -0.830532449280466E+002
  0.156139307449323E+001 -0.830532447882961E+002
  0.156178086888729E+001 -0.830532452818692E+002
  0.156126232936085E+001 -0.830532447420538E+002
  0.156185630112253E+001 -0.830532454398106E+002
  0.156202864829948E+001 -0.830532458763652E+002
  0.156150022976917E+001 -0.830532448713790E+002
  0.156104980676698E+001 -0.830532447961926E+002
  0.156135885958352E+001 -0.830532447703409E+002
  0.156164177190305E+001 -0.830532450435161E+002
  0.156199188073970E+001 -0.830532457743976E+002
  0.156179077999182E+001 -0.830532453014703E+002
  0.156116491088804E+001 -0.830532447469956E+002
  0.156138697785606E+001 -0.830532447847929E+002
  0.156116951047202E+001 -0.830532447460055E+002
  0.156124171294970E+001 -0.830532447402932E+002
  0.156165214740473E+001 -0.830532450589281E+002
  0.156193887910586E+001 -0.830532456358411E+002
  0.156204404419900E+001 -0.830532459204862E+002
  0.156110917508372E+001 -0.830532447649528E+002
  0.156200772833556E+001 -0.830532458177601E+002
  0.156139036027020E+001 -0.830532447867202E+002
  0.156169888645015E+001 -0.830532451330869E+002
  0.156191309592499E+001 -0.830532455720393E+002
  0.156120729629603E+001 -0.830532447407111E+002
  0.156118245518690E+001 -0.830532447436218E+002
  0.156169617230528E+001 -0.830532451285687E+002
  0.156176882313561E+001 -0.830532452585153E+002
  0.156109955173505E+001 -0.830532447691682E+002
  0.156175223313811E+001 -0.830532452271932E+002
  0.156141068298073E+001 -0.830532447991541E+002
  0.156147719063639E+001 -0.830532448500806E+002
  0.156130912001679E+001 -0.830532447516402E+002
  0.156118924542046E+001 -0.830532447426089E+002
  0.156167255583013E+001 -0.830532450903568E+002
  0.156146443302469E+001 -0.830532448390964E+002
  0.156109584055542E+001 -0.830532447708815E+002
  0.156167576071984E+001 -0.830532450954264E+002
  0.156146496795954E+001 -0.830532448395454E+002
  0.156153781982985E+001 -0.830532449101683E+002
  0.156114181879700E+001 -0.830532447530994E+002
  0.156191915130421E+001 -0.830532455868119E+002
  0.156188459664187E+001 -0.830532455042585E+002
  0.156167704704627E+001 -0.830532450974714E+002
  0.156154275077016E+001 -0.830532449156282E+002
  0.156118196475017E+001 -0.830532447437013E+002
  0.156143558508255E+001 -0.830532448163859E+002
  0.156131485152928E+001 -0.830532447533480E+002
  0.156164957050875E+001 -0.830532450550647E+002
  0.156202983289422E+001 -0.830532458797301E+002
  0.156172474387187E+001 -0.830532451774408E+002
  0.156171630976533E+001 -0.830532451627131E+002
  0.156158647310474E+001 -0.830532449678111E+002
  0.156147757042871E+001 -0.830532448504165E+002
  0.156171473390694E+001 -0.830532451599893E+002
  0.156125774170275E+001 -0.830532447415317E+002
  0.156153519966234E+001 -0.830532449073022E+002
  0.156149487373624E+001 -0.830532448662598E+002
  0.156181411125023E+001 -0.830532453489868E+002
  0.156185031105696E+001 -0.830532454265312E+002
  0.156203985764596E+001 -0.830532459084053E+002
  0.156175071929286E+001 -0.830532452243836E+002
  0.156187616030463E+001 -0.830532454847463E+002
  0.156135802631058E+001 -0.830532447699554E+002
  0.156107893903889E+001 -0.830532447793018E+002
  0.156198685048337E+001 -0.830532457608198E+002
  0.156168595103363E+001 -0.830532451117878E+002
  0.156159153259763E+001 -0.830532449742871E+002
  0.156122094421587E+001 -0.830532447400429E+002
  0.156108907991325E+001 -0.830532447741281E+002
  0.156116436490878E+001 -0.830532447471181E+002
  0.156175197171388E+001 -0.830532452267074E+002
  0.156129551036514E+001 -0.830532447480515E+002
  0.156203213337680E+001 -0.830532458862790E+002
  0.156195754703415E+001 -0.830532456835066E+002
  0.156197710997679E+001 -0.830532457347830E+002
  0.156166166575587E+001 -0.830532450734025E+002
  0.156138877282399E+001 -0.830532447858106E+002
  0.156175373368187E+001 -0.830532452299861E+002
  0.156169531173447E+001 -0.830532451271415E+002
  0.156152816493734E+001 -0.830532448997274E+002
  0.156184026191890E+001 -0.830532454045389E+002
  0.156160038982786E+001 -0.830532449858426E+002
  0.156105029641415E+001 -0.830532447958838E+002
  0.156168812710436E+001 -0.830532451153293E+002
  0.156171999835748E+001 -0.830532451691231E+002
  0.156120626359795E+001 -0.830532447407885E+002
  0.156197399092991E+001 -0.830532457265168E+002
  0.156109041977747E+001 -0.830532447734718E+002
  0.156190336894047E+001 -0.830532455485816E+002
  0.156159955967529E+001 -0.830532449847477E+002
  0.156124511028137E+001 -0.830532447404796E+002
  0.156116497216424E+001 -0.830532447469819E+002
  0.156136401849411E+001 -0.830532447727825E+002
  0.156157971314488E+001 -0.830532449593002E+002
  0.156145896072423E+001 -0.830532448345616E+002
  0.156138539313628E+001 -0.830532447839039E+002
  0.156108923081259E+001 -0.830532447740539E+002
  0.156171540158237E+001 -0.830532451611423E+002
  0.156121333772227E+001 -0.830532447403339E+002
  0.156137242788296E+001 -0.830532447769647E+002
  0.156129919804316E+001 -0.830532447489590E+002
  0.156138963155015E+001 -0.830532447863015E+002
  0.156106839945682E+001 -0.830532447850653E+002
  0.156188633638408E+001 -0.830532455083136E+002
  0.156189487352352E+001 -0.830532455283684E+002
  0.156152511484633E+001 -0.830532448964976E+002
  0.156109457932043E+001 -0.830532447714749E+002
  0.156173717223532E+001 -0.830532451996029E+002
  0.156194440702917E+001 -0.830532456498270E+002
  0.156151218473057E+001 -0.830532448831722E+002
  0.156189592538483E+001 -0.830532455308572E+002
  0.156113593754058E+001 -0.830532447549560E+002
  0.156150623270807E+001 -0.830532448772373E+002
  0.156128855508307E+001 -0.830532447464709E+002
  0.156116697550926E+001 -0.830532447465419E+002
  0.156148208068072E+001 -0.830532448544439E+002
  0.156138357544889E+001 -0.830532447828951E+002
  0.156183789824158E+001 -0.830532453994181E+002
  0.156163626273984E+001 -0.830532450354878E+002
  0.156182449679493E+001 -0.830532453707587E+002
  0.156105701559412E+001 -0.830532447917328E+002
  0.156203467148822E+001 -0.830532458935261E+002
  0.156195466855380E+001 -0.830532456760763E+002
  0.156156926094712E+001 -0.830532449464595E+002
