  0.138004009460547E-003  0.181449918632077E+003  0.364168495942958E+001
  0.138004009460547E-003  0.180668017770619E+003  0.358798181012811E+001
  0.138004009460547E-003  0.180527423176585E+003  0.357817371208930E+001
  0.138004009460547E-003  0.180165775246543E+003  0.355272266772169E+001
  0.138004009460547E-003  0.179511927969266E+003  0.350586269746880E+001
  0.138004009460547E-003  0.179390419064932E+003  0.349702940478603E+001
  0.138004009460547E-003  0.179225703646105E+003  0.348499038623266E+001
  0.138004009460547E-003  0.179106498131494E+003  0.347623047130117E+001
  0.138004009460547E-003  0.179041405788623E+003  0.347143015025906E+001
  0.138004009460547E-003  0.179014118295919E+003  0.346941420568458E+001
  0.138004009460547E-003  0.178990417121639E+003  0.346766148113360E+001
