  0.540250550318881E-068  0.477094383614221E+003  0.109060508095910E+002
  0.144591416148501E-067  0.475119367281063E+003  0.108761929234759E+002
  0.178734113004091E-067  0.474689304288105E+003  0.108696786227434E+002
  0.186958948186471E-067  0.474593236473313E+003  0.108682228300215E+002
  0.207721433571617E-067  0.474382618761165E+003  0.108650303735912E+002
  0.250825239624233E-067  0.473999394846708E+003  0.108592188118531E+002
  0.360843779465776E-067  0.473272017485399E+003  0.108481781868791E+002
  0.418868685334739E-067  0.472967667206666E+003  0.108435546558399E+002
  0.158953440055888E-066  0.470294263723909E+003  0.108028423044725E+002
  0.108864444314154E-065  0.466439983661592E+003  0.107438290818987E+002
  0.172495900200444E-065  0.465513318100329E+003  0.107295841832390E+002
  0.299118092421453E-065  0.464406262553044E+003  0.107125372233316E+002
  0.796378417322056E-065  0.462441664937628E+003  0.106822069907689E+002
  0.105557053261935E-064  0.461872014923717E+003  0.106733936289394E+002
  0.188681447928146E-064  0.460704272271816E+003  0.106553001534155E+002
  0.217977765540864E-064  0.460409480828194E+003  0.106507268421400E+002
  0.237729906918637E-064  0.460229871009709E+003  0.106479392976758E+002
  0.613612660189335E-064  0.458327288034418E+003  0.106183585314216E+002
  0.630630834400144E-064  0.458266448934643E+003  0.106174110298509E+002
  0.948353755164496E-064  0.457450435036113E+003  0.106046929223156E+002
  0.112628265596605E-063  0.457100390214627E+003  0.105992317608362E+002
  0.468014820010106E-063  0.454251575712051E+003  0.105546631753506E+002
  0.715592965340130E-063  0.453396189260884E+003  0.105412378102556E+002
  0.768342051276279E-063  0.453247778943587E+003  0.105389064535346E+002
  0.954961829821444E-063  0.452812906228293E+003  0.105320716107174E+002
  0.159320464259414E-062  0.451789243439492E+003  0.105159622310621E+002
  0.173769241121068E-062  0.451609420791608E+003  0.105131293688121E+002
  0.265430012284529E-062  0.450762174831332E+003  0.104997700760921E+002
  0.407831466930720E-062  0.449903169193129E+003  0.104862049429018E+002
  0.505218713328717E-062  0.449474894366332E+003  0.104794340603123E+002
  0.996639670956300E-062  0.448109838860042E+003  0.104578185991237E+002
  0.104374293724786E-061  0.448017480423881E+003  0.104563542191609E+002
  0.155790458818848E-061  0.447210144033488E+003  0.104435432987079E+002
  0.498831608741449E-061  0.444882630654014E+003  0.104065061566620E+002
  0.672605081829459E-061  0.444278551889389E+003  0.103968682256289E+002
  0.366544073794513E-060  0.440881161655119E+003  0.103424666434755E+002
  0.754384880729925E-060  0.439437593815814E+003  0.103192488465089E+002
  0.188469332156320E-059  0.437600039289540E+003  0.102896049734458E+002
  0.193612325218484E-059  0.437539875095732E+003  0.102886326878204E+002
  0.994568698744251E-059  0.434260653298250E+003  0.102354738578428E+002
  0.128575393842570E-058  0.433740751431269E+003  0.102270158807746E+002
  0.143241729316776E-058  0.433518395984432E+003  0.102233959896902E+002
  0.334559072382670E-058  0.431821836294215E+003  0.101957264586801E+002
  0.750652566166100E-058  0.430205577387382E+003  0.101692838442009E+002
  0.981897986117542E-058  0.429668488381936E+003  0.101604788631253E+002
  0.159086383757429E-057  0.428703398336760E+003  0.101446345809471E+002
  0.290253733140781E-057  0.427500782069669E+003  0.101248497076171E+002
  0.473008102973529E-057  0.426517647444287E+003  0.101086416202720E+002
  0.504838446222315E-057  0.426380974992516E+003  0.101063859862226E+002
  0.542048840023371E-057  0.426238739715513E+003  0.101040379112051E+002
  0.759571077141842E-057  0.425563944128200E+003  0.100928893188672E+002
  0.791429195906149E-057  0.425481771092288E+003  0.100915307070902E+002
  0.962894367229909E-057  0.425083081515050E+003  0.100849358799218E+002
  0.154345774223118E-056  0.424139408012553E+003  0.100693059641611E+002
  0.327088901654831E-056  0.422630830678250E+003  0.100442598187993E+002
  0.479591130153715E-056  0.421865426829705E+003  0.100315238862881E+002
  0.107012596721978E-055  0.420253706102082E+003  0.100046428531256E+002
  0.502952175260914E-055  0.417152083745475E+003  0.995267024054610E+001
  0.608524250574553E-055  0.416771000389279E+003  0.994626236172479E+001
  0.725832263490774E-055  0.416418436026412E+003  0.994032966292350E+001
  0.110298850374553E-054  0.415581516725657E+003  0.992622973961169E+001
  0.122341638239872E-054  0.415367679051640E+003  0.992262331478373E+001
  0.302768941429465E-054  0.413548784258918E+003  0.989188408860349E+001
  0.400423254732145E-054  0.412983090108244E+003  0.988230073699058E+001
  0.105942416002349E-053  0.411030582976994E+003  0.984913843667288E+001
  0.181532419892733E-053  0.409946916068176E+003  0.983067554006608E+001
  0.203814352001351E-053  0.409708775715291E+003  0.982661271368481E+001
  0.674577468974501E-053  0.407315021749925E+003  0.978566226288638E+001
  0.705428927319656E-053  0.407225582745181E+003  0.978412825887062E+001
  0.764645711896828E-053  0.407064369586189E+003  0.978136250469062E+001
  0.105804054720533E-052  0.406408191343552E+003  0.977009557184340E+001
  0.128925319920252E-052  0.406006246806771E+003  0.976318632424324E+001
  0.640604647375155E-052  0.402793232885600E+003  0.970774540729364E+001
  0.111926544465969E-051  0.401677202077060E+003  0.968839967232874E+001
  0.268740566001110E-051  0.399925394732206E+003  0.965793990469314E+001
  0.277678914985261E-051  0.399853256581349E+003  0.965668313674993E+001
  0.425379825005975E-051  0.399000222558177E+003  0.964180702740107E+001
  0.117433033801020E-050  0.396962558136156E+003  0.960616074690581E+001
  0.145600183369117E-050  0.396525843142455E+003  0.959850041532220E+001
  0.240999452346407E-050  0.395511259915247E+003  0.958067556428908E+001
  0.260546599561894E-050  0.395348563081435E+003  0.957781351425274E+001
  0.285811116460893E-050  0.395163464220607E+003  0.957455614024117E+001
  0.296776251479213E-050  0.395081424187297E+003  0.957311197427657E+001
  0.639525749223426E-050  0.393539182034406E+003  0.954591499086564E+001
  0.847939237046571E-050  0.392968272477506E+003  0.953582364686125E+001
  0.165883344564480E-049  0.391626150653656E+003  0.951204998001176E+001
  0.324163189066872E-049  0.390279457935240E+003  0.948812368237204E+001
  0.585298094639348E-049  0.389097709491277E+003  0.946706825141742E+001
  0.123729495099567E-048  0.387600586484049E+003  0.944031293936319E+001
  0.138709936884571E-048  0.387365197614999E+003  0.943609799945335E+001
  0.226145942049173E-048  0.386387606446239E+003  0.941856878003222E+001
  0.281953266002123E-048  0.385946484882899E+003  0.941064619749151E+001
  0.322344609019851E-048  0.385678725175273E+003  0.940583330688559E+001
  0.341960152607697E-048  0.385553694427270E+003  0.940358490964837E+001
  0.474290627179245E-048  0.384892557631127E+003  0.939168511648663E+001
  0.121027415025214E-047  0.383012109118601E+003  0.935773965113693E+001
  0.125037130520187E-047  0.382946921824671E+003  0.935656025272481E+001
  0.159331780022725E-047  0.382455257439715E+003  0.934765908036816E+001
  0.270429394437630E-047  0.381397212738644E+003  0.932846947122889E+001
  0.276028378779234E-047  0.381349295049501E+003  0.932759927247719E+001
  0.936440194045776E-047  0.378899198680321E+003  0.928297413174552E+001
  0.953341193213508E-047  0.378863424278256E+003  0.928232063969272E+001
  0.143159702810612E-046  0.378043321663056E+003  0.926732460440044E+001
  0.146420069619477E-046  0.377991327394852E+003  0.926637287626437E+001
  0.239716933380591E-046  0.376998412659487E+003  0.924817547551021E+001
  0.271487702014660E-046  0.376742540012937E+003  0.924347904711909E+001
  0.154153409508286E-045  0.373269306966335E+003  0.917944302760841E+001
  0.357862866699376E-045  0.371584903792543E+003  0.914819306178105E+001
  0.791921056549337E-045  0.369989274828105E+003  0.911847089886085E+001
  0.126824107330292E-044  0.369040420512891E+003  0.910074080749593E+001
  0.136283769393002E-044  0.368889539038277E+003  0.909791762453855E+001
  0.195549891305078E-044  0.368167386450738E+003  0.908439056734581E+001
  0.447256435431738E-044  0.366505723434888E+003  0.905317224276078E+001
  0.107649552509962E-043  0.364742025453230E+003  0.901989400180054E+001
  0.120294092387026E-043  0.364512878673954E+003  0.901555945319131E+001
  0.159824915528522E-043  0.363937569942353E+003  0.900466576884837E+001
  0.381330095552509E-043  0.362198397033506E+003  0.897163650451376E+001
  0.383300226036491E-043  0.362188090694413E+003  0.897144033428685E+001
  0.463937171048814E-043  0.361799149893528E+003  0.896403345914977E+001
  0.495939564309274E-043  0.361665740018898E+003  0.896149113286020E+001
  0.160983293216658E-042  0.359303771994483E+003  0.891633476767361E+001
  0.168590362680566E-042  0.359204324606626E+003  0.891442743793012E+001
  0.383525831636249E-042  0.357553349617324E+003  0.888269032200884E+001
  0.504900578661260E-042  0.357003440497674E+003  0.887208869047137E+001
  0.560904043624869E-041  0.352187893692274E+003  0.877858509073929E+001
  0.121467732735838E-040  0.350642525890970E+003  0.874832081777867E+001
  0.154567500769267E-040  0.350153380063129E+003  0.873871486395600E+001
  0.158220685546753E-040  0.350099478920177E+003  0.873765555489887E+001
  0.758783449685330E-040  0.346964027671776E+003  0.867576368353944E+001
  0.243570167921615E-039  0.344624272994169E+003  0.862922526869646E+001
  0.258178170996835E-039  0.344507783260418E+003  0.862690024285419E+001
  0.293669553433330E-039  0.344250172789492E+003  0.862175586072026E+001
  0.344520632055395E-039  0.343923515630956E+003  0.861522724793049E+001
  0.463453680488221E-039  0.343330410696408E+003  0.860335790354885E+001
  0.467327020968124E-039  0.343306479062164E+003  0.860287855857965E+001
  0.529824860003268E-039  0.343048158624654E+003  0.859770238280285E+001
  0.532992216163113E-039  0.343028951999843E+003  0.859731737202108E+001
  0.142965496392976E-038  0.341048302837411E+003  0.855750006757986E+001
  0.355847666116321E-038  0.339217218019002E+003  0.852048682247664E+001
  0.478926430468319E-038  0.338615843515103E+003  0.850828771936862E+001
  0.636872203348504E-038  0.338045799481143E+003  0.849670435660570E+001
  0.116291458102433E-037  0.336834255478808E+003  0.847202115588552E+001
  0.213146028565621E-037  0.335622499676411E+003  0.844724513954813E+001
  0.123306593832542E-036  0.332104597281097E+003  0.837480636328471E+001
  0.842726744043208E-036  0.328253320079896E+003  0.829460938558416E+001
  0.260729156787734E-035  0.325994471100596E+003  0.824712475046853E+001
  0.489847434682182E-035  0.324733247441070E+003  0.822046449798157E+001
  0.588155884304142E-035  0.324360057642722E+003  0.821255537419395E+001
  0.760074389601169E-035  0.323839815344119E+003  0.820151400267741E+001
  0.113318632431612E-034  0.323033676840077E+003  0.818436854858565E+001
  0.306173804349215E-034  0.321038384472139E+003  0.814173931351020E+001
  0.347332760342640E-034  0.320778730038014E+003  0.813617149667652E+001
  0.348097467043060E-034  0.320774331569392E+003  0.813607713890896E+001
  0.604551111147290E-034  0.319670324170746E+003  0.811235053476465E+001
  0.747527572990410E-034  0.319238305424693E+003  0.810304244467789E+001
  0.830238971820024E-034  0.319028420653338E+003  0.809851557424356E+001
  0.831236933490502E-034  0.319018541418054E+003  0.809830241808403E+001
  0.901548120066640E-034  0.318856144325535E+003  0.809479751245347E+001
  0.116364306487008E-033  0.318345749291597E+003  0.808376974342999E+001
  0.399249109635970E-033  0.315880029863538E+003  0.803022979267739E+001
  0.862034539536595E-033  0.314333048854003E+003  0.799641167357471E+001
  0.110150090274701E-032  0.313835220114573E+003  0.798549091644307E+001
  0.160469699788193E-032  0.313075136177750E+003  0.796878122272394E+001
  0.200492559767075E-032  0.312622230733504E+003  0.795880379372462E+001
  0.370450867490442E-032  0.311386781913992E+003  0.793150761417639E+001
  0.396970297665074E-032  0.311248500641306E+003  0.792844512653150E+001
  0.468183094767690E-032  0.310910914526128E+003  0.792096247972308E+001
  0.496029800370787E-032  0.310787771266653E+003  0.791823079855387E+001
  0.542288419615092E-032  0.310601857138512E+003  0.791410444883281E+001
  0.104868702072140E-031  0.309275274586959E+003  0.788458289670026E+001
  0.106070309361168E-031  0.309252488469239E+003  0.788407461403081E+001
  0.124337211457495E-031  0.308934698165744E+003  0.787698150342801E+001
  0.272743940787559E-031  0.307363625991006E+003  0.784179732475095E+001
  0.289643944040461E-031  0.307243388030474E+003  0.783909647114064E+001
  0.120945694257501E-030  0.304377132210670E+003  0.777436542897746E+001
  0.184109914574079E-030  0.303529042464014E+003  0.775508261676137E+001
  0.189814436227721E-030  0.303468014459179E+003  0.775369272185791E+001
  0.222748752769629E-030  0.303140282458415E+003  0.774622337930215E+001
  0.257715462180033E-030  0.302848659159495E+003  0.773956939791066E+001
  0.346634184150893E-030  0.302255831393584E+003  0.772602068149823E+001
  0.520043527123174E-030  0.301436749083620E+003  0.770725191427265E+001
  0.637786969389374E-030  0.301020768183330E+003  0.769769798776183E+001
  0.962808516492611E-030  0.300197067728113E+003  0.767873585082963E+001
  0.116163065599406E-029  0.299821616761143E+003  0.767007318905400E+001
  0.202742025666593E-029  0.298699879365969E+003  0.764411820701109E+001
  0.246523797819491E-029  0.298300972468996E+003  0.763486148530439E+001
  0.617763010504442E-029  0.296455821164593E+003  0.759185948823021E+001
  0.744117218811651E-029  0.296083633826940E+003  0.758314829493411E+001
  0.899305816348097E-029  0.295696895118459E+003  0.757408315078906E+001
  0.101160224947111E-028  0.295453670386015E+003  0.756837496298651E+001
  0.146387491908683E-028  0.294714567356776E+003  0.755099573524839E+001
  0.230300590029141E-028  0.293808310939315E+003  0.752961700456756E+001
  0.235739919916487E-028  0.293753671054033E+003  0.752832559288071E+001
  0.474450241549530E-028  0.292354815885138E+003  0.749516800054107E+001
  0.585254170157569E-028  0.291927052874118E+003  0.748499151772469E+001
  0.692632881879315E-028  0.291582161081441E+003  0.747677379363888E+001
  0.157305567589564E-027  0.289941610700824E+003  0.743752711799317E+001
  0.169720475769544E-027  0.289781669419162E+003  0.743368683102807E+001
  0.347960160017018E-027  0.288345799085324E+003  0.739909757580686E+001
  0.462932377145907E-027  0.287774813086868E+003  0.738528577870791E+001
  0.488410404942142E-027  0.287659582154972E+003  0.738249443990638E+001
  0.879621182844215E-027  0.286474830746696E+003  0.735371716844859E+001
  0.152722536414204E-026  0.285363316848047E+003  0.732658822192936E+001
  0.173588724034477E-026  0.285107184730339E+003  0.732031863594880E+001
  0.219003634355321E-026  0.284642385773319E+003  0.730892385048422E+001
  0.223724284034320E-026  0.284591586934641E+003  0.730767712115555E+001
  0.223775657661381E-026  0.284582981078199E+003  0.730746588532792E+001
  0.332358401561659E-026  0.283783694651956E+003  0.728781295960333E+001
  0.434791746520337E-026  0.283246388125164E+003  0.727456362191290E+001
  0.825473675096447E-026  0.281964207724400E+003  0.724282174822769E+001
  0.130518207273506E-025  0.281047926812086E+003  0.722002906117280E+001
  0.183926821528171E-025  0.280361876345990E+003  0.720290312259899E+001
  0.185781265602630E-025  0.280333530718872E+003  0.720219440969187E+001
  0.208621784561298E-025  0.280101624760820E+003  0.719639282218025E+001
  0.263569611045781E-025  0.279634035676221E+003  0.718467695320702E+001
  0.273661757471018E-025  0.279550534192613E+003  0.718258217813071E+001
  0.313495939973999E-025  0.279278747137973E+003  0.717575853107371E+001
  0.379866586198533E-025  0.278886293995903E+003  0.716589071048931E+001
  0.402854025558138E-025  0.278768785646407E+003  0.716293270530013E+001
  0.630039570324108E-025  0.277865947880173E+003  0.714015350379591E+001
  0.653105096263314E-025  0.277794037014940E+003  0.713833514408511E+001
  0.687927659413010E-025  0.277681689090451E+003  0.713549309350234E+001
  0.993084467494594E-025  0.276947425016132E+003  0.711688271066159E+001
  0.132764930215576E-024  0.276366726031939E+003  0.710212026633555E+001
  0.145605378984012E-024  0.276173557321993E+003  0.709720083418349E+001
  0.243610240466863E-024  0.275144218333309E+003  0.707091256963069E+001
  0.294273097902445E-024  0.274766340998088E+003  0.706123043908936E+001
  0.412625409387938E-024  0.274081674950842E+003  0.704364408293482E+001
  0.716510339400762E-024  0.272969367796517E+003  0.701495242055500E+001
  0.728462390592879E-024  0.272936281154726E+003  0.701409664743241E+001
  0.787624785241219E-024  0.272780109520507E+003  0.701005551443667E+001
  0.938412418362212E-024  0.272429774090097E+003  0.700097923356413E+001
  0.113277265413501E-023  0.272053305986531E+003  0.699120901222716E+001
  0.482536583941493E-023  0.269146116737420E+003  0.691516027991693E+001
  0.944677684358965E-023  0.267802542627387E+003  0.687964652472272E+001
  0.125786379275187E-022  0.267221098676472E+003  0.686420389057483E+001
  0.191064038866916E-022  0.266376260276875E+003  0.684168525167420E+001
  0.213192119386762E-022  0.266157090128367E+003  0.683582770331149E+001
  0.513986881005868E-022  0.264397082101041E+003  0.678855168797019E+001
  0.556806835415334E-022  0.264228171620107E+003  0.678399203569089E+001
  0.640922433381212E-022  0.263937922314693E+003  0.677614759249929E+001
  0.735420933476715E-022  0.263653983934441E+003  0.676846227733539E+001
  0.870690292060923E-022  0.263316297329838E+003  0.675930737491629E+001
  0.160432213980134E-021  0.262093956795125E+003  0.672603325228003E+001
  0.202841961138181E-021  0.261624845497676E+003  0.671320620667028E+001
  0.232603722327570E-021  0.261342038550890E+003  0.670545788175358E+001
  0.378505512300717E-021  0.260359260985257E+003  0.667844058571280E+001
  0.396345353576944E-021  0.260267150385516E+003  0.667590108117337E+001
  0.569628211961996E-021  0.259532725120577E+003  0.665560756849889E+001
  0.647934671149482E-021  0.259266083786180E+003  0.664821974928267E+001
  0.751184631516149E-021  0.258970360598252E+003  0.664001359178268E+001
  0.100011905296003E-020  0.258397914886754E+003  0.662409074115201E+001
  0.114368473112945E-020  0.258120530804830E+003  0.661635713109031E+001
  0.122543851435741E-020  0.257982443843741E+003  0.661250278167674E+001
  0.170497202964915E-020  0.257312790599969E+003  0.659376922986268E+001
  0.171858355745780E-020  0.257287733800428E+003  0.659306691213909E+001
  0.181209099279769E-020  0.257181771831049E+003  0.659009581676013E+001
  0.182128658116990E-020  0.257162452930674E+003  0.658955393984751E+001
  0.297971531388955E-020  0.256177883731419E+003  0.656185995186128E+001
  0.403729741844559E-020  0.255561150342526E+003  0.654443406071030E+001
  0.435521183409737E-020  0.255409554865700E+003  0.654014137036834E+001
  0.482731982234329E-020  0.255194437785111E+003  0.653404359505600E+001
  0.484429243337322E-020  0.255187418219809E+003  0.653384449030444E+001
  0.583518371093902E-020  0.254815209108895E+003  0.652327561257790E+001
  0.718633490692702E-020  0.254398658021841E+003  0.651142088704863E+001
  0.122702145319388E-019  0.253328671122326E+003  0.648083894921700E+001
  0.134941092794469E-019  0.253129057844514E+003  0.647511261671814E+001
  0.182874549671984E-019  0.252521133717901E+003  0.645763176183982E+001
  0.194181024211474E-019  0.252401152834644E+003  0.645417433295367E+001
  0.303823676811924E-019  0.251496292908792E+003  0.642802032641630E+001
  0.341862029334820E-019  0.251250826931247E+003  0.642090112436132E+001
  0.544385738225835E-019  0.250320325250182E+003  0.639381873390995E+001
  0.642646641091678E-019  0.249988451344803E+003  0.638412270158730E+001
  0.793612211943749E-019  0.249566451508810E+003  0.637176532429847E+001
  0.807670397259711E-019  0.249531333294355E+003  0.637073553021750E+001
  0.889639536325097E-019  0.249338008665942E+003  0.636506259469802E+001
  0.972072813452767E-019  0.249151000000766E+003  0.635956861353766E+001
  0.107202262665695E-018  0.248955256529266E+003  0.635381127319397E+001
  0.130333411723518E-018  0.248554671464849E+003  0.634200737912003E+001
  0.172677175669835E-018  0.247992015581017E+003  0.632537841531660E+001
  0.199916073742030E-018  0.247699067916025E+003  0.631669750052483E+001
  0.329238237979744E-018  0.246691374399098E+003  0.628671475607043E+001
  0.549489263944181E-018  0.245657033581454E+003  0.625574000110980E+001
  0.582725173512940E-018  0.245539580703605E+003  0.625220978252048E+001
  0.733496887717294E-018  0.245079365344000E+003  0.623835165988364E+001
  0.744294521457684E-018  0.245040113332037E+003  0.623716779236986E+001
  0.106703270925545E-017  0.244319713157028E+003  0.621538654989484E+001
  0.113527360764117E-017  0.244195729039655E+003  0.621162761017469E+001
  0.128720153237800E-017  0.243934408793170E+003  0.620369495786913E+001
  0.169242004802624E-017  0.243387030836092E+003  0.618703463089361E+001
  0.230269810313963E-017  0.242771186760056E+003  0.616821840401252E+001
  0.249644227615045E-017  0.242609616549947E+003  0.616326911982715E+001
  0.310230634708781E-017  0.242164775372899E+003  0.614961498142197E+001
  0.380597386066676E-017  0.241755923206663E+003  0.613702957200318E+001
  0.722225119903790E-017  0.240474733599056E+003  0.609736546664805E+001
  0.101267587552332E-016  0.239798704404251E+003  0.607629597339101E+001
  0.106117713167135E-016  0.239705139235420E+003  0.607337211980960E+001
  0.118688826659868E-016  0.239481226861965E+003  0.606636729246913E+001
  0.148334712970319E-016  0.239035294605739E+003  0.605238429649480E+001
  0.154323829852932E-016  0.238956130822705E+003  0.604989742300306E+001
  0.165230320093425E-016  0.238819556434654E+003  0.604560379447194E+001
  0.211221835372751E-016  0.238328419327157E+003  0.603012932450290E+001
  0.283303079582135E-016  0.237741202640156E+003  0.601155700825352E+001
  0.321643662555908E-016  0.237487348605009E+003  0.600350414873796E+001
  0.326530394817436E-016  0.237457191120017E+003  0.600254651056993E+001
  0.364485986626354E-016  0.237237260984015E+003  0.599555646859490E+001
  0.380743600228882E-016  0.237149984827885E+003  0.599277951371279E+001
  0.525728767757611E-016  0.236504666336309E+003  0.597219250179188E+001
  0.805123251679266E-016  0.235652246447746E+003  0.594485031823569E+001
  0.958081341917592E-016  0.235304371829651E+003  0.593364278047895E+001
  0.128205598809829E-015  0.234721796576515E+003  0.591480923508286E+001
  0.188690896637216E-015  0.233937515116047E+003  0.588932548720571E+001
  0.207385041394484E-015  0.233748581195895E+003  0.588316397647585E+001
  0.217769757565008E-015  0.233650858840031E+003  0.587997360695284E+001
  0.373627672265647E-015  0.232571215987746E+003  0.584456805151748E+001
  0.492558671942059E-015  0.232006980955276E+003  0.582594771359768E+001
  0.103131224650579E-014  0.230529033531852E+003  0.577678406910635E+001
  0.108566943446167E-014  0.230426303992000E+003  0.577334546086310E+001
  0.112163074303369E-014  0.230361130272233E+003  0.577116248137941E+001
  0.113310627009048E-014  0.230329041781212E+003  0.577008726843188E+001
  0.150652644447069E-014  0.229759354061102E+003  0.575095238298366E+001
  0.172983328157475E-014  0.229471117813211E+003  0.574123762467788E+001
  0.281176590998098E-014  0.228499542435525E+003  0.570832386495829E+001
  0.298477848892236E-014  0.228380116810830E+003  0.570426007409658E+001
  0.320581501327724E-014  0.228237235178160E+003  0.569939288352739E+001
  0.441898042926098E-014  0.227583337840023E+003  0.567704475648345E+001
  0.562694126868589E-014  0.227100023828788E+003  0.566044831731847E+001
  0.621293694282270E-014  0.226901888391162E+003  0.565362512587295E+001
  0.642716811127734E-014  0.226834087788591E+003  0.565128766207295E+001
  0.858367772990984E-014  0.226255430911740E+003  0.563128352184950E+001
  0.144349812473149E-013  0.225215846806755E+003  0.559509595698436E+001
  0.154924436963134E-013  0.225074451031573E+003  0.559014890804983E+001
  0.155867216640363E-013  0.225062317081923E+003  0.558972409151863E+001
  0.173697341455891E-013  0.224845697285243E+003  0.558213255544603E+001
  0.185719745248700E-013  0.224711848437837E+003  0.557743459104176E+001
  0.201340469029946E-013  0.224537632863709E+003  0.557131154983766E+001
  0.261882372305432E-013  0.223999138225469E+003  0.555232603769529E+001
  0.288678796801767E-013  0.223804299829503E+003  0.554543440162154E+001
  0.371429694157669E-013  0.223300209914669E+003  0.552754865189763E+001
  0.373497050029403E-013  0.223289108897311E+003  0.552715386599208E+001
  0.459734227507345E-013  0.222860686968574E+003  0.551188774008233E+001
  0.576175480986106E-013  0.222409159543445E+003  0.549573417602777E+001
  0.670909993718471E-013  0.222091684738087E+003  0.548433657123376E+001
  0.743709329680481E-013  0.221885654173814E+003  0.547692215475725E+001
  0.765682054456633E-013  0.221827420696852E+003  0.547482396194298E+001
  0.774443639355669E-013  0.221804664945282E+003  0.547400375059580E+001
  0.808215853383063E-013  0.221719296382738E+003  0.547092518111357E+001
  0.105115197472278E-012  0.221193670797898E+003  0.545191634665109E+001
  0.166063177563683E-012  0.220265579861259E+003  0.541812392755453E+001
  0.175895144159676E-012  0.220137072312914E+003  0.541342151623908E+001
  0.184940353904116E-012  0.220036781680738E+003  0.540974764033822E+001
  0.278182088459933E-012  0.219220296616794E+003  0.537970639357274E+001
  0.287258628720620E-012  0.219142430563445E+003  0.537682908429582E+001
  0.295235223336971E-012  0.219087651662414E+003  0.537480359149987E+001
  0.299914915058109E-012  0.219056198838212E+003  0.537364011234472E+001
  0.392902168634531E-012  0.218516075181909E+003  0.535360456975220E+001
  0.485314453106041E-012  0.218093602398595E+003  0.533785912802593E+001
  0.496861887552741E-012  0.218032537138348E+003  0.533557780965203E+001
  0.542747313845008E-012  0.217855873609629E+003  0.532897011235307E+001
  0.553776745811071E-012  0.217801503755109E+003  0.532693419840351E+001
  0.810815187665753E-012  0.217038946702148E+003  0.529826289462493E+001
  0.894704661846189E-012  0.216842039640255E+003  0.529082360114284E+001
  0.904601517227556E-012  0.216820037925805E+003  0.528999143834310E+001
  0.152088132051059E-011  0.215780936470486E+003  0.525047611797682E+001
  0.161880261344966E-011  0.215656142939487E+003  0.524570192059207E+001
  0.164624872652143E-011  0.215622518035373E+003  0.524441448202601E+001
  0.168633154596292E-011  0.215574405462945E+003  0.524257155304374E+001
  0.215409747246852E-011  0.215084772777291E+003  0.522376366913264E+001
  0.305847084194697E-011  0.214368704960526E+003  0.519608267795951E+001
  0.315250975720903E-011  0.214308137325094E+003  0.519373164290366E+001
  0.375941421867188E-011  0.213956008788222E+003  0.518003292584813E+001
  0.398937734302276E-011  0.213822055565480E+003  0.517480816177845E+001
  0.415407597860723E-011  0.213741145862657E+003  0.517164866527869E+001
  0.490679244202320E-011  0.213408084978431E+003  0.515861352859093E+001
  0.571875485006812E-011  0.213101823697887E+003  0.514658543418123E+001
  0.645923370013256E-011  0.212858304517192E+003  0.513699259510590E+001
  0.694111431174080E-011  0.212714401243606E+003  0.513131176322062E+001
  0.726135812296861E-011  0.212624192132926E+003  0.512774598770430E+001
  0.108341577657246E-010  0.211823918095721E+003  0.509595534778635E+001
  0.124485257432568E-010  0.211546121490762E+003  0.508485290190347E+001
  0.143166890031269E-010  0.211266474054302E+003  0.507364104027990E+001
  0.146976310016011E-010  0.211213953245280E+003  0.507153133719740E+001
  0.151892342830274E-010  0.211148152082055E+003  0.506888638617041E+001
  0.157303828052065E-010  0.211061540183000E+003  0.506540188109254E+001
  0.177211505419850E-010  0.210806612938759E+003  0.505512567201195E+001
  0.190811898641520E-010  0.210658724631052E+003  0.504915036466927E+001
  0.213191946269003E-010  0.210436915036688E+003  0.504016908772828E+001
  0.304812014198424E-010  0.209721910389503E+003  0.501105872177476E+001
  0.340408702738582E-010  0.209501006943728E+003  0.500201516264625E+001
  0.472193994079998E-010  0.208846521057791E+003  0.497508055139934E+001
  0.578172437336481E-010  0.208441556551554E+003  0.495830775575862E+001
  0.687024874944342E-010  0.208096559869623E+003  0.494395309995210E+001
  0.804260324474257E-010  0.207781454862035E+003  0.493078874617889E+001
  0.804116591113144E-010  0.207764034429087E+003  0.493005946044541E+001
  0.818784854635688E-010  0.207727880260881E+003  0.492854540507890E+001
  0.823986855062035E-010  0.207715213819688E+003  0.492801480191227E+001
  0.967494176514037E-010  0.207394104162505E+003  0.491453532405208E+001
  0.126789736159603E-009  0.206853292600848E+003  0.489170993027189E+001
  0.143983722192809E-009  0.206598952282357E+003  0.488092102951283E+001
  0.178575040806324E-009  0.206168334968971E+003  0.486257422713446E+001
  0.189547390184377E-009  0.206049074641302E+003  0.485747498632086E+001
  0.227045358244962E-009  0.205688053160919E+003  0.484199039884361E+001
  0.243756689055288E-009  0.205546011684516E+003  0.483587802066083E+001
  0.258093949777305E-009  0.205431705457955E+003  0.483095085787721E+001
  0.287182693489312E-009  0.205218115636235E+003  0.482172412671683E+001
  0.359718001645757E-009  0.204767711996623E+003  0.480218132798011E+001
  0.424901636447426E-009  0.204414736729400E+003  0.478678314474581E+001
  0.594156576584672E-009  0.203744166363226E+003  0.475732586898202E+001
  0.112995016435901E-008  0.202458594509575E+003  0.470007945742400E+001
  0.135134561397603E-008  0.202100739874170E+003  0.468395750240227E+001
  0.150362495006201E-008  0.201887183916163E+003  0.467429666660894E+001
  0.152632805268912E-008  0.201857211797788E+003  0.467293838895342E+001
  0.169694491497109E-008  0.201645282517436E+003  0.466331719921044E+001
  0.175833341790228E-008  0.201574208690824E+003  0.466008389274379E+001
  0.183824247041068E-008  0.201485321696360E+003  0.465603547161531E+001
  0.370612767419127E-008  0.200042965079107E+003  0.465530340047397E+001
  0.409301781737540E-008  0.199844375133722E+003  0.464623714031026E+001
  0.410813895496072E-008  0.199837000001096E+003  0.464589992896469E+001
  0.471798148806249E-008  0.199514199083952E+003  0.463110429293288E+001
  0.540952205515371E-008  0.199240639710037E+003  0.461850959989475E+001
  0.559295451971186E-008  0.199173945830218E+003  0.461543113426375E+001
  0.589636940940008E-008  0.199068287584212E+003  0.461054778400515E+001
  0.698909426847550E-008  0.198728259253492E+003  0.459477887746764E+001
  0.768450848693167E-008  0.198538548363568E+003  0.458594525512204E+001
  0.846548495163440E-008  0.198344966592594E+003  0.457690471764178E+001
  0.850402915031007E-008  0.198335881060804E+003  0.457647974474498E+001
  0.899478483926730E-008  0.198223671304383E+003  0.457122622210110E+001
  0.954396761037158E-008  0.198105142616394E+003  0.456566687810587E+001
  0.997422582944280E-008  0.198016952501180E+003  0.456152381885973E+001
  0.102006617650636E-007  0.197972056004314E+003  0.455941243946142E+001
  0.108445903050903E-007  0.197849628466028E+003  0.455364738286006E+001
  0.109782003272171E-007  0.197825138162496E+003  0.455249281208257E+001
  0.113281624907356E-007  0.197762377436508E+003  0.454953198428429E+001
  0.120943949157280E-007  0.197631476968195E+003  0.454334710610636E+001
  0.157537578824259E-007  0.197102803333498E+003  0.451823633404806E+001
  0.166693651165756E-007  0.196989815977243E+003  0.451284198960813E+001
  0.170268751745367E-007  0.196947375221780E+003  0.451081319589785E+001
  0.176960148807518E-007  0.196870282266041E+003  0.450712435036278E+001
  0.220265603957484E-007  0.196432463166772E+003  0.448608676964816E+001
  0.223613026569922E-007  0.196402297388636E+003  0.448463170350895E+001
  0.231090107286014E-007  0.196336515965942E+003  0.448145617899522E+001
  0.337206045429783E-007  0.195580743075954E+003  0.444472119862548E+001
  0.375421292106999E-007  0.195366033702537E+003  0.443419939422043E+001
  0.421050281589783E-007  0.195136626864018E+003  0.442291459347034E+001
  0.463800294838305E-007  0.194943223263484E+003  0.441336614745463E+001
  0.499310931490554E-007  0.194795673362731E+003  0.440605997301023E+001
  0.733218032115735E-007  0.194027245165763E+003  0.436770254430341E+001
  0.739673031495131E-007  0.194009714906083E+003  0.436682137270970E+001
  0.844819386083540E-007  0.193743885664068E+003  0.435342518684003E+001
  0.937390021391112E-007  0.193535932503635E+003  0.434290063138248E+001
  0.940740610975152E-007  0.193528796486404E+003  0.434253876921264E+001
  0.116871806708746E-006  0.193094805868626E+003  0.432044221877368E+001
  0.130086466174936E-006  0.192880562490979E+003  0.430946855817816E+001
  0.130765065734810E-006  0.192870156554917E+003  0.430893444453214E+001
  0.137066129973759E-006  0.192776034178733E+003  0.430409862653178E+001
  0.146849956288803E-006  0.192638138478570E+003  0.429699838803741E+001
  0.171592181235582E-006  0.192326719954300E+003  0.428089527276741E+001
  0.191170277341539E-006  0.192110632127944E+003  0.426966534019381E+001
  0.192657022184930E-006  0.192095138156766E+003  0.426885833985366E+001
  0.209671059724392E-006  0.191925881357755E+003  0.426002691749292E+001
  0.210151145504670E-006  0.191921307173888E+003  0.425978784622335E+001
