  0.688688559878179E-001  0.169486052512862E+003  0.274661252456454E+000
  0.688688559878179E-001  0.169380339216119E+003  0.286303365435325E+000
  0.688688559878179E-001  0.169273657288499E+003  0.298160936856034E+000
  0.688688559878179E-001  0.165843980817712E+003  0.768861626334873E+000
  0.688688559878179E-001  0.165853170657053E+003  0.767227448262262E+000
  0.688688559878179E-001  0.169187759871581E+003  0.307789852060731E+000
  0.688688559878179E-001  0.165873261198124E+003  0.763666520451821E+000
  0.688688559878179E-001  0.165890603758750E+003  0.760605392202088E+000
  0.688688559878179E-001  0.168756849421706E+003  0.357255579160408E+000
  0.688688559878179E-001  0.168625651859986E+003  0.372724975553524E+000
  0.688688559878179E-001  0.168620973316279E+003  0.373280338599136E+000
  0.688688559878179E-001  0.165906302628029E+003  0.757844449157376E+000
  0.688688559878179E-001  0.165916590354573E+003  0.756040292633170E+000
  0.688688559878179E-001  0.168486048209801E+003  0.389409765738015E+000
  0.688688559878179E-001  0.165925171470790E+003  0.754538510482670E+000
  0.688688559878179E-001  0.168227145876356E+003  0.420998650317933E+000
  0.688688559878179E-001  0.168087913538406E+003  0.438353897502091E+000
  0.688688559878179E-001  0.168082282563032E+003  0.439061443228803E+000
  0.688688559878179E-001  0.168059542349785E+003  0.441923356476406E+000
  0.688688559878179E-001  0.165927307102904E+003  0.754165187545664E+000
  0.688688559878179E-001  0.168037590493796E+003  0.444693011573377E+000
  0.688688559878179E-001  0.168034960325054E+003  0.445025319735032E+000
  0.688688559878179E-001  0.167970882554746E+003  0.453152002146676E+000
  0.688688559878179E-001  0.167962313041304E+003  0.454243356133765E+000
  0.688688559878179E-001  0.167943592813721E+003  0.456631185447841E+000
  0.688688559878179E-001  0.165945205207791E+003  0.751043239679448E+000
  0.688688559878179E-001  0.167899451047140E+003  0.462282159899468E+000
  0.688688559878179E-001  0.167798755853176E+003  0.475283080643122E+000
  0.688688559878179E-001  0.166004041138046E+003  0.740864265564347E+000
  0.688688559878179E-001  0.166012840616341E+003  0.739352739399941E+000
  0.688688559878179E-001  0.166043737343973E+003  0.734067344096015E+000
  0.688688559878179E-001  0.167599518037688E+003  0.501476890479240E+000
  0.688688559878179E-001  0.164459382073573E+003  0.107413834409612E+001
  0.688688559878179E-001  0.167458506845468E+003  0.520413949091822E+000
  0.688688559878179E-001  0.166092216298951E+003  0.725841614823123E+000
  0.688688559878179E-001  0.167273426075624E+003  0.545805150258716E+000
  0.688688559878179E-001  0.166103998949035E+003  0.723854584468138E+000
  0.688688559878179E-001  0.167224466090229E+003  0.552628869554875E+000
  0.688688559878179E-001  0.167212824208932E+003  0.554258242943770E+000
  0.688688559878179E-001  0.167206017111521E+003  0.555212172706267E+000
  0.688688559878179E-001  0.167202302705943E+003  0.555733081950050E+000
  0.688688559878179E-001  0.167201959710502E+003  0.555781197334678E+000
  0.688688559878179E-001  0.167200696284622E+003  0.555958450523571E+000
  0.688688559878179E-001  0.167174173530745E+003  0.559686719847419E+000
  0.688688559878179E-001  0.167121777730761E+003  0.567093022984942E+000
  0.688688559878179E-001  0.166214984813517E+003  0.705364241003752E+000
  0.688688559878179E-001  0.166945989340867E+003  0.592354757651491E+000
  0.688688559878179E-001  0.166853791789158E+003  0.605871046452227E+000
  0.688688559878179E-001  0.166846109093109E+003  0.607005981814164E+000
  0.688688559878179E-001  0.166820783741631E+003  0.610756795958094E+000
  0.688688559878179E-001  0.166802264641745E+003  0.613508965844368E+000
  0.688688559878179E-001  0.166788727632909E+003  0.615525801774147E+000
  0.688688559878179E-001  0.166579471284226E+003  0.647268199369243E+000
  0.688688559878179E-001  0.166576286544867E+003  0.647759818444835E+000
  0.688688559878179E-001  0.166566399535146E+003  0.649287736303479E+000
  0.688688559878179E-001  0.166562173406531E+003  0.649941614944515E+000
  0.688688559878179E-001  0.166554470590719E+003  0.651134625011596E+000
  0.688688559878179E-001  0.166231104912953E+003  0.702711738983980E+000
  0.688688559878179E-001  0.166542323407082E+003  0.653019161849415E+000
  0.688688559878179E-001  0.166256668789264E+003  0.698522020316598E+000
  0.688688559878179E-001  0.166515570482272E+003  0.657183514171342E+000
  0.688688559878179E-001  0.166260245238309E+003  0.697937489735917E+000
  0.688688559878179E-001  0.166473808774802E+003  0.663722751398381E+000
  0.688688559878179E-001  0.166448367137729E+003  0.667729976838765E+000
  0.688688559878179E-001  0.166433203151363E+003  0.670126975715753E+000
  0.688688559878179E-001  0.166402716454944E+003  0.674965681877676E+000
  0.688688559878179E-001  0.166388093479037E+003  0.677295971587555E+000
  0.688688559878179E-001  0.166346024911177E+003  0.684034460341979E+000
  0.688688559878179E-001  0.165840653555932E+003  0.769454126464706E+000
  0.688688559878179E-001  0.165829629251554E+003  0.771420448953814E+000
  0.688688559878179E-001  0.165808757404890E+003  0.775156675038407E+000
  0.688688559878179E-001  0.165787771707098E+003  0.778931271546741E+000
  0.688688559878179E-001  0.165741611544835E+003  0.787298656446181E+000
  0.688688559878179E-001  0.165723225035977E+003  0.790656854709018E+000
  0.688688559878179E-001  0.165722272517982E+003  0.790831225886221E+000
  0.688688559878179E-001  0.165716581752608E+003  0.791873820089611E+000
  0.688688559878179E-001  0.165702057585535E+003  0.794541191788573E+000
  0.688688559878179E-001  0.165673701440270E+003  0.799775742627635E+000
  0.688688559878179E-001  0.165671519138400E+003  0.800180088098969E+000
  0.688688559878179E-001  0.165659686147779E+003  0.802376302449153E+000
  0.688688559878179E-001  0.165637263609121E+003  0.806555477036594E+000
  0.688688559878179E-001  0.165623678556602E+003  0.809098793016373E+000
  0.688688559878179E-001  0.165605419438467E+003  0.812530770548624E+000
  0.688688559878179E-001  0.165602784476445E+003  0.813027336905013E+000
  0.688688559878179E-001  0.165555233718494E+003  0.822045742482900E+000
  0.688688559878179E-001  0.165543294055589E+003  0.824327536716754E+000
  0.688688559878179E-001  0.165526561202360E+003  0.827537301142675E+000
  0.688688559878179E-001  0.165495563605740E+003  0.833520792266946E+000
  0.688688559878179E-001  0.165490009468295E+003  0.834598117054513E+000
  0.688688559878179E-001  0.165486531952382E+003  0.835273457643991E+000
  0.688688559878179E-001  0.165471545929340E+003  0.838190989807151E+000
  0.688688559878179E-001  0.165465719079189E+003  0.839328565266118E+000
  0.688688559878179E-001  0.165465081662439E+003  0.839453116877670E+000
  0.688688559878179E-001  0.165430507198849E+003  0.846241493241063E+000
  0.688688559878179E-001  0.165380225399957E+003  0.856230503651156E+000
  0.688688559878179E-001  0.165376258580792E+003  0.857024584273861E+000
  0.688688559878179E-001  0.165373037509779E+003  0.857670039862231E+000
  0.688688559878179E-001  0.165371732964786E+003  0.857931620165523E+000
  0.688688559878179E-001  0.165347192958210E+003  0.862870506197227E+000
  0.688688559878179E-001  0.165343359173775E+003  0.863645246185145E+000
  0.688688559878179E-001  0.165326823033801E+003  0.866996814452002E+000
  0.688688559878179E-001  0.165324119134598E+003  0.867546384972187E+000
  0.688688559878179E-001  0.165271612385787E+003  0.878306114901572E+000
  0.688688559878179E-001  0.165257029754587E+003  0.881324612443344E+000
  0.688688559878179E-001  0.165256893240020E+003  0.881352933271629E+000
  0.688688559878179E-001  0.165251621582870E+003  0.882447476429083E+000
  0.688688559878179E-001  0.165243928506068E+003  0.884047948568840E+000
  0.688688559878179E-001  0.165235515182988E+003  0.885802602796343E+000
  0.688688559878179E-001  0.164459494594170E+003  0.107410576239677E+001
  0.688688559878179E-001  0.164471447818787E+003  0.107065688664276E+001
  0.688688559878179E-001  0.165149859022452E+003  0.903933311237985E+000
  0.688688559878179E-001  0.165138144209655E+003  0.906451992616640E+000
  0.688688559878179E-001  0.165124884084809E+003  0.909314656612836E+000
  0.688688559878179E-001  0.165117755444099E+003  0.910858832024657E+000
  0.688688559878179E-001  0.165107339173176E+003  0.913121775250944E+000
  0.688688559878179E-001  0.165096171307447E+003  0.915556813203135E+000
  0.688688559878179E-001  0.165087152766369E+003  0.917529935908243E+000
  0.688688559878179E-001  0.165085799873699E+003  0.917826450656332E+000
  0.688688559878179E-001  0.165072845703529E+003  0.920672577446920E+000
  0.688688559878179E-001  0.165060606364232E+003  0.923373318185359E+000
  0.688688559878179E-001  0.165054641423367E+003  0.924693699135784E+000
  0.688688559878179E-001  0.165045019741647E+003  0.926829316539922E+000
  0.688688559878179E-001  0.165027574293567E+003  0.930719935827289E+000
  0.688688559878179E-001  0.165017256182483E+003  0.933032382962892E+000
  0.688688559878179E-001  0.165016644750151E+003  0.933169681554031E+000
  0.688688559878179E-001  0.165012128228700E+003  0.934184808466502E+000
  0.688688559878179E-001  0.165010006554245E+003  0.934662240747356E+000
  0.688688559878179E-001  0.165003870002657E+003  0.936045177754026E+000
  0.688688559878179E-001  0.164999895229445E+003  0.936942569860727E+000
  0.688688559878179E-001  0.164988187401131E+003  0.939593396296277E+000
  0.688688559878179E-001  0.164970300920919E+003  0.943665131103073E+000
  0.688688559878179E-001  0.164962806660934E+003  0.945379150776563E+000
  0.688688559878179E-001  0.164928295581994E+003  0.953334581425091E+000
  0.688688559878179E-001  0.164913446582840E+003  0.956789762842783E+000
  0.688688559878179E-001  0.164912040965405E+003  0.957117856785964E+000
  0.688688559878179E-001  0.164904371700580E+003  0.958911135535022E+000
  0.688688559878179E-001  0.164896122943138E+003  0.960845893808759E+000
  0.688688559878179E-001  0.164882693235017E+003  0.964009260947841E+000
  0.688688559878179E-001  0.164853744230833E+003  0.970885846665645E+000
  0.688688559878179E-001  0.164851043813869E+003  0.971531396353905E+000
  0.688688559878179E-001  0.164850093775539E+003  0.971758676408870E+000
  0.688688559878179E-001  0.164849206903052E+003  0.971970924255091E+000
  0.688688559878179E-001  0.164848175929179E+003  0.972217754825128E+000
  0.688688559878179E-001  0.164843460315011E+003  0.973348064498121E+000
  0.688688559878179E-001  0.164843050672208E+003  0.973446356487143E+000
  0.688688559878179E-001  0.164837250876918E+003  0.974839759829258E+000
  0.688688559878179E-001  0.164834621954425E+003  0.975472451346285E+000
  0.688688559878179E-001  0.164829353403817E+003  0.976742472451367E+000
  0.688688559878179E-001  0.164817292351359E+003  0.979660315699356E+000
  0.688688559878179E-001  0.164794844933338E+003  0.985130203663861E+000
  0.688688559878179E-001  0.164783864724362E+003  0.987824816541026E+000
  0.688688559878179E-001  0.164769012580089E+003  0.991489904257087E+000
  0.688688559878179E-001  0.164751671515129E+003  0.995799248495876E+000
  0.688688559878179E-001  0.164745900030319E+003  0.997240795340580E+000
  0.688688559878179E-001  0.164708436124732E+003  0.100668927903540E+001
  0.688688559878179E-001  0.164707925279525E+003  0.100681922819123E+001
  0.688688559878179E-001  0.164707206028268E+003  0.100700224347182E+001
  0.688688559878179E-001  0.164705237348014E+003  0.100750348845766E+001
  0.688688559878179E-001  0.164681773130684E+003  0.101351301906739E+001
  0.688688559878179E-001  0.164486557316098E+003  0.106633171958864E+001
  0.688688559878179E-001  0.164667647123692E+003  0.101716290570951E+001
  0.688688559878179E-001  0.164666028765817E+003  0.101758262253530E+001
  0.688688559878179E-001  0.164650585160138E+003  0.102160430227483E+001
  0.688688559878179E-001  0.164649219666433E+003  0.102196133457923E+001
  0.688688559878179E-001  0.164640973449651E+003  0.102412249702596E+001
  0.688688559878179E-001  0.164640383783419E+003  0.102427736955977E+001
  0.688688559878179E-001  0.164633465063439E+003  0.102609788086731E+001
  0.688688559878179E-001  0.164619253919265E+003  0.102985679818416E+001
  0.688688559878179E-001  0.164619124271643E+003  0.102989121302267E+001
  0.688688559878179E-001  0.164617440665177E+003  0.103033832735869E+001
  0.688688559878179E-001  0.164600889650624E+003  0.103475398459743E+001
  0.688688559878179E-001  0.164600872078667E+003  0.103475869231359E+001
  0.688688559878179E-001  0.164569442145778E+003  0.104324758495367E+001
  0.688688559878179E-001  0.164561619438291E+003  0.104538212666878E+001
  0.688688559878179E-001  0.164553881152114E+003  0.104750235872080E+001
  0.688688559878179E-001  0.164545539623371E+003  0.104979771895289E+001
  0.688688559878179E-001  0.164537738635389E+003  0.105195369867586E+001
  0.688688559878179E-001  0.164534732422550E+003  0.105278697403179E+001
  0.688688559878179E-001  0.164515085907021E+003  0.105826667304536E+001
  0.688688559878179E-001  0.164513874726428E+003  0.105860644392919E+001
  0.688688559878179E-001  0.164494914187358E+003  0.106395568169139E+001
  0.688688559878179E-001  0.164489869061140E+003  0.106538875737690E+001
  0.688688559878179E-001  0.164488773780110E+003  0.106570042114352E+001
  0.688688559878179E-001  0.164439511790112E+003  0.107992660939171E+001
  0.688688559878179E-001  0.164398206800905E+003  0.203026848120343E+001
  0.688688559878179E-001  0.164395535625747E+003  0.109299132924488E+001
  0.688688559878179E-001  0.164389848358823E+003  0.109470765615553E+001
  0.688688559878179E-001  0.164388866042439E+003  0.109500474356243E+001
  0.688688559878179E-001  0.164386793837203E+003  0.109563207384673E+001
  0.688688559878179E-001  0.164385389484783E+003  0.202639815749909E+001
  0.688688559878179E-001  0.164378520075250E+003  0.109814530658243E+001
  0.688688559878179E-001  0.164377478703840E+003  0.109846259998890E+001
  0.688688559878179E-001  0.164376091041906E+003  0.109888574237727E+001
  0.688688559878179E-001  0.164374103379174E+003  0.202296334010040E+001
  0.688688559878179E-001  0.164364518420097E+003  0.202002605761859E+001
  0.688688559878179E-001  0.164362271288141E+003  0.110312115435268E+001
  0.688688559878179E-001  0.164354709171935E+003  0.110545541624234E+001
  0.688688559878179E-001  0.164348982366437E+003  0.201522471642623E+001
  0.688688559878179E-001  0.164347635211577E+003  0.201480599022296E+001
  0.688688559878179E-001  0.164345962424411E+003  0.110817034825681E+001
  0.688688559878179E-001  0.164343202998430E+003  0.201342562180215E+001
  0.688688559878179E-001  0.164332781203155E+003  0.111229272475495E+001
  0.688688559878179E-001  0.164332684520333E+003  0.111232310179253E+001
  0.688688559878179E-001  0.164331146337875E+003  0.200964919546714E+001
  0.688688559878179E-001  0.164327809889387E+003  0.111385734895342E+001
  0.688688559878179E-001  0.164325142029168E+003  0.200775659325596E+001
  0.688688559878179E-001  0.164325018964221E+003  0.111473814139085E+001
  0.688688559878179E-001  0.164316715420272E+003  0.111736900553151E+001
  0.688688559878179E-001  0.164314055327633E+003  0.111821512369411E+001
  0.688688559878179E-001  0.164313670401612E+003  0.200411816552504E+001
  0.688688559878179E-001  0.164309222611644E+003  0.200269940398069E+001
  0.688688559878179E-001  0.164307085040744E+003  0.112043992548773E+001
  0.688688559878179E-001  0.164307076252702E+003  0.112044273757518E+001
  0.688688559878179E-001  0.164303614376469E+003  0.200090395664385E+001
  0.688688559878179E-001  0.164303497569672E+003  0.112158937616678E+001
  0.688688559878179E-001  0.164301379505877E+003  0.112226943167561E+001
  0.688688559878179E-001  0.164301230747968E+003  0.112231723359365E+001
  0.688688559878179E-001  0.164299617071825E+003  0.199961975198600E+001
  0.688688559878179E-001  0.164295338741198E+003  0.112421477802787E+001
  0.688688559878179E-001  0.164295247802329E+003  0.112424412982538E+001
  0.688688559878179E-001  0.164292466118547E+003  0.112514291178944E+001
  0.688688559878179E-001  0.164289547260602E+003  0.112608801171714E+001
  0.688688559878179E-001  0.164286577464807E+003  0.199540414348791E+001
  0.688688559878179E-001  0.164285644741508E+003  0.112735482853857E+001
  0.688688559878179E-001  0.164284045283457E+003  0.199458075298412E+001
  0.688688559878179E-001  0.164277587204121E+003  0.112998220093157E+001
  0.688688559878179E-001  0.164275807482687E+003  0.113056468720793E+001
  0.688688559878179E-001  0.164273776290203E+003  0.113123044178492E+001
  0.688688559878179E-001  0.164271481772491E+003  0.199047211246402E+001
  0.688688559878179E-001  0.164271329245529E+003  0.113203386979710E+001
  0.688688559878179E-001  0.164266348822900E+003  0.113367373457164E+001
  0.688688559878179E-001  0.164264126272054E+003  0.198804829012309E+001
  0.688688559878179E-001  0.164256735508082E+003  0.113685695551413E+001
  0.688688559878179E-001  0.164255954739358E+003  0.198533932220954E+001
  0.688688559878179E-001  0.164254625022080E+003  0.198489686523543E+001
  0.688688559878179E-001  0.164254494996495E+003  0.198485357504898E+001
  0.688688559878179E-001  0.164250308880895E+003  0.198345749520713E+001
  0.688688559878179E-001  0.164244610688484E+003  0.198154968215397E+001
  0.688688559878179E-001  0.164243227279847E+003  0.114137066478511E+001
  0.688688559878179E-001  0.164242662607226E+003  0.114156040451326E+001
  0.688688559878179E-001  0.164241965949969E+003  0.198066124814853E+001
  0.688688559878179E-001  0.164239425042176E+003  0.197980591737938E+001
  0.688688559878179E-001  0.164235541928275E+003  0.114396047919431E+001
  0.688688559878179E-001  0.164235514671770E+003  0.114396969271331E+001
  0.688688559878179E-001  0.164233262377024E+003  0.197772411938968E+001
  0.688688559878179E-001  0.164231956682797E+003  0.197728170805664E+001
  0.688688559878179E-001  0.164226655940833E+003  0.197548079303789E+001
  0.688688559878179E-001  0.164225562393986E+003  0.114734757186063E+001
  0.688688559878179E-001  0.164220607343044E+003  0.197341618383765E+001
  0.688688559878179E-001  0.164216102758096E+003  0.197187185927359E+001
  0.688688559878179E-001  0.164212585585803E+003  0.115179385612450E+001
  0.688688559878179E-001  0.164212128466572E+003  0.197050449872783E+001
  0.688688559878179E-001  0.164210697420182E+003  0.197001102526717E+001
  0.688688559878179E-001  0.164209555620705E+003  0.196961686629810E+001
  0.688688559878179E-001  0.164206240800331E+003  0.115398545933499E+001
  0.688688559878179E-001  0.164205813862878E+003  0.115413335489329E+001
  0.688688559878179E-001  0.164205684197303E+003  0.115417828303030E+001
  0.688688559878179E-001  0.164205453221253E+003  0.196819753300704E+001
  0.688688559878179E-001  0.164204984785674E+003  0.196803515035703E+001
  0.688688559878179E-001  0.164201182747546E+003  0.196671477242632E+001
  0.688688559878179E-001  0.164197724189331E+003  0.196550993321278E+001
  0.688688559878179E-001  0.164197543404142E+003  0.196544685528847E+001
  0.688688559878179E-001  0.164196973334537E+003  0.115720797247406E+001
  0.688688559878179E-001  0.164196925118181E+003  0.115722480563552E+001
  0.688688559878179E-001  0.164192936170854E+003  0.115861985354068E+001
  0.688688559878179E-001  0.164192562410894E+003  0.115875081575362E+001
  0.688688559878179E-001  0.164190907806990E+003  0.196312477269110E+001
  0.688688559878179E-001  0.164190311545434E+003  0.115954040210207E+001
  0.688688559878179E-001  0.164189290145303E+003  0.196255664592811E+001
  0.688688559878179E-001  0.164185050100552E+003  0.196106370089561E+001
  0.688688559878179E-001  0.164184047741689E+003  0.196070994896101E+001
  0.688688559878179E-001  0.164181996689529E+003  0.195998511468905E+001
  0.688688559878179E-001  0.164181853636099E+003  0.195993451097623E+001
  0.688688559878179E-001  0.164179718067729E+003  0.116327754970044E+001
  0.688688559878179E-001  0.164177033065164E+003  0.195822551155429E+001
  0.688688559878179E-001  0.164176398879174E+003  0.195800013063295E+001
  0.688688559878179E-001  0.164173380188676E+003  0.195692557003339E+001
  0.688688559878179E-001  0.164170179585640E+003  0.195578305781017E+001
  0.688688559878179E-001  0.164169796714511E+003  0.116680969625601E+001
  0.688688559878179E-001  0.164169041473342E+003  0.116707986960981E+001
  0.688688559878179E-001  0.164165951164726E+003  0.116818730418200E+001
  0.688688559878179E-001  0.164162840006788E+003  0.195315048856719E+001
  0.688688559878179E-001  0.164161704198179E+003  0.116971434607303E+001
  0.688688559878179E-001  0.164161082905669E+003  0.116993823806046E+001
  0.688688559878179E-001  0.164155029293346E+003  0.195032936964337E+001
  0.688688559878179E-001  0.164153943518707E+003  0.194993558230672E+001
  0.688688559878179E-001  0.164151985703710E+003  0.117323134531782E+001
  0.688688559878179E-001  0.164151508674519E+003  0.194905106249463E+001
  0.688688559878179E-001  0.164149051046926E+003  0.194815621554409E+001
  0.688688559878179E-001  0.164148411048897E+003  0.117453301379397E+001
  0.688688559878179E-001  0.164145730218718E+003  0.117551208901308E+001
  0.688688559878179E-001  0.164144905612747E+003  0.194664211339579E+001
  0.688688559878179E-001  0.164138062684235E+003  0.117832619528980E+001
  0.688688559878179E-001  0.164136476891066E+003  0.194354506834982E+001
  0.688688559878179E-001  0.164136275662830E+003  0.117898503730883E+001
  0.688688559878179E-001  0.164135003790336E+003  0.194300121381189E+001
  0.688688559878179E-001  0.164133882157594E+003  0.117986926200946E+001
  0.688688559878179E-001  0.164131843126320E+003  0.194183170477803E+001
  0.688688559878179E-001  0.164131686326479E+003  0.194177359211787E+001
  0.688688559878179E-001  0.164131187935321E+003  0.194158882100595E+001
  0.688688559878179E-001  0.164130735440585E+003  0.194142098753605E+001
  0.688688559878179E-001  0.164129512451773E+003  0.194096700123761E+001
  0.688688559878179E-001  0.164126613486888E+003  0.193988870078180E+001
  0.688688559878179E-001  0.164124004370509E+003  0.118354027947429E+001
  0.688688559878179E-001  0.164123291134715E+003  0.193864912851023E+001
  0.688688559878179E-001  0.164122345639557E+003  0.193829561865170E+001
  0.688688559878179E-001  0.164118274578085E+003  0.118568616566674E+001
  0.688688559878179E-001  0.164116581449734E+003  0.193613324324285E+001
  0.688688559878179E-001  0.164111717581401E+003  0.193429886423848E+001
  0.688688559878179E-001  0.164108796059763E+003  0.193319268093172E+001
  0.688688559878179E-001  0.164108758194076E+003  0.193317832215272E+001
  0.688688559878179E-001  0.164105282935840E+003  0.119059773405859E+001
  0.688688559878179E-001  0.164105028700655E+003  0.193176136108694E+001
  0.688688559878179E-001  0.164102314255517E+003  0.193072663462171E+001
  0.688688559878179E-001  0.164100173564446E+003  0.119254728895200E+001
  0.688688559878179E-001  0.164099725154456E+003  0.119271887860390E+001
  0.688688559878179E-001  0.164099233789633E+003  0.119290699724809E+001
  0.688688559878179E-001  0.164097741779171E+003  0.192897705774182E+001
  0.688688559878179E-001  0.164097320408793E+003  0.192881540879389E+001
  0.688688559878179E-001  0.164096329267589E+003  0.119402095980210E+001
  0.688688559878179E-001  0.164096150773992E+003  0.119408952714934E+001
  0.688688559878179E-001  0.164094256388696E+003  0.192763782404614E+001
  0.688688559878179E-001  0.164092390450384E+003  0.119553702343787E+001
  0.688688559878179E-001  0.164082931690570E+003  0.119920365973479E+001
  0.688688559878179E-001  0.164082718712486E+003  0.119928664712000E+001
  0.688688559878179E-001  0.164081859287324E+003  0.192283414223341E+001
  0.688688559878179E-001  0.164081631038977E+003  0.119971075859491E+001
  0.688688559878179E-001  0.164079334875783E+003  0.192184813101228E+001
  0.688688559878179E-001  0.164078930655726E+003  0.120076586379922E+001
  0.688688559878179E-001  0.164078111668631E+003  0.192136938694619E+001
  0.688688559878179E-001  0.164077099659959E+003  0.192097282104916E+001
  0.688688559878179E-001  0.164075410218919E+003  0.120214603922659E+001
  0.688688559878179E-001  0.164074048469323E+003  0.120268133356865E+001
  0.688688559878179E-001  0.164073933452512E+003  0.120272658248634E+001
  0.688688559878179E-001  0.164069360733650E+003  0.191792566735024E+001
  0.688688559878179E-001  0.164067379780019E+003  0.191714148569711E+001
  0.688688559878179E-001  0.164063671395976E+003  0.120678704146368E+001
  0.688688559878179E-001  0.164060485704713E+003  0.191439881836955E+001
  0.688688559878179E-001  0.164060312117873E+003  0.191432948543173E+001
  0.688688559878179E-001  0.164059703259081E+003  0.120836966849114E+001
  0.688688559878179E-001  0.164049117600638E+003  0.190982912540951E+001
  0.688688559878179E-001  0.164048562880866E+003  0.190960460815495E+001
  0.688688559878179E-001  0.164043899217839E+003  0.190771128433649E+001
  0.688688559878179E-001  0.164043313872696E+003  0.121498294133735E+001
  0.688688559878179E-001  0.164038674892275E+003  0.121687787561133E+001
  0.688688559878179E-001  0.164034471859010E+003  0.190385207685370E+001
  0.688688559878179E-001  0.164032308308387E+003  0.190296025162762E+001
  0.688688559878179E-001  0.164031443878790E+003  0.121985258128029E+001
  0.688688559878179E-001  0.164030605599026E+003  0.122019911251096E+001
  0.688688559878179E-001  0.164030022585003E+003  0.122044032879006E+001
  0.688688559878179E-001  0.164026705539872E+003  0.122181598562754E+001
  0.688688559878179E-001  0.164025744865418E+003  0.190024041733326E+001
  0.688688559878179E-001  0.164024678889665E+003  0.189979662370909E+001
  0.688688559878179E-001  0.164023271259107E+003  0.122324616234837E+001
  0.688688559878179E-001  0.164019034058919E+003  0.122501909138934E+001
  0.688688559878179E-001  0.164018701298898E+003  0.189729713885095E+001
  0.688688559878179E-001  0.164016484619453E+003  0.189636551280991E+001
  0.688688559878179E-001  0.164015568935400E+003  0.189597991238317E+001
  0.688688559878179E-001  0.164010249869407E+003  0.122872468332755E+001
  0.688688559878179E-001  0.164006411383785E+003  0.189209888988356E+001
  0.688688559878179E-001  0.164005113200493E+003  0.189154502212340E+001
  0.688688559878179E-001  0.163997922695726E+003  0.188846022884106E+001
  0.688688559878179E-001  0.163997716573089E+003  0.188837137144769E+001
  0.688688559878179E-001  0.163997025457937E+003  0.188807326237835E+001
  0.688688559878179E-001  0.163994931935215E+003  0.188716856791035E+001
  0.688688559878179E-001  0.163994153168637E+003  0.188683139043292E+001
  0.688688559878179E-001  0.163991679903550E+003  0.123669762572292E+001
  0.688688559878179E-001  0.163991461643920E+003  0.188566336015736E+001
  0.688688559878179E-001  0.163988330963615E+003  0.123815642107322E+001
  0.688688559878179E-001  0.163987216229017E+003  0.123864346190522E+001
  0.688688559878179E-001  0.163984815746812E+003  0.188276109373462E+001
  0.688688559878179E-001  0.163983860721755E+003  0.124011398148147E+001
  0.688688559878179E-001  0.163981508536789E+003  0.188130702750359E+001
  0.688688559878179E-001  0.163980084039065E+003  0.124177717414596E+001
  0.688688559878179E-001  0.163979514420189E+003  0.188042708217951E+001
  0.688688559878179E-001  0.163978439508393E+003  0.187995174732890E+001
  0.688688559878179E-001  0.163977371199122E+003  0.187947862874484E+001
  0.688688559878179E-001  0.163970463132322E+003  0.124605372780295E+001
  0.688688559878179E-001  0.163969153887232E+003  0.124664018944234E+001
  0.688688559878179E-001  0.163966418548106E+003  0.124786899588779E+001
  0.688688559878179E-001  0.163964011488947E+003  0.187350153213916E+001
  0.688688559878179E-001  0.163962443203810E+003  0.187279236558908E+001
  0.688688559878179E-001  0.163961352525120E+003  0.125015764391051E+001
  0.688688559878179E-001  0.163959437267957E+003  0.187142857260999E+001
  0.688688559878179E-001  0.163959335910472E+003  0.125107337756110E+001
  0.688688559878179E-001  0.163955852291348E+003  0.125266167198303E+001
  0.688688559878179E-001  0.163951894685150E+003  0.186797980913041E+001
  0.688688559878179E-001  0.163951692260362E+003  0.125456914158605E+001
  0.688688559878179E-001  0.163950254580506E+003  0.186722474431733E+001
  0.688688559878179E-001  0.163945621307796E+003  0.186508155968452E+001
  0.688688559878179E-001  0.163944651349227E+003  0.186463097548912E+001
  0.688688559878179E-001  0.163943988771691E+003  0.125813306287412E+001
  0.688688559878179E-001  0.163943468007579E+003  0.125837550119270E+001
  0.688688559878179E-001  0.163938876508635E+003  0.186193435753047E+001
  0.688688559878179E-001  0.163938535265277E+003  0.186177425352470E+001
  0.688688559878179E-001  0.163937253376792E+003  0.126128380411025E+001
  0.688688559878179E-001  0.163937093316602E+003  0.126135908115145E+001
  0.688688559878179E-001  0.163935401773269E+003  0.186030007983856E+001
  0.688688559878179E-001  0.163930860725367E+003  0.185815072273764E+001
  0.688688559878179E-001  0.163930616335861E+003  0.185803460755383E+001
  0.688688559878179E-001  0.163930302841263E+003  0.126457026739502E+001
  0.688688559878179E-001  0.163930244606226E+003  0.126459795683206E+001
  0.688688559878179E-001  0.163929335846592E+003  0.185742547301309E+001
  0.688688559878179E-001  0.163928157924048E+003  0.185686402162664E+001
  0.688688559878179E-001  0.163926734742526E+003  0.126627161677425E+001
  0.688688559878179E-001  0.163926487409040E+003  0.126638991477212E+001
  0.688688559878179E-001  0.163926224931560E+003  0.126651550797900E+001
  0.688688559878179E-001  0.163925559146547E+003  0.185562153909235E+001
  0.688688559878179E-001  0.163922855315683E+003  0.185432323953320E+001
  0.688688559878179E-001  0.163920121470501E+003  0.185300465453980E+001
  0.688688559878179E-001  0.163916131514265E+003  0.185106945758027E+001
  0.688688559878179E-001  0.163913344735277E+003  0.127274573747604E+001
  0.688688559878179E-001  0.163912580836160E+003  0.184933638754638E+001
  0.688688559878179E-001  0.163909713659526E+003  0.184792928631782E+001
  0.688688559878179E-001  0.163908950684987E+003  0.127490217722653E+001
  0.688688559878179E-001  0.163907879149018E+003  0.184702534401034E+001
  0.688688559878179E-001  0.163905483140506E+003  0.184584040395885E+001
  0.688688559878179E-001  0.163904968457080E+003  0.127687063547660E+001
  0.688688559878179E-001  0.163900923456800E+003  0.184357168733804E+001
  0.688688559878179E-001  0.163899640106578E+003  0.127952601125814E+001
  0.688688559878179E-001  0.163899518572219E+003  0.127958686975987E+001
  0.688688559878179E-001  0.163897426747182E+003  0.128063642288600E+001
  0.688688559878179E-001  0.163896652825043E+003  0.184143013258245E+001
  0.688688559878179E-001  0.163896244731648E+003  0.128123122745071E+001
  0.688688559878179E-001  0.163895789928229E+003  0.184099543282165E+001
  0.688688559878179E-001  0.163894083955762E+003  0.128232183502401E+001
  0.688688559878179E-001  0.163892102444962E+003  0.183913013548102E+001
  0.688688559878179E-001  0.163889385097444E+003  0.128470833511505E+001
  0.688688559878179E-001  0.163888088956261E+003  0.128537026438589E+001
  0.688688559878179E-001  0.163885512034772E+003  0.128669101891715E+001
  0.688688559878179E-001  0.163885234794054E+003  0.183562236736905E+001
  0.688688559878179E-001  0.163883368448751E+003  0.183466132402802E+001
  0.688688559878179E-001  0.163879835040544E+003  0.128962331840134E+001
  0.688688559878179E-001  0.163878150930313E+003  0.129049930883802E+001
  0.688688559878179E-001  0.163873858684700E+003  0.129274484639222E+001
  0.688688559878179E-001  0.163873753265657E+003  0.182965562584788E+001
  0.688688559878179E-001  0.163873445809859E+003  0.182949402218968E+001
  0.688688559878179E-001  0.163866097488324E+003  0.182560223470144E+001
  0.688688559878179E-001  0.163863875969016E+003  0.129804150542603E+001
  0.688688559878179E-001  0.163863152419871E+003  0.182402630235914E+001
  0.688688559878179E-001  0.163861623749831E+003  0.129925129978716E+001
  0.688688559878179E-001  0.163861041547020E+003  0.129956494370474E+001
  0.688688559878179E-001  0.163860994987486E+003  0.129959004246274E+001
  0.688688559878179E-001  0.163858423620414E+003  0.182147591715292E+001
  0.688688559878179E-001  0.163856699970022E+003  0.182054006241776E+001
  0.688688559878179E-001  0.163856496061444E+003  0.130202673287817E+001
  0.688688559878179E-001  0.163855299428640E+003  0.130267871474820E+001
  0.688688559878179E-001  0.163852046989257E+003  0.181799669830987E+001
  0.688688559878179E-001  0.163851671394459E+003  0.130466556494963E+001
  0.688688559878179E-001  0.163851537217853E+003  0.181771651945673E+001
  0.688688559878179E-001  0.163850776002923E+003  0.181729757239142E+001
  0.688688559878179E-001  0.163850202965643E+003  0.130547412056811E+001
  0.688688559878179E-001  0.163846802315925E+003  0.181509936468401E+001
  0.688688559878179E-001  0.163846109866279E+003  0.130774150230484E+001
  0.688688559878179E-001  0.163846001678308E+003  0.130780170846347E+001
  0.688688559878179E-001  0.163845719202878E+003  0.181449688743326E+001
  0.688688559878179E-001  0.163845516182089E+003  0.181438379837414E+001
  0.688688559878179E-001  0.163844351459829E+003  0.181373403212186E+001
  0.688688559878179E-001  0.163842190669968E+003  0.181252413777735E+001
  0.688688559878179E-001  0.163841719368328E+003  0.181225946647592E+001
  0.688688559878179E-001  0.163840837784323E+003  0.181176364012728E+001
  0.688688559878179E-001  0.163838979932186E+003  0.131174035164928E+001
  0.688688559878179E-001  0.163833832236694E+003  0.180778809213137E+001
  0.688688559878179E-001  0.163833791369749E+003  0.131469114712470E+001
  0.688688559878179E-001  0.163833224861771E+003  0.180744039160158E+001
  0.688688559878179E-001  0.163832183264390E+003  0.131561289144647E+001
  0.688688559878179E-001  0.163832086717794E+003  0.180678751902054E+001
  0.688688559878179E-001  0.163831904823304E+003  0.131577284167727E+001
  0.688688559878179E-001  0.163830446798343E+003  0.131661211052866E+001
  0.688688559878179E-001  0.163829685235207E+003  0.131705162864922E+001
  0.688688559878179E-001  0.163828488612898E+003  0.131774383355833E+001
  0.688688559878179E-001  0.163825623128565E+003  0.131940947120616E+001
  0.688688559878179E-001  0.163825578960780E+003  0.131943523467744E+001
  0.688688559878179E-001  0.163825131361787E+003  0.180275938148481E+001
  0.688688559878179E-001  0.163825080067639E+003  0.180272942532540E+001
  0.688688559878179E-001  0.163824885612180E+003  0.180261582814765E+001
  0.688688559878179E-001  0.163824272083710E+003  0.180225706555476E+001
  0.688688559878179E-001  0.163822905966036E+003  0.132099956028631E+001
  0.688688559878179E-001  0.163822132830123E+003  0.180100193170026E+001
  0.688688559878179E-001  0.163820854802227E+003  0.180024894764980E+001
  0.688688559878179E-001  0.163819608207184E+003  0.132294366904683E+001
  0.688688559878179E-001  0.163819415961570E+003  0.179939836776073E+001
  0.688688559878179E-001  0.163818470223864E+003  0.179883763043736E+001
  0.688688559878179E-001  0.163818107809615E+003  0.179862240038588E+001
  0.688688559878179E-001  0.163817023915845E+003  0.132447832833076E+001
  0.688688559878179E-001  0.163815106213931E+003  0.179683225946109E+001
  0.688688559878179E-001  0.163815067096064E+003  0.132564701986156E+001
  0.688688559878179E-001  0.163814948201954E+003  0.132571821509977E+001
  0.688688559878179E-001  0.163814756603743E+003  0.132583299174750E+001
  0.688688559878179E-001  0.163814645238916E+003  0.132589973042078E+001
  0.688688559878179E-001  0.163814578247418E+003  0.132593988618018E+001
  0.688688559878179E-001  0.163813920563808E+003  0.179612138315790E+001
  0.688688559878179E-001  0.163813042817353E+003  0.179559372663647E+001
  0.688688559878179E-001  0.163807800809056E+003  0.179241742672249E+001
  0.688688559878179E-001  0.163807324008286E+003  0.179212635004846E+001
  0.688688559878179E-001  0.163806570388089E+003  0.133079032856846E+001
  0.688688559878179E-001  0.163804442717920E+003  0.133209634448653E+001
  0.688688559878179E-001  0.163804229276495E+003  0.133222777112335E+001
  0.688688559878179E-001  0.163803933801363E+003  0.133240983462820E+001
  0.688688559878179E-001  0.163803488309300E+003  0.178977125122067E+001
  0.688688559878179E-001  0.163802231777542E+003  0.133346140762680E+001
  0.688688559878179E-001  0.163801451460883E+003  0.178851071717228E+001
  0.688688559878179E-001  0.163801089885112E+003  0.133416964055275E+001
  0.688688559878179E-001  0.163798499883834E+003  0.133578427642989E+001
  0.688688559878179E-001  0.163797541899112E+003  0.133638443235295E+001
  0.688688559878179E-001  0.163797520408750E+003  0.133639791395455E+001
  0.688688559878179E-001  0.163795829765511E+003  0.178499480502941E+001
  0.688688559878179E-001  0.163795178238667E+003  0.133787211043683E+001
  0.688688559878179E-001  0.163791577788460E+003  0.178229840242890E+001
  0.688688559878179E-001  0.163791480238449E+003  0.178223615480187E+001
  0.688688559878179E-001  0.163791376609870E+003  0.178217000916923E+001
  0.688688559878179E-001  0.163790033859563E+003  0.134114471941830E+001
  0.688688559878179E-001  0.163787901011782E+003  0.177993996494365E+001
  0.688688559878179E-001  0.163787269150625E+003  0.177953209736266E+001
  0.688688559878179E-001  0.163785344138724E+003  0.177828477429818E+001
  0.688688559878179E-001  0.163785339400340E+003  0.134417416458197E+001
  0.688688559878179E-001  0.163784832632758E+003  0.177795213374238E+001
  0.688688559878179E-001  0.163784547804335E+003  0.134468917602733E+001
  0.688688559878179E-001  0.163783958991199E+003  0.134507305299581E+001
  0.688688559878179E-001  0.163779220760481E+003  0.177426853774232E+001
  0.688688559878179E-001  0.163778975219728E+003  0.177410591096478E+001
  0.688688559878179E-001  0.163777842584272E+003  0.177335412879860E+001
  0.688688559878179E-001  0.163777746281635E+003  0.134916577439205E+001
  0.688688559878179E-001  0.163777688700148E+003  0.177325178315514E+001
  0.688688559878179E-001  0.163777205391450E+003  0.134952583852025E+001
  0.688688559878179E-001  0.163777027140728E+003  0.134964463213267E+001
  0.688688559878179E-001  0.163776815319728E+003  0.177266997463477E+001
  0.688688559878179E-001  0.163776147298609E+003  0.135023197492728E+001
  0.688688559878179E-001  0.163772854418886E+003  0.177001104412018E+001
  0.688688559878179E-001  0.163772197947418E+003  0.135288877944357E+001
  0.688688559878179E-001  0.163771519291332E+003  0.176910711657816E+001
  0.688688559878179E-001  0.163770614411683E+003  0.135396361934566E+001
  0.688688559878179E-001  0.163770279376906E+003  0.135419174257059E+001
  0.688688559878179E-001  0.163769704828938E+003  0.135458353516753E+001
  0.688688559878179E-001  0.163769283751299E+003  0.135487114647534E+001
  0.688688559878179E-001  0.163769258988215E+003  0.176756778673104E+001
  0.688688559878179E-001  0.163769239481531E+003  0.135490140762396E+001
  0.688688559878179E-001  0.163768871940738E+003  0.135515281628584E+001
  0.688688559878179E-001  0.163767801773168E+003  0.176656926461328E+001
  0.688688559878179E-001  0.163767038940698E+003  0.135641124921584E+001
  0.688688559878179E-001  0.163766342082680E+003  0.135689170533652E+001
  0.688688559878179E-001  0.163765310271938E+003  0.176485067966336E+001
  0.688688559878179E-001  0.163762637690408E+003  0.135946494295160E+001
  0.688688559878179E-001  0.163761985518592E+003  0.176253448373821E+001
  0.688688559878179E-001  0.163757242160070E+003  0.175918310635145E+001
  0.688688559878179E-001  0.163756611892072E+003  0.136372234371295E+001
  0.688688559878179E-001  0.163755087213852E+003  0.175764165849182E+001
  0.688688559878179E-001  0.163753648454402E+003  0.175660573373581E+001
  0.688688559878179E-001  0.163753220375311E+003  0.175629644952791E+001
  0.688688559878179E-001  0.163748507426054E+003  0.175285837870826E+001
  0.688688559878179E-001  0.163746411019309E+003  0.175130907963984E+001
  0.688688559878179E-001  0.163745202618341E+003  0.137204558432422E+001
  0.688688559878179E-001  0.163745100454203E+003  0.175033409028527E+001
  0.688688559878179E-001  0.163744585816276E+003  0.174994985024024E+001
  0.688688559878179E-001  0.163744061963392E+003  0.174955792497943E+001
  0.688688559878179E-001  0.163743168975269E+003  0.174888794095205E+001
  0.688688559878179E-001  0.163742797621775E+003  0.137384724020156E+001
  0.688688559878179E-001  0.163742745432566E+003  0.137388652879536E+001
  0.688688559878179E-001  0.163741916156577E+003  0.174794393382054E+001
  0.688688559878179E-001  0.163741773245453E+003  0.174783594590264E+001
  0.688688559878179E-001  0.163739446566673E+003  0.174606896341333E+001
  0.688688559878179E-001  0.163738169512268E+003  0.174509189394418E+001
  0.688688559878179E-001  0.163737245347836E+003  0.174438156841420E+001
  0.688688559878179E-001  0.163734047239325E+003  0.138055395403038E+001
  0.688688559878179E-001  0.163733856865595E+003  0.138070263494391E+001
  0.688688559878179E-001  0.163733856662600E+003  0.174175306622492E+001
  0.688688559878179E-001  0.163731653187890E+003  0.138243269474073E+001
  0.688688559878179E-001  0.163731343304037E+003  0.173977853752850E+001
  0.688688559878179E-001  0.163730326865135E+003  0.173897378038338E+001
  0.688688559878179E-001  0.163730297486410E+003  0.173895046583441E+001
  0.688688559878179E-001  0.163730025180552E+003  0.173873422194250E+001
  0.688688559878179E-001  0.163730000012834E+003  0.173871422241961E+001
  0.688688559878179E-001  0.163729603826594E+003  0.173839909560608E+001
  0.688688559878179E-001  0.163729603181672E+003  0.138405727759465E+001
  0.688688559878179E-001  0.163729467893796E+003  0.138416501443498E+001
  0.688688559878179E-001  0.163728483129129E+003  0.173750464146352E+001
  0.688688559878179E-001  0.163727455559571E+003  0.173668050759238E+001
  0.688688559878179E-001  0.163727318524477E+003  0.173657030963938E+001
  0.688688559878179E-001  0.163726755945327E+003  0.138633868067549E+001
  0.688688559878179E-001  0.163726556930809E+003  0.138649925871136E+001
  0.688688559878179E-001  0.163725558768065E+003  0.138730687877662E+001
  0.688688559878179E-001  0.163724741211485E+003  0.138797117369485E+001
  0.688688559878179E-001  0.163723792153220E+003  0.173371033238624E+001
  0.688688559878179E-001  0.163721704743960E+003  0.173199482331545E+001
  0.688688559878179E-001  0.163720571198822E+003  0.139139988534738E+001
  0.688688559878179E-001  0.163720257905902E+003  0.173079557541735E+001
  0.688688559878179E-001  0.163720177498894E+003  0.173072867918456E+001
  0.688688559878179E-001  0.163719282259905E+003  0.139247378399197E+001
  0.688688559878179E-001  0.163719274151803E+003  0.139248056100843E+001
  0.688688559878179E-001  0.163718274432934E+003  0.139331825471234E+001
  0.688688559878179E-001  0.163718061976085E+003  0.172895904222530E+001
  0.688688559878179E-001  0.163717350042864E+003  0.139409656420995E+001
  0.688688559878179E-001  0.163717258473839E+003  0.139417386005335E+001
  0.688688559878179E-001  0.163716349279309E+003  0.139494328475559E+001
  0.688688559878179E-001  0.163715365462790E+003  0.172667596913126E+001
  0.688688559878179E-001  0.163715088377265E+003  0.172643957991881E+001
  0.688688559878179E-001  0.163713307785207E+003  0.139754349702638E+001
  0.688688559878179E-001  0.163712912056750E+003  0.172457100633598E+001
  0.688688559878179E-001  0.163712910462312E+003  0.172456962952597E+001
  0.688688559878179E-001  0.163712540485193E+003  0.172424983707320E+001
  0.688688559878179E-001  0.163711786881367E+003  0.172359650599821E+001
  0.688688559878179E-001  0.163711647809122E+003  0.172347565083358E+001
  0.688688559878179E-001  0.163710510399959E+003  0.139997202843845E+001
  0.688688559878179E-001  0.163709843712701E+003  0.172189963476406E+001
  0.688688559878179E-001  0.163709620718632E+003  0.140075210216406E+001
  0.688688559878179E-001  0.163707751764179E+003  0.172005257836886E+001
  0.688688559878179E-001  0.163706744990595E+003  0.171915596217021E+001
  0.688688559878179E-001  0.163705398123358E+003  0.140450741703472E+001
  0.688688559878179E-001  0.163704417130505E+003  0.171706305485363E+001
  0.688688559878179E-001  0.163702766398044E+003  0.140689412560444E+001
  0.688688559878179E-001  0.163702638780132E+003  0.171544505862167E+001
  0.688688559878179E-001  0.163701929017401E+003  0.171479453571500E+001
  0.688688559878179E-001  0.163701625314409E+003  0.171451533769758E+001
  0.688688559878179E-001  0.163701502930481E+003  0.171440268474111E+001
  0.688688559878179E-001  0.163701152014407E+003  0.171407921031251E+001
  0.688688559878179E-001  0.163700965635836E+003  0.140854873188009E+001
  0.688688559878179E-001  0.163700721742365E+003  0.140877421092267E+001
  0.688688559878179E-001  0.163700055358696E+003  0.140939198860835E+001
  0.688688559878179E-001  0.163699152833528E+003  0.171222314641382E+001
  0.688688559878179E-001  0.163698225098071E+003  0.171135403046022E+001
  0.688688559878179E-001  0.163698105300824E+003  0.141121442418038E+001
  0.688688559878179E-001  0.163695619014209E+003  0.170888524731099E+001
  0.688688559878179E-001  0.163695574354282E+003  0.170884258043425E+001
  0.688688559878179E-001  0.163695014363621E+003  0.141414932978549E+001
  0.688688559878179E-001  0.163694496137429E+003  0.170780871204308E+001
  0.688688559878179E-001  0.163693816589915E+003  0.141530250755168E+001
  0.688688559878179E-001  0.163691961804999E+003  0.170534941932655E+001
  0.688688559878179E-001  0.163691934139306E+003  0.141713351857591E+001
  0.688688559878179E-001  0.163691422999615E+003  0.141763472139064E+001
  0.688688559878179E-001  0.163691211695327E+003  0.170461343015369E+001
  0.688688559878179E-001  0.163691098176615E+003  0.170450171900841E+001
  0.688688559878179E-001  0.163690397473077E+003  0.170381023534798E+001
  0.688688559878179E-001  0.163690351352628E+003  0.170376460408754E+001
  0.688688559878179E-001  0.163687687245772E+003  0.170110349181011E+001
  0.688688559878179E-001  0.163687116861837E+003  0.142192871780527E+001
  0.688688559878179E-001  0.163686688864975E+003  0.142236276218546E+001
  0.688688559878179E-001  0.163686448945737E+003  0.169984919388629E+001
  0.688688559878179E-001  0.163685904735682E+003  0.169929434872444E+001
  0.688688559878179E-001  0.163685857766920E+003  0.169924635752500E+001
  0.688688559878179E-001  0.163685152190285E+003  0.142393245700402E+001
  0.688688559878179E-001  0.163684183858815E+003  0.142493088072686E+001
  0.688688559878179E-001  0.163683136248242E+003  0.142601934982204E+001
  0.688688559878179E-001  0.163682728183579E+003  0.142644570848088E+001
  0.688688559878179E-001  0.163682003295319E+003  0.169524942071570E+001
  0.688688559878179E-001  0.163681759520909E+003  0.169499262071532E+001
  0.688688559878179E-001  0.163681755479029E+003  0.142746750106132E+001
  0.688688559878179E-001  0.163679586085717E+003  0.142977498102271E+001
  0.688688559878179E-001  0.163678568696290E+003  0.169158466161130E+001
  0.688688559878179E-001  0.163678154257511E+003  0.143132039936827E+001
  0.688688559878179E-001  0.163678069826772E+003  0.143141210260234E+001
  0.688688559878179E-001  0.163678003708666E+003  0.169097189868593E+001
  0.688688559878179E-001  0.163677541202422E+003  0.169046812037435E+001
  0.688688559878179E-001  0.163677341620196E+003  0.169025012073328E+001
  0.688688559878179E-001  0.163677016848924E+003  0.143256126968713E+001
  0.688688559878179E-001  0.163675028179185E+003  0.168769577588118E+001
  0.688688559878179E-001  0.163674906924274E+003  0.168756047000043E+001
  0.688688559878179E-001  0.163674504551360E+003  0.143534543154528E+001
  0.688688559878179E-001  0.163674415524201E+003  0.168701063652926E+001
  0.688688559878179E-001  0.163673798503346E+003  0.143613903780970E+001
  0.688688559878179E-001  0.163672240707030E+003  0.143790808276616E+001
  0.688688559878179E-001  0.163671779544471E+003  0.143843667149376E+001
  0.688688559878179E-001  0.163670357106131E+003  0.168237424922792E+001
  0.688688559878179E-001  0.163669657556043E+003  0.144089883426133E+001
  0.688688559878179E-001  0.163669077751820E+003  0.144158039960610E+001
  0.688688559878179E-001  0.163668123251779E+003  0.144271096058732E+001
  0.688688559878179E-001  0.163667689161346E+003  0.167922715599221E+001
  0.688688559878179E-001  0.163876525825936E+003  0.167674462974535E+001
  0.688688559878179E-001  0.163871729379399E+003  0.167073160726356E+001
  0.688688559878179E-001  0.163871314421029E+003  0.167019580480446E+001
  0.688688559878179E-001  0.163868676898414E+003  0.166672658566616E+001
  0.688688559878179E-001  0.163868646295184E+003  0.166668566246013E+001
  0.688688559878179E-001  0.163867681642812E+003  0.166538747073439E+001
  0.688688559878179E-001  0.163867491343630E+003  0.166512945798616E+001
  0.688688559878179E-001  0.163865952826263E+003  0.166301948064128E+001
  0.688688559878179E-001  0.163865825771364E+003  0.166284327459237E+001
  0.688688559878179E-001  0.163865801720859E+003  0.166280988575304E+001
  0.688688559878179E-001  0.163865576470002E+003  0.166249664007873E+001
  0.688688559878179E-001  0.163865405875409E+003  0.166225875596341E+001
  0.688688559878179E-001  0.163864846579173E+003  0.166147489124995E+001
  0.688688559878179E-001  0.163864653064650E+003  0.166120224570551E+001
  0.688688559878179E-001  0.163861603853960E+003  0.165680354062952E+001
  0.688688559878179E-001  0.163860545455412E+003  0.165522861419643E+001
  0.688688559878179E-001  0.163858981343981E+003  0.165285162203284E+001
  0.688688559878179E-001  0.163858114362508E+003  0.165150710801989E+001
  0.688688559878179E-001  0.163857074277543E+003  0.164986724087597E+001
  0.688688559878179E-001  0.163856921169841E+003  0.164962327233997E+001
  0.688688559878179E-001  0.163856571346231E+003  0.164906330515660E+001
  0.688688559878179E-001  0.163856021515693E+003  0.164817589603761E+001
  0.688688559878179E-001  0.163855398587763E+003  0.164715943803674E+001
  0.688688559878179E-001  0.163854877647375E+003  0.164630007293411E+001
  0.688688559878179E-001  0.163853953651725E+003  0.164475406449281E+001
  0.688688559878179E-001  0.163851548638461E+003  0.164058896217841E+001
  0.688688559878179E-001  0.163851342799783E+003  0.164022228049097E+001
  0.688688559878179E-001  0.163849832555671E+003  0.163747801466734E+001
  0.688688559878179E-001  0.163848663459066E+003  0.163528385041759E+001
  0.688688559878179E-001  0.163848643560729E+003  0.163524594221194E+001
  0.688688559878179E-001  0.163848636805547E+003  0.148722279123384E+001
  0.688688559878179E-001  0.163848330033019E+003  0.148780980123540E+001
  0.688688559878179E-001  0.163847998258470E+003  0.163400587807190E+001
  0.688688559878179E-001  0.163846914458693E+003  0.163187419992033E+001
  0.688688559878179E-001  0.163845725556041E+003  0.162945924398619E+001
  0.688688559878179E-001  0.163845607390969E+003  0.162921453498179E+001
  0.688688559878179E-001  0.163845375096708E+003  0.149372497090605E+001
  0.688688559878179E-001  0.163844972160888E+003  0.149457222214157E+001
  0.688688559878179E-001  0.163844959743237E+003  0.162785735597029E+001
  0.688688559878179E-001  0.163844861954894E+003  0.162765002589293E+001
  0.688688559878179E-001  0.163844807846779E+003  0.149492083207059E+001
  0.688688559878179E-001  0.163844681775084E+003  0.162726630548687E+001
  0.688688559878179E-001  0.163844059518576E+003  0.162592361546116E+001
  0.688688559878179E-001  0.163843697943355E+003  0.149732540063038E+001
  0.688688559878179E-001  0.163843332722786E+003  0.149813667514423E+001
  0.688688559878179E-001  0.163842875437286E+003  0.162328845330539E+001
  0.688688559878179E-001  0.163842625418357E+003  0.149973825978348E+001
  0.688688559878179E-001  0.163842371635251E+003  0.150032317935914E+001
  0.688688559878179E-001  0.163842262622904E+003  0.150057616303949E+001
  0.688688559878179E-001  0.163841939668162E+003  0.150133191189784E+001
  0.688688559878179E-001  0.163841894726591E+003  0.162101802260891E+001
  0.688688559878179E-001  0.163841460447596E+003  0.150247125073311E+001
  0.688688559878179E-001  0.163840980786361E+003  0.150363420272088E+001
  0.688688559878179E-001  0.163840958520795E+003  0.150368875706808E+001
  0.688688559878179E-001  0.163840759288153E+003  0.161827662766152E+001
  0.688688559878179E-001  0.163840335462301E+003  0.161721895463497E+001
  0.688688559878179E-001  0.163840211690762E+003  0.150554957191839E+001
  0.688688559878179E-001  0.163839917244095E+003  0.161615531535828E+001
  0.688688559878179E-001  0.163839773679922E+003  0.150667044672021E+001
  0.688688559878179E-001  0.163839699576118E+003  0.150686236475322E+001
  0.688688559878179E-001  0.163839324633875E+003  0.161461187333548E+001
  0.688688559878179E-001  0.163839101876351E+003  0.150843582175493E+001
  0.688688559878179E-001  0.163839079344944E+003  0.150849605443931E+001
  0.688688559878179E-001  0.163839023353356E+003  0.161380982556299E+001
  0.688688559878179E-001  0.163839015606934E+003  0.161378904219803E+001
  0.688688559878179E-001  0.163838638726234E+003  0.150968809631156E+001
  0.688688559878179E-001  0.163838592086145E+003  0.150981589317553E+001
  0.688688559878179E-001  0.163838479593640E+003  0.161233041484500E+001
  0.688688559878179E-001  0.163838451676755E+003  0.151020255618727E+001
  0.688688559878179E-001  0.163838188110816E+003  0.151093639796931E+001
  0.688688559878179E-001  0.163838083107297E+003  0.161122410210650E+001
  0.688688559878179E-001  0.163837925480898E+003  0.161077741676923E+001
  0.688688559878179E-001  0.163837841941153E+003  0.161053903942059E+001
  0.688688559878179E-001  0.163837721077151E+003  0.151226375504229E+001
  0.688688559878179E-001  0.163837348716816E+003  0.151334839869617E+001
  0.688688559878179E-001  0.163837316212174E+003  0.151344424944265E+001
  0.688688559878179E-001  0.163836810951093E+003  0.160749615437270E+001
  0.688688559878179E-001  0.163836619982378E+003  0.160691028224938E+001
  0.688688559878179E-001  0.163836304924598E+003  0.160592693612232E+001
  0.688688559878179E-001  0.163835809051796E+003  0.160433382302910E+001
  0.688688559878179E-001  0.163835553845846E+003  0.151896534886743E+001
  0.688688559878179E-001  0.163835200416626E+003  0.152016182205687E+001
  0.688688559878179E-001  0.163835152505327E+003  0.160212914849977E+001
  0.688688559878179E-001  0.163834885915885E+003  0.152125661278136E+001
  0.688688559878179E-001  0.163834794468759E+003  0.152158061682180E+001
  0.688688559878179E-001  0.163834701549375E+003  0.160054328768265E+001
  0.688688559878179E-001  0.163834674812026E+003  0.160044724772606E+001
  0.688688559878179E-001  0.163834603603748E+003  0.160019031440816E+001
  0.688688559878179E-001  0.163833785314449E+003  0.152534991073605E+001
  0.688688559878179E-001  0.163833755559074E+003  0.152546707947734E+001
  0.688688559878179E-001  0.163833654432597E+003  0.159658766926941E+001
  0.688688559878179E-001  0.163833568947795E+003  0.159624501645880E+001
  0.688688559878179E-001  0.163833456781403E+003  0.152666559783410E+001
  0.688688559878179E-001  0.163832944590674E+003  0.152882317005162E+001
  0.688688559878179E-001  0.163832938012944E+003  0.152885181343464E+001
  0.688688559878179E-001  0.163832865339603E+003  0.152916998008407E+001
  0.688688559878179E-001  0.163832596674942E+003  0.153037467650875E+001
  0.688688559878179E-001  0.163831802679324E+003  0.158820831563669E+001
  0.688688559878179E-001  0.163831653692196E+003  0.153503799436777E+001
  0.688688559878179E-001  0.163831593273227E+003  0.158709042872419E+001
  0.688688559878179E-001  0.163831532464622E+003  0.153569921947363E+001
  0.688688559878179E-001  0.163831388735356E+003  0.153650608169845E+001
  0.688688559878179E-001  0.163831274902600E+003  0.158529155700765E+001
  0.688688559878179E-001  0.163830913082978E+003  0.153938781268150E+001
  0.688688559878179E-001  0.163830854681454E+003  0.153976829443804E+001
  0.688688559878179E-001  0.163830752905963E+003  0.154044799682990E+001
  0.688688559878179E-001  0.163830695715089E+003  0.154083988510724E+001
  0.688688559878179E-001  0.163830558471491E+003  0.158064330178160E+001
  0.688688559878179E-001  0.163830502807436E+003  0.158023461622824E+001
  0.688688559878179E-001  0.163830296866093E+003  0.157863939580506E+001
  0.688688559878179E-001  0.163830200163962E+003  0.157783756498407E+001
  0.688688559878179E-001  0.163830100727184E+003  0.154548533223190E+001
  0.688688559878179E-001  0.163830061253534E+003  0.157661279484812E+001
  0.688688559878179E-001  0.163829980860408E+003  0.157585720148712E+001
  0.688688559878179E-001  0.163829644210861E+003  0.157213886493456E+001
  0.688688559878179E-001  0.163829629218725E+003  0.155051255306839E+001
  0.688688559878179E-001  0.163829623309510E+003  0.155059062095094E+001
  0.688688559878179E-001  0.163829604101649E+003  0.155084843549314E+001
  0.688688559878179E-001  0.163829501810657E+003  0.155234659282858E+001
  0.688688559878179E-001  0.163829492234255E+003  0.156995585602957E+001
  0.688688559878179E-001  0.163829460008924E+003  0.156941854016572E+001
  0.688688559878179E-001  0.163829369888422E+003  0.156768266244480E+001
