  0.866436626415342E-069  0.479928515653794E+003  0.109060508095910E+002
  0.231891108194851E-068  0.477953499320636E+003  0.108761929234759E+002
  0.286648078017144E-068  0.477523436327678E+003  0.108696786227434E+002
  0.299838806733716E-068  0.477427368512886E+003  0.108682228300215E+002
  0.333137019539765E-068  0.477216750800738E+003  0.108650303735912E+002
  0.402265530894073E-068  0.476833526886282E+003  0.108592188118531E+002
  0.578709761163162E-068  0.476106149524972E+003  0.108481781868791E+002
  0.671768257187793E-068  0.475801799246239E+003  0.108435546558399E+002
  0.254924464728164E-067  0.473128395763482E+003  0.108028423044725E+002
  0.174593328618475E-066  0.469274115701165E+003  0.107438290818987E+002
  0.276643431000550E-066  0.468347450139902E+003  0.107295841832390E+002
  0.479716070153878E-066  0.467240394592618E+003  0.107125372233316E+002
  0.127720634221887E-065  0.465275796977202E+003  0.106822069907689E+002
  0.169289040184466E-065  0.464706146963291E+003  0.106733936289394E+002
  0.302601296960328E-065  0.463538404311389E+003  0.106553001534155E+002
  0.349585798102954E-065  0.463243612867767E+003  0.106507268421400E+002
  0.381263653367941E-065  0.463064003049282E+003  0.106479392976758E+002
  0.984092441750161E-065  0.461161420073991E+003  0.106183585314216E+002
  0.101138564754565E-064  0.461100580974217E+003  0.106174110298509E+002
  0.152093954885945E-064  0.460284567075686E+003  0.106046929223156E+002
  0.180629625319093E-064  0.459934522254200E+003  0.105992317608362E+002
  0.750587262747981E-064  0.457085707751624E+003  0.105546631753506E+002
  0.114764520722818E-063  0.456230321300457E+003  0.105412378102556E+002
  0.123224251127171E-063  0.456081910983160E+003  0.105389064535346E+002
  0.153153736853671E-063  0.455647038267866E+003  0.105320716107174E+002
  0.255513086456597E-063  0.454623375479065E+003  0.105159622310621E+002
  0.278685574615009E-063  0.454443552831181E+003  0.105131293688121E+002
  0.425688200146111E-063  0.453596306870905E+003  0.104997700760921E+002
  0.654067117830613E-063  0.452737301232702E+003  0.104862049429018E+002
  0.810253681963042E-063  0.452309026405905E+003  0.104794340603123E+002
  0.159837896277085E-062  0.450943970899616E+003  0.104578185991237E+002
  0.167392168107949E-062  0.450851612463454E+003  0.104563542191609E+002
  0.249851776156497E-062  0.450044276073062E+003  0.104435432987079E+002
  0.800010247045853E-062  0.447716762693588E+003  0.104065061566620E+002
  0.107870260875465E-061  0.447112683928962E+003  0.103968682256289E+002
  0.587851711661577E-061  0.443715293694692E+003  0.103424666434755E+002
  0.120985844566487E-060  0.442271725855388E+003  0.103192488465089E+002
  0.302261112441050E-060  0.440434171329113E+003  0.102896049734458E+002
  0.310509280917377E-060  0.440374007135305E+003  0.102886326878204E+002
  0.159505760349459E-059  0.437094785337823E+003  0.102354738578428E+002
  0.206205121707380E-059  0.436574883470842E+003  0.102270158807746E+002
  0.229726523439673E-059  0.436352528024005E+003  0.102233959896902E+002
  0.536555185072536E-059  0.434655968333788E+003  0.101957264586801E+002
  0.120387267843611E-058  0.433039709426955E+003  0.101692838442009E+002
  0.157473671812744E-058  0.432502620421509E+003  0.101604788631253E+002
  0.255137675602634E-058  0.431537530376333E+003  0.101446345809471E+002
  0.465499693056338E-058  0.430334914109243E+003  0.101248497076171E+002
  0.758595330936017E-058  0.429351779483861E+003  0.101086416202720E+002
  0.809643821688765E-058  0.429215107032089E+003  0.101063859862226E+002
  0.869320666170518E-058  0.429072871755087E+003  0.101040379112051E+002
  0.121817590229754E-057  0.428398076167774E+003  0.100928893188672E+002
  0.126926893853751E-057  0.428315903131861E+003  0.100915307070902E+002
  0.154425931939284E-057  0.427917213554624E+003  0.100849358799218E+002
  0.247534837012952E-057  0.426973540052126E+003  0.100693059641611E+002
  0.524574763173203E-057  0.425464962717823E+003  0.100442598187993E+002
  0.769152980267858E-057  0.424699558869278E+003  0.100315238862881E+002
  0.171623394428773E-056  0.423087838141655E+003  0.100046428531256E+002
  0.806618680395806E-056  0.419986215785048E+003  0.995267024054610E+001
  0.975931812468370E-056  0.419605132428852E+003  0.994626236172479E+001
  0.116406666749559E-055  0.419252568065985E+003  0.994032966292350E+001
  0.176893783374418E-055  0.418415648765230E+003  0.992622973961169E+001
  0.196207623007726E-055  0.418201811091213E+003  0.992262331478373E+001
  0.485571185518738E-055  0.416382916298492E+003  0.989188408860349E+001
  0.642186063047228E-055  0.415817222147817E+003  0.988230073699058E+001
  0.169907072674315E-054  0.413864715016567E+003  0.984913843667288E+001
  0.291135913483171E-054  0.412781048107749E+003  0.983067554006608E+001
  0.326870966552188E-054  0.412542907754864E+003  0.982661271368481E+001
  0.108186586044030E-053  0.410149153789499E+003  0.978566226288638E+001
  0.113134444676065E-053  0.410059714784754E+003  0.978412825887062E+001
  0.122631443989796E-053  0.409898501625762E+003  0.978136250469062E+001
  0.169685173257141E-053  0.409242323383126E+003  0.977009557184340E+001
  0.206766322006140E-053  0.408840378846344E+003  0.976318632424324E+001
  0.102738133114368E-052  0.405627364925174E+003  0.970774540729364E+001
  0.179504227318566E-052  0.404511334116634E+003  0.968839967232874E+001
  0.430997560760480E-052  0.402759526771780E+003  0.965793990469314E+001
  0.445332600188006E-052  0.402687388620922E+003  0.965668313674993E+001
  0.682210615622291E-052  0.401834354597750E+003  0.964180702740107E+001
  0.188335359540533E-051  0.399796690175729E+003  0.960616074690581E+001
  0.233508936935522E-051  0.399359975182028E+003  0.959850041532220E+001
  0.386507246194792E-051  0.398345391954820E+003  0.958067556428908E+001
  0.417856338351066E-051  0.398182695121008E+003  0.957781351425274E+001
  0.458374765915947E-051  0.397997596260180E+003  0.957455614024117E+001
  0.475960300234892E-051  0.397915556226870E+003  0.957311197427657E+001
  0.102565102864926E-050  0.396373314073980E+003  0.954591499086564E+001
  0.135989794275675E-050  0.395802404517079E+003  0.953582364686125E+001
  0.266038424871777E-050  0.394460282693229E+003  0.951204998001176E+001
  0.519882598504265E-050  0.393113589974814E+003  0.948812368237204E+001
  0.938682443298395E-050  0.391931841530850E+003  0.946706825141742E+001
  0.198433423638099E-049  0.390434718523622E+003  0.944031293936319E+001
  0.222458579067839E-049  0.390199329654572E+003  0.943609799945335E+001
  0.362685659442562E-049  0.389221738485812E+003  0.941856878003222E+001
  0.452187668217052E-049  0.388780616922472E+003  0.941064619749151E+001
  0.516966017743969E-049  0.388512857214846E+003  0.940583330688559E+001
  0.548424801823890E-049  0.388387826466843E+003  0.940358490964837E+001
  0.760652202410611E-049  0.387726689670700E+003  0.939168511648663E+001
  0.194099913672131E-048  0.385846241158174E+003  0.935773965113693E+001
  0.200530567679417E-048  0.385781053864244E+003  0.935656025272481E+001
  0.255531234317413E-048  0.385289389479289E+003  0.934765908036816E+001
  0.433706050020279E-048  0.384231344778217E+003  0.932846947122889E+001
  0.442685522787920E-048  0.384183427089074E+003  0.932759927247719E+001
  0.150183295896666E-047  0.381733330719895E+003  0.928297413174552E+001
  0.152893824315989E-047  0.381697556317829E+003  0.928232063969272E+001
  0.229594971941517E-047  0.380877453702629E+003  0.926732460440044E+001
  0.234823844391684E-047  0.380825459434426E+003  0.926637287626437E+001
  0.384450383123749E-047  0.379832544699060E+003  0.924817547551021E+001
  0.435403330006792E-047  0.379576672052511E+003  0.924347904711909E+001
  0.247226328609839E-046  0.376103439005909E+003  0.917944302760841E+001
  0.573929068206084E-046  0.374419035832116E+003  0.914819306178105E+001
  0.127005776897198E-045  0.372823406867678E+003  0.911847089886085E+001
  0.203396464174889E-045  0.371874552552464E+003  0.910074080749593E+001
  0.218567568914723E-045  0.371723671077850E+003  0.909791762453855E+001
  0.313616687698425E-045  0.371001518490311E+003  0.908439056734581E+001
  0.717295626685237E-045  0.369339855474461E+003  0.905317224276078E+001
  0.172644923835430E-044  0.367576157492804E+003  0.901989400180054E+001
  0.192923834180253E-044  0.367347010713527E+003  0.901555945319131E+001
  0.256322109335954E-044  0.366771701981926E+003  0.900466576884837E+001
  0.611565062443953E-044  0.365032529073079E+003  0.897163650451376E+001
  0.614724694968402E-044  0.365022222733986E+003  0.897144033428685E+001
  0.744047659210988E-044  0.364633281933101E+003  0.896403345914977E+001
  0.795372078292941E-044  0.364499872058471E+003  0.896149113286020E+001
  0.258179878579560E-043  0.362137904034056E+003  0.891633476767361E+001
  0.270379854311815E-043  0.362038456646200E+003  0.891442743793012E+001
  0.615086514044105E-043  0.360387481656897E+003  0.888269032200884E+001
  0.809743467715497E-043  0.359837572537247E+003  0.887208869047137E+001
  0.899560041196075E-042  0.355022025731848E+003  0.877858509073929E+001
  0.194806081192957E-041  0.353476657930544E+003  0.874832081777867E+001
  0.247890434985994E-041  0.352987512102703E+003  0.873871486395600E+001
  0.253749296383568E-041  0.352933610959750E+003  0.873765555489887E+001
  0.121691273046760E-040  0.349798159711349E+003  0.867576368353944E+001
  0.390630077960786E-040  0.347458405033743E+003  0.862922526869646E+001
  0.414057928049406E-040  0.347341915299991E+003  0.862690024285419E+001
  0.470977876852672E-040  0.347084304829065E+003  0.862175586072026E+001
  0.552531217214616E-040  0.346757647670530E+003  0.861522724793049E+001
  0.743272252448373E-040  0.346164542735982E+003  0.860335790354885E+001
  0.749484192549818E-040  0.346140611101737E+003  0.860287855857965E+001
  0.849716236330076E-040  0.345882290664227E+003  0.859770238280285E+001
  0.854795941263596E-040  0.345863084039416E+003  0.859731737202108E+001
  0.229283509874102E-039  0.343882434876984E+003  0.855750006757986E+001
  0.570697153692124E-039  0.342051350058575E+003  0.852048682247664E+001
  0.768086956082106E-039  0.341449975554676E+003  0.850828771936862E+001
  0.102139535628662E-038  0.340879931520717E+003  0.849670435660570E+001
  0.186504536792637E-038  0.339668387518381E+003  0.847202115588552E+001
  0.341836812225761E-038  0.338456631715984E+003  0.844724513954813E+001
  0.197755188054833E-037  0.334938729320670E+003  0.837480636328471E+001
  0.135153831248820E-036  0.331087452119469E+003  0.829460938558416E+001
  0.418149117815690E-036  0.328828603140169E+003  0.824712475046853E+001
  0.785601714822387E-036  0.327567379480643E+003  0.822046449798157E+001
  0.943265675346444E-036  0.327194189682295E+003  0.821255537419395E+001
  0.121898309879001E-035  0.326673947383692E+003  0.820151400267741E+001
  0.181736813661908E-035  0.325867808879650E+003  0.818436854858565E+001
  0.491031796229567E-035  0.323872516511712E+003  0.814173931351020E+001
  0.557041218999547E-035  0.323612862077588E+003  0.813617149667652E+001
  0.558267631250896E-035  0.323608463608965E+003  0.813607713890896E+001
  0.969559817993577E-035  0.322504456210319E+003  0.811235053476465E+001
  0.119886091390738E-034  0.322072437464266E+003  0.810304244467789E+001
  0.133151082111381E-034  0.321862552692911E+003  0.809851557424356E+001
  0.133311132025731E-034  0.321852673457627E+003  0.809830241808403E+001
  0.144587416198020E-034  0.321690276365108E+003  0.809479751245347E+001
  0.186621368711716E-034  0.321179881331171E+003  0.808376974342999E+001
  0.640303006536778E-034  0.318714161903111E+003  0.803022979267739E+001
  0.138250353997555E-033  0.317167180893576E+003  0.799641167357471E+001
  0.176655206664065E-033  0.316669352154147E+003  0.798549091644307E+001
  0.257356193796191E-033  0.315909268217323E+003  0.796878122272394E+001
  0.321543581961057E-033  0.315456362773077E+003  0.795880379372462E+001
  0.594117302965453E-033  0.314220913953565E+003  0.793150761417639E+001
  0.636648320474668E-033  0.314082632680879E+003  0.792844512653150E+001
  0.750857136444890E-033  0.313745046565701E+003  0.792096247972308E+001
  0.795516796014487E-033  0.313621903306226E+003  0.791823079855387E+001
  0.869704896289463E-033  0.313435989178085E+003  0.791410444883281E+001
  0.168185084469251E-032  0.312109406626533E+003  0.788458289670026E+001
  0.170112183969967E-032  0.312086620508813E+003  0.788407461403081E+001
  0.199408059778070E-032  0.311768830205317E+003  0.787698150342801E+001
  0.437418045741395E-032  0.310197758030579E+003  0.784179732475095E+001
  0.464521732718132E-032  0.310077520070047E+003  0.783909647114064E+001
  0.193968852507559E-031  0.307211264250244E+003  0.777436542897746E+001
  0.295269617363695E-031  0.306363174503588E+003  0.775508261676137E+001
  0.304418347511175E-031  0.306302146498752E+003  0.775369272185791E+001
  0.357237355471505E-031  0.305974414497988E+003  0.774622337930215E+001
  0.413315850385603E-031  0.305682791199068E+003  0.773956939791066E+001
  0.555920864751832E-031  0.305089963433157E+003  0.772602068149823E+001
  0.834029246178059E-031  0.304270881123194E+003  0.770725191427265E+001
  0.102286242892899E-030  0.303854900222903E+003  0.769769798776183E+001
  0.154412163471449E-030  0.303031199767686E+003  0.767873585082963E+001
  0.186298624985395E-030  0.302655748800716E+003  0.767007318905400E+001
  0.325151203728522E-030  0.301534011405543E+003  0.764411820701109E+001
  0.395367015522228E-030  0.301135104508570E+003  0.763486148530439E+001
  0.990748641402999E-030  0.299289953204166E+003  0.759185948823021E+001
  0.119339149649029E-029  0.298917765866513E+003  0.758314829493411E+001
  0.144227802669044E-029  0.298531027158032E+003  0.757408315078906E+001
  0.162237546965672E-029  0.298287802425588E+003  0.756837496298651E+001
  0.234771597296652E-029  0.297548699396350E+003  0.755099573524839E+001
  0.369348751553382E-029  0.296642442978888E+003  0.752961700456756E+001
  0.378072175592054E-029  0.296587803093606E+003  0.752832559288071E+001
  0.760908186854191E-029  0.295188947924712E+003  0.749516800054107E+001
  0.938611998613475E-029  0.294761184913691E+003  0.748499151772469E+001
  0.111082255661865E-028  0.294416293121015E+003  0.747677379363888E+001
  0.252281659348989E-028  0.292775742740397E+003  0.743752711799317E+001
  0.272192293691453E-028  0.292615801458736E+003  0.743368683102807E+001
  0.558047422615541E-028  0.291179931124897E+003  0.739909757580686E+001
  0.742436202750694E-028  0.290608945126442E+003  0.738528577870791E+001
  0.783297052292595E-028  0.290493714194545E+003  0.738249443990638E+001
  0.141070843840356E-027  0.289308962786269E+003  0.735371716844859E+001
  0.244931539912748E-027  0.288197448887620E+003  0.732658822192936E+001
  0.278396067060739E-027  0.287941316769913E+003  0.732031863594880E+001
  0.351231053835145E-027  0.287476517812892E+003  0.730892385048422E+001
  0.358801881444580E-027  0.287425718974215E+003  0.730767712115555E+001
  0.358884272831485E-027  0.287417113117772E+003  0.730746588532792E+001
  0.533025819297930E-027  0.286617826691529E+003  0.728781295960333E+001
  0.697305155591137E-027  0.286080520164737E+003  0.727456362191290E+001
  0.132386838999624E-026  0.284798339763974E+003  0.724282174822769E+001
  0.209320944012150E-026  0.283882058851659E+003  0.722002906117280E+001
  0.294975978567905E-026  0.283196008385564E+003  0.720290312259899E+001
  0.297950076913212E-026  0.283167662758445E+003  0.720219440969187E+001
  0.334580973782160E-026  0.282935756800393E+003  0.719639282218025E+001
  0.422704547890452E-026  0.282468167715794E+003  0.718467695320702E+001
  0.438890010907215E-026  0.282384666232186E+003  0.718258217813071E+001
  0.502774804145323E-026  0.282112879177546E+003  0.717575853107371E+001
  0.609217932752669E-026  0.281720426035476E+003  0.716589071048931E+001
  0.646084455881439E-026  0.281602917685981E+003  0.716293270530013E+001
  0.101043739705139E-025  0.280700079919747E+003  0.714015350379591E+001
  0.104742915294958E-025  0.280628169054513E+003  0.713833514408511E+001
  0.110327647068161E-025  0.280515821130024E+003  0.713549309350234E+001
  0.159267724068697E-025  0.279781557055705E+003  0.711688271066159E+001
  0.212924166711823E-025  0.279200858071512E+003  0.710212026633555E+001
  0.233517269497219E-025  0.279007689361566E+003  0.709720083418349E+001
  0.390694345032603E-025  0.277978350372882E+003  0.707091256963069E+001
  0.471945822250235E-025  0.277600473037661E+003  0.706123043908936E+001
  0.661755490063476E-025  0.276915806990415E+003  0.704364408293482E+001
  0.114911646252958E-024  0.275803499836090E+003  0.701495242055500E+001
  0.116828478157626E-024  0.275770413194299E+003  0.701409664743241E+001
  0.126316754587794E-024  0.275614241560080E+003  0.701005551443667E+001
  0.150499594951287E-024  0.275263906129671E+003  0.700097923356413E+001
  0.181670470555741E-024  0.274887438026104E+003  0.699120901222716E+001
  0.773876805244277E-024  0.271980248776994E+003  0.691516027991693E+001
  0.151504398357891E-023  0.270636674666960E+003  0.687964652472272E+001
  0.201732188970219E-023  0.270055230716046E+003  0.686420389057483E+001
  0.306422420425908E-023  0.269210392316448E+003  0.684168525167420E+001
  0.341910731216782E-023  0.268991222167940E+003  0.683582770331149E+001
  0.824315790030379E-023  0.267231214140615E+003  0.678855168797019E+001
  0.892989069159659E-023  0.267062303659681E+003  0.678399203569089E+001
  0.102789098621915E-022  0.266772054354267E+003  0.677614759249929E+001
  0.117944467103396E-022  0.266488115974014E+003  0.676846227733539E+001
  0.139638536020106E-022  0.266150429369411E+003  0.675930737491629E+001
  0.257296075251087E-022  0.264928088834698E+003  0.672603325228003E+001
  0.325311477055038E-022  0.264458977537249E+003  0.671320620667028E+001
  0.373042441782233E-022  0.264176170590464E+003  0.670545788175358E+001
  0.607035085783571E-022  0.263193393024830E+003  0.667844058571280E+001
  0.635646055049675E-022  0.263101282425089E+003  0.667590108117337E+001
  0.913551584523245E-022  0.262366857160150E+003  0.665560756849889E+001
  0.103913698982249E-021  0.262100215825754E+003  0.664821974928267E+001
  0.120472598789902E-021  0.261804492637826E+003  0.664001359178268E+001
  0.160395908481527E-021  0.261232046926327E+003  0.662409074115201E+001
  0.183420514710748E-021  0.260954662844403E+003  0.661635713109031E+001
  0.196531926091062E-021  0.260816575883314E+003  0.661250278167674E+001
  0.273437984029769E-021  0.260146922639542E+003  0.659376922986268E+001
  0.275620957509029E-021  0.260121865840001E+003  0.659306691213909E+001
  0.290617382181385E-021  0.260015903870622E+003  0.659009581676013E+001
  0.292092141357939E-021  0.259996584970247E+003  0.658955393984751E+001
  0.477877252086227E-021  0.259012015770992E+003  0.656185995186128E+001
  0.647488901771325E-021  0.258395282382100E+003  0.654443406071030E+001
  0.698475003242864E-021  0.258243686905273E+003  0.654014137036834E+001
  0.774190178803202E-021  0.258028569824685E+003  0.653404359505600E+001
  0.776912192104909E-021  0.258021550259382E+003  0.653384449030444E+001
  0.935828179357815E-021  0.257649341148468E+003  0.652327561257790E+001
  0.115252150495237E-020  0.257232790061414E+003  0.651142088704863E+001
  0.196785792780228E-020  0.256162803161899E+003  0.648083894921700E+001
  0.216414226948273E-020  0.255963189884087E+003  0.647511261671814E+001
  0.293288378478263E-020  0.255355265757474E+003  0.645763176183982E+001
  0.311421342250099E-020  0.255235284874217E+003  0.645417433295367E+001
  0.487262736533355E-020  0.254330424948365E+003  0.642802032641630E+001
  0.548267434843932E-020  0.254084958970820E+003  0.642090112436132E+001
  0.873068509080857E-020  0.253154457289756E+003  0.639381873390995E+001
  0.103065621563171E-019  0.252822583384376E+003  0.638412270158730E+001
  0.127276999013268E-019  0.252400583548384E+003  0.637176532429847E+001
  0.129531606000992E-019  0.252365465333928E+003  0.637073553021750E+001
  0.142677555464641E-019  0.252172140705516E+003  0.636506259469802E+001
  0.155897941912503E-019  0.251985132040339E+003  0.635956861353766E+001
  0.171927574628715E-019  0.251789388568840E+003  0.635381127319397E+001
  0.209024574794551E-019  0.251388803504422E+003  0.634200737912003E+001
  0.276934154825001E-019  0.250826147620591E+003  0.632537841531660E+001
  0.320619032034314E-019  0.250533199955598E+003  0.631669750052483E+001
  0.528021800317880E-019  0.249525506438671E+003  0.628671475607043E+001
  0.881253381088145E-019  0.248491165621027E+003  0.625574000110980E+001
  0.934556074339644E-019  0.248373712743178E+003  0.625220978252048E+001
  0.117635894772306E-018  0.247913497383573E+003  0.623835165988364E+001
  0.119367584882710E-018  0.247874245371610E+003  0.623716779236986E+001
  0.171127307568025E-018  0.247153845196601E+003  0.621538654989484E+001
  0.182071565513895E-018  0.247029861079229E+003  0.621162761017469E+001
  0.206437282215075E-018  0.246768540832743E+003  0.620369495786913E+001
  0.271424937193320E-018  0.246221162875665E+003  0.618703463089361E+001
  0.369299388026478E-018  0.245605318799629E+003  0.616821840401252E+001
  0.400371461447246E-018  0.245443748589520E+003  0.616326911982715E+001
  0.497538011556126E-018  0.244998907412472E+003  0.614961498142197E+001
  0.610389966306312E-018  0.244590055246236E+003  0.613702957200318E+001
  0.115828164549297E-017  0.243308865638629E+003  0.609736546664805E+001
  0.162409731692585E-017  0.242632836443824E+003  0.607629597339101E+001
  0.170188208684241E-017  0.242539271274993E+003  0.607337211980960E+001
  0.190349360132385E-017  0.242315358901538E+003  0.606636729246913E+001
  0.237894488419181E-017  0.241869426645312E+003  0.605238429649480E+001
  0.247499643330937E-017  0.241790262862278E+003  0.604989742300306E+001
  0.264991125022954E-017  0.241653688474228E+003  0.604560379447194E+001
  0.338750852465762E-017  0.241162551366730E+003  0.603012932450290E+001
  0.454352456247070E-017  0.240575334679730E+003  0.601155700825352E+001
  0.515841862129183E-017  0.240321480644582E+003  0.600350414873796E+001
  0.523679047694996E-017  0.240291323159590E+003  0.600254651056993E+001
  0.584551017008335E-017  0.240071393023589E+003  0.599555646859490E+001
  0.610624459922935E-017  0.239984116867458E+003  0.599277951371279E+001
  0.843147054040986E-017  0.239338798375883E+003  0.597219250179188E+001
  0.129123102905084E-016  0.238486378487319E+003  0.594485031823569E+001
  0.153654034268464E-016  0.238138503869224E+003  0.593364278047895E+001
  0.205612056211297E-016  0.237555928616088E+003  0.591480923508286E+001
  0.302616450499007E-016  0.236771647155620E+003  0.588932548720571E+001
  0.332597524479676E-016  0.236582713235469E+003  0.588316397647585E+001
  0.349252201536014E-016  0.236484990879604E+003  0.587997360695284E+001
  0.599212161287364E-016  0.235405348027319E+003  0.584456805151748E+001
  0.789949910790834E-016  0.234841112994849E+003  0.582594771359768E+001
  0.165398573516655E-015  0.233363165571425E+003  0.577678406910635E+001
  0.174116206201364E-015  0.233260436031573E+003  0.577334546086310E+001
  0.179883566338661E-015  0.233195262311806E+003  0.577116248137941E+001
  0.181723974820161E-015  0.233163173820785E+003  0.577008726843188E+001
  0.241611913098882E-015  0.232593486100676E+003  0.575095238298366E+001
  0.277425152434179E-015  0.232305249852785E+003  0.574123762467788E+001
  0.450942061581555E-015  0.231333674475099E+003  0.570832386495829E+001
  0.478689267972522E-015  0.231214248850403E+003  0.570426007409658E+001
  0.514138401779725E-015  0.231071367217733E+003  0.569939288352739E+001
  0.708702007441618E-015  0.230417469879597E+003  0.567704475648345E+001
  0.902430919690859E-015  0.229934155868362E+003  0.566044831731847E+001
  0.996411039598761E-015  0.229736020430736E+003  0.565362512587295E+001
  0.103076875210076E-014  0.229668219828164E+003  0.565128766207295E+001
  0.137662289657086E-014  0.229089562951313E+003  0.563128352184950E+001
  0.231503631915045E-014  0.228049978846329E+003  0.559509595698436E+001
  0.248462877885833E-014  0.227908583071146E+003  0.559014890804983E+001
  0.249974877906026E-014  0.227896449121497E+003  0.558972409151863E+001
  0.278570264221905E-014  0.227679829324816E+003  0.558213255544603E+001
  0.297851412528911E-014  0.227545980477410E+003  0.557743459104176E+001
  0.322903431832177E-014  0.227371764903282E+003  0.557131154983766E+001
  0.419998608134754E-014  0.226833270265042E+003  0.555232603769529E+001
  0.462973860315236E-014  0.226638431869076E+003  0.554543440162154E+001
  0.595687114000160E-014  0.226134341954242E+003  0.552754865189763E+001
  0.599002673505002E-014  0.226123240936884E+003  0.552715386599208E+001
  0.737307112216756E-014  0.225694819008147E+003  0.551188774008233E+001
  0.924051886063190E-014  0.225243291583019E+003  0.549573417602777E+001
  0.107598408042835E-013  0.224925816777660E+003  0.548433657123376E+001
  0.119273733689235E-013  0.224719786213388E+003  0.547692215475725E+001
  0.122797649308935E-013  0.224661552736426E+003  0.547482396194298E+001
  0.124202804390682E-013  0.224638796984855E+003  0.547400375059580E+001
  0.129619084516857E-013  0.224553428422312E+003  0.547092518111357E+001
  0.168580405941476E-013  0.224027802837472E+003  0.545191634665109E+001
  0.266326835308475E-013  0.223099711900832E+003  0.541812392755453E+001
  0.282095030201441E-013  0.222971204352487E+003  0.541342151623908E+001
  0.296601449512936E-013  0.222870913720312E+003  0.540974764033822E+001
  0.446139573781337E-013  0.222054428656367E+003  0.537970639357274E+001
  0.460696239976959E-013  0.221976562603018E+003  0.537682908429582E+001
  0.473488848379845E-013  0.221921783701987E+003  0.537480359149987E+001
  0.480993988920903E-013  0.221890330877785E+003  0.537364011234472E+001
  0.630123984699396E-013  0.221350207221482E+003  0.535360456975220E+001
  0.778331863339350E-013  0.220927734438169E+003  0.533785912802593E+001
  0.796851270936152E-013  0.220866669177922E+003  0.533557780965203E+001
  0.870440856240294E-013  0.220690005649202E+003  0.532897011235307E+001
  0.888129507956267E-013  0.220635635794682E+003  0.532693419840351E+001
  0.130035957470617E-012  0.219873078741721E+003  0.529826289462493E+001
  0.143489884164029E-012  0.219676171679828E+003  0.529082360114284E+001
  0.145077110310063E-012  0.219654169965378E+003  0.528999143834310E+001
  0.243914102399990E-012  0.218615068510060E+003  0.525047611797682E+001
  0.259618407496630E-012  0.218490274979061E+003  0.524570192059207E+001
  0.264020127699244E-012  0.218456650074947E+003  0.524441448202601E+001
  0.270448482623381E-012  0.218408537502518E+003  0.524257155304374E+001
  0.345467292150616E-012  0.217918904816865E+003  0.522376366913264E+001
  0.490507812851294E-012  0.217202837000099E+003  0.519608267795951E+001
  0.505589474580884E-012  0.217142269364667E+003  0.519373164290366E+001
  0.602922879208807E-012  0.216790140827795E+003  0.518003292584813E+001
  0.639803632693428E-012  0.216656187605054E+003  0.517480816177845E+001
  0.666217475327515E-012  0.216575277902230E+003  0.517164866527869E+001
  0.786935744438851E-012  0.216242217018004E+003  0.515861352859093E+001
  0.917155689460151E-012  0.215935955737460E+003  0.514658543418123E+001
  0.103591132911717E-011  0.215692436556766E+003  0.513699259510590E+001
  0.111319380688797E-011  0.215548533283179E+003  0.513131176322062E+001
  0.116455348940321E-011  0.215458324172500E+003  0.512774598770430E+001
  0.173754771726663E-011  0.214658050135294E+003  0.509595534778635E+001
  0.199645491197846E-011  0.214380253530335E+003  0.508485290190347E+001
  0.229606498577102E-011  0.214100606093876E+003  0.507364104027990E+001
  0.235715925024203E-011  0.214048085284853E+003  0.507153133719740E+001
  0.243600101883293E-011  0.213982284121628E+003  0.506888638617041E+001
  0.252278869534151E-011  0.213895672222573E+003  0.506540188109254E+001
  0.284206168466336E-011  0.213640744978332E+003  0.505512567201195E+001
  0.306018045962714E-011  0.213492856670625E+003  0.504915036466927E+001
  0.341910453576043E-011  0.213271047076262E+003  0.504016908772828E+001
  0.488847800556729E-011  0.212556042429076E+003  0.501105872177476E+001
  0.545936635935210E-011  0.212335138983302E+003  0.500201516264625E+001
  0.757289689020722E-011  0.211680653097364E+003  0.497508055139934E+001
  0.927254541057797E-011  0.211275688591127E+003  0.495830775575862E+001
  0.110182861370312E-010  0.210930691909196E+003  0.494395309995210E+001
  0.128984709388243E-010  0.210615586901609E+003  0.493078874617889E+001
  0.128961657889554E-010  0.210598166468661E+003  0.493005946044541E+001
  0.131314107277039E-010  0.210562012300455E+003  0.492854540507890E+001
  0.132148387537810E-010  0.210549345859261E+003  0.492801480191227E+001
  0.155163634702549E-010  0.210228236202078E+003  0.491453532405208E+001
  0.203341340786003E-010  0.209687424640421E+003  0.489170993027189E+001
  0.230916507982872E-010  0.209433084321931E+003  0.488092102951283E+001
  0.286392963092565E-010  0.209002467008544E+003  0.486257422713446E+001
  0.303990067571884E-010  0.208883206680875E+003  0.485747498632086E+001
  0.364128114492273E-010  0.208522185200492E+003  0.484199039884361E+001
  0.390929214614547E-010  0.208380143724089E+003  0.483587802066083E+001
  0.413922856739835E-010  0.208265837497528E+003  0.483095085787721E+001
  0.460574457471412E-010  0.208052247675808E+003  0.482172412671683E+001
  0.576904274549752E-010  0.207601844036196E+003  0.480218132798011E+001
  0.681443712041693E-010  0.207248868768973E+003  0.478678314474581E+001
  0.952889394512701E-010  0.206578298402800E+003  0.475732586898202E+001
  0.181217808634681E-009  0.205292726549148E+003  0.470007945742400E+001
  0.216724505732288E-009  0.204934871913743E+003  0.468395750240227E+001
  0.241146580666451E-009  0.204721315955737E+003  0.467429666660894E+001
  0.244787631959741E-009  0.204691343837361E+003  0.467293838895342E+001
  0.272150620942891E-009  0.204479414557009E+003  0.466331719921044E+001
  0.281995913529635E-009  0.204408340730397E+003  0.466008389274379E+001
  0.294811472872343E-009  0.204319453735933E+003  0.465603547161531E+001
  0.447164131223054E-005  0.184432642741514E+003  0.383492808345680E+001
  0.450642462698643E-005  0.184417145644913E+003  0.383396652860540E+001
  0.470014755139829E-005  0.184332965987587E+003  0.382873627500936E+001
  0.527309781823237E-005  0.184102917769562E+003  0.381438098528242E+001
  0.591655315737510E-005  0.183872645707062E+003  0.379991954364616E+001
  0.607605123440914E-005  0.183819443757948E+003  0.379656507420285E+001
  0.620319350772575E-005  0.183778025309196E+003  0.379395008458563E+001
  0.649992169824473E-005  0.183684573531052E+003  0.378803864483016E+001
  0.717884404837804E-005  0.183485877043760E+003  0.377541733370430E+001
  0.722994583741853E-005  0.183471690702311E+003  0.377451345664121E+001
  0.743448640258829E-005  0.183415894793478E+003  0.377095485592461E+001
  0.917072973237066E-005  0.182996120069198E+003  0.374399608620089E+001
  0.103174122989928E-004  0.182760487827083E+003  0.372871638336107E+001
  0.120141342497878E-004  0.182455986170241E+003  0.370880979432468E+001
