  0.171222103410620E+000  0.176411773001232E+003  0.326624019058013E+001
  0.171222103410620E+000  0.174342725294040E+003  0.308549799355155E+001
  0.171222103410620E+000  0.174154454473253E+003  0.306797575517060E+001
  0.171222103410620E+000  0.173269722792170E+003  0.298274501020863E+001
  0.171222103410620E+000  0.173218593240554E+003  0.297766268991994E+001
  0.171222103410620E+000  0.168354811071174E+003  0.235761967464952E+001
  0.171222103410620E+000  0.171926898444279E+003  0.284259714086378E+001
  0.171222103410620E+000  0.171563933858548E+003  0.280200052613750E+001
  0.171222103410620E+000  0.171238303131324E+003  0.276441449206886E+001
  0.171222103410620E+000  0.171025152275219E+003  0.273916220523753E+001
  0.171222103410620E+000  0.170918726455276E+003  0.272634894829208E+001
  0.171222103410620E+000  0.170677748984848E+003  0.269680201297755E+001
  0.171222103410620E+000  0.168368720608628E+003  0.236007936738827E+001
  0.171222103410620E+000  0.168382332591790E+003  0.236247913191642E+001
  0.171222103410620E+000  0.168382821544219E+003  0.236256519951009E+001
  0.171222103410620E+000  0.169944575627784E+003  0.260175861789763E+001
  0.171222103410620E+000  0.168544704689036E+003  0.239056972415267E+001
  0.171222103410620E+000  0.168570389547194E+003  0.239492654235417E+001
  0.171222103410620E+000  0.169812778964338E+003  0.258373707916672E+001
  0.171222103410620E+000  0.168648112513855E+003  0.240797383068965E+001
  0.171222103410620E+000  0.169605545033504E+003  0.255473955427474E+001
  0.171222103410620E+000  0.169559074779323E+003  0.254812018900994E+001
  0.171222103410620E+000  0.169428775913266E+003  0.252931867957330E+001
  0.171222103410620E+000  0.169404708252559E+003  0.252580573281035E+001
  0.171222103410620E+000  0.169379356571520E+003  0.252209147936144E+001
  0.171222103410620E+000  0.169215211089129E+003  0.249768624451337E+001
  0.171222103410620E+000  0.169059755321895E+003  0.247397154818577E+001
  0.171222103410620E+000  0.169019016033046E+003  0.246765419359539E+001
  0.171222103410620E+000  0.168912979073960E+003  0.245100098951888E+001
  0.171222103410620E+000  0.168888702866495E+003  0.244714435142834E+001
  0.171222103410620E+000  0.168695949035056E+003  0.241590509350697E+001
  0.171222103410620E+000  0.168876253545645E+003  0.244516006381114E+001
  0.171222103410620E+000  0.168829823659992E+003  0.243772002252590E+001
  0.171222103410620E+000  0.168710134863818E+003  0.241824298367778E+001
  0.171222103410620E+000  0.168738462340489E+003  0.242289250270939E+001
  0.171222103410620E+000  0.168260704520875E+003  0.234077449258545E+001
  0.171222103410620E+000  0.168132752923975E+003  0.231726917501204E+001
  0.171222103410620E+000  0.168109140970181E+003  0.231285120995588E+001
  0.171222103410620E+000  0.168066623484913E+003  0.230482970099039E+001
  0.171222103410620E+000  0.167983022655550E+003  0.228879939403100E+001
  0.171222103410620E+000  0.167961679218938E+003  0.228464991125737E+001
  0.171222103410620E+000  0.167889844452951E+003  0.227050583718195E+001
  0.171222103410620E+000  0.167743583438565E+003  0.224079814655267E+001
  0.171222103410620E+000  0.167663401014874E+003  0.222394705233939E+001
  0.171222103410620E+000  0.167658187732954E+003  0.222283657220220E+001
  0.171222103410620E+000  0.167653453799538E+003  0.222182658082798E+001
  0.171222103410620E+000  0.167652896526459E+003  0.222170758422300E+001
  0.171222103410620E+000  0.167649010462544E+003  0.222087718168752E+001
  0.171222103410620E+000  0.167646036895601E+003  0.222024106151127E+001
  0.171222103410620E+000  0.167637643613828E+003  0.221844220740941E+001
  0.171222103410620E+000  0.167587849809196E+003  0.220766743489102E+001
  0.171222103410620E+000  0.167551187370156E+003  0.219961789732314E+001
  0.171222103410620E+000  0.167522547793621E+003  0.219325852657030E+001
  0.171222103410620E+000  0.167494468952572E+003  0.218696092432243E+001
  0.171222103410620E+000  0.167444338798055E+003  0.217555709639715E+001
  0.171222103410620E+000  0.167359143822294E+003  0.215567495517813E+001
  0.171222103410620E+000  0.167311113028824E+003  0.214416705980950E+001
  0.171222103410620E+000  0.167297753799923E+003  0.214092566172649E+001
  0.171222103410620E+000  0.167275877366739E+003  0.213557819970157E+001
  0.171222103410620E+000  0.167272971837841E+003  0.213486422395014E+001
  0.171222103410620E+000  0.167252109172315E+003  0.212971130570309E+001
  0.171222103410620E+000  0.167247644008592E+003  0.212860236458469E+001
  0.171222103410620E+000  0.167243980658404E+003  0.212769093586351E+001
  0.171222103410620E+000  0.167218035896367E+003  0.212119351355756E+001
  0.171222103410620E+000  0.167218000664731E+003  0.212118463913744E+001
  0.171222103410620E+000  0.167211073106386E+003  0.211943693026737E+001
  0.171222103410620E+000  0.167177813273963E+003  0.211096865295928E+001
  0.171222103410620E+000  0.167158655221207E+003  0.210603108305432E+001
  0.171222103410620E+000  0.167118161061842E+003  0.209544444427680E+001
  0.171222103410620E+000  0.167106949691716E+003  0.209247609706087E+001
  0.171222103410620E+000  0.167078233618305E+003  0.208479641669296E+001
  0.171222103410620E+000  0.167074822738418E+003  0.208387673063644E+001
  0.171222103410620E+000  0.167062178866368E+003  0.208045331300260E+001
  0.171222103410620E+000  0.167061459824655E+003  0.208025794881587E+001
  0.171222103410620E+000  0.167056546804558E+003  0.207892110462268E+001
  0.171222103410620E+000  0.167052688252221E+003  0.207786875836463E+001
  0.171222103410620E+000  0.167042390782732E+003  0.207504976976796E+001
  0.171222103410620E+000  0.167036792457099E+003  0.207351068836597E+001
  0.171222103410620E+000  0.167022709228770E+003  0.206961835000921E+001
  0.171222103410620E+000  0.167019078534711E+003  0.206861005352489E+001
  0.171222103410620E+000  0.167017963277120E+003  0.206829992776263E+001
  0.171222103410620E+000  0.166991562976743E+003  0.206090244774018E+001
  0.171222103410620E+000  0.166981295095054E+003  0.205799558970886E+001
  0.171222103410620E+000  0.166977459830897E+003  0.205690544581977E+001
  0.171222103410620E+000  0.166956187456834E+003  0.205081487198129E+001
  0.171222103410620E+000  0.166953077850158E+003  0.204991818968521E+001
  0.171222103410620E+000  0.166931680810893E+003  0.204370298280232E+001
