  0.649680806547928E-005  0.190640039091875E+003  0.419196671761480E+001
  0.649680806547928E-005  0.188800972276295E+003  0.409144440261349E+001
  0.649680806547928E-005  0.187188595143322E+003  0.399990630295501E+001
  0.649680806547928E-005  0.186813652754861E+003  0.397812323425368E+001
  0.649680806547928E-005  0.186678255680590E+003  0.397020864853051E+001
  0.649680806547928E-005  0.186490611336408E+003  0.395919678093509E+001
  0.649680806547928E-005  0.186253481356812E+003  0.394520810563913E+001
  0.649680806547928E-005  0.186197960538172E+003  0.394192096860619E+001
  0.649680806547928E-005  0.186051735325834E+003  0.393324183662938E+001
  0.649680806547928E-005  0.185983493786900E+003  0.392918050353864E+001
  0.649680806547928E-005  0.185904762983234E+003  0.392448624022826E+001
  0.649680806547928E-005  0.185558944257414E+003  0.390375566290226E+001
  0.649680806547928E-005  0.185377633958788E+003  0.389281311791000E+001
