  0.230230986899134E+001 -0.840266807204908E+002
  0.204370298280232E+001 -0.834658404054467E+002
  0.205799558970886E+001 -0.834906475475270E+002
  0.219961789732314E+001 -0.837755936850781E+002
  0.206090244774018E+001 -0.834957814883713E+002
  0.219325852657030E+001 -0.837612738968103E+002
  0.221844220740941E+001 -0.838188218069141E+002
  0.227050583718195E+001 -0.839449222264754E+002
  0.208045331300260E+001 -0.835310894331840E+002
  0.222024106151127E+001 -0.838230184478004E+002
  0.229284386460290E+001 -0.840019717131944E+002
  0.212118463913744E+001 -0.836090003323656E+002
  0.208025794881587E+001 -0.835307299123276E+002
  0.207892110462268E+001 -0.835282734022788E+002
  0.214416705980950E+001 -0.836555565144119E+002
  0.228464991125737E+001 -0.839808396094688E+002
  0.205690544581977E+001 -0.834887299154487E+002
  0.212119351355756E+001 -0.836090179481834E+002
  0.218696092432243E+001 -0.837472344762862E+002
  0.232910630845239E+001 -0.840983494733014E+002
  0.213167570748596E+001 -0.836300201297508E+002
  0.209544444427680E+001 -0.835590805309209E+002
  0.224079814655267E+001 -0.838717917192826E+002
  0.207504976976796E+001 -0.835211953913659E+002
  0.211096865295928E+001 -0.835889066369817E+002
  0.228879939403100E+001 -0.839915113277748E+002
  0.230522111203126E+001 -0.840343437733662E+002
  0.205081487198129E+001 -0.834780937284169E+002
  0.212860236458469E+001 -0.836238220042961E+002
  0.231726917501204E+001 -0.840663764619874E+002
  0.234077449258545E+001 -0.841303522604377E+002
  0.222170758422300E+001 -0.838264482632295E+002
  0.204991818968521E+001 -0.834765389250792E+002
  0.233288158128474E+001 -0.841086512470611E+002
  0.215567495517813E+001 -0.836795719111470E+002
  0.232149088052420E+001 -0.840777226299566E+002
  0.222182658082798E+001 -0.838267268997691E+002
  0.212769093586351E+001 -0.836219903292019E+002
  0.231285120995588E+001 -0.840545704850907E+002
  0.207786875836463E+001 -0.835263441261106E+002
  0.222087718168752E+001 -0.838245052312722E+002
  0.206961835000921E+001 -0.835113546143851E+002
  0.214092566172649E+001 -0.836488768999616E+002
  0.206861005352489E+001 -0.835095392673553E+002
  0.217555709639715E+001 -0.837221693990277E+002
  0.222283657220220E+001 -0.838290938664768E+002
  0.208479641669296E+001 -0.835391168091526E+002
  0.212971130570309E+001 -0.836260545861577E+002
  0.230482970099039E+001 -0.840333117424567E+002
  0.207351068836597E+001 -0.835183962285493E+002
  0.233613019842597E+001 -0.841175563531068E+002
