  0.146166452232444E+001 -0.830708148483284E+002
  0.144933308839503E+001 -0.830754366696152E+002
  0.147498369723430E+001 -0.830664283716338E+002
  0.146837777061680E+001 -0.830685253341534E+002
  0.149769996461787E+001 -0.830603980134106E+002
  0.151184185060101E+001 -0.830575677280056E+002
  0.145236631236638E+001 -0.830742498278109E+002
  0.147618237252537E+001 -0.830660644499222E+002
  0.151171105822444E+001 -0.830575906560291E+002
  0.148926088321215E+001 -0.830624247318563E+002
  0.143397835565895E+001 -0.830819451176542E+002
  0.144452969982067E+001 -0.830773828617820E+002
  0.144737749026385E+001 -0.830762191495878E+002
  0.148059181306695E+001 -0.830647695598490E+002
  0.144123292599753E+001 -0.830787659501632E+002
  0.147390857549669E+001 -0.830667591150412E+002
  0.147099569487964E+001 -0.830676758043924E+002
  0.146286971612945E+001 -0.830703920579777E+002
  0.145451830193125E+001 -0.830734275739369E+002
  0.150563416867228E+001 -0.830587228033167E+002
  0.149424310035041E+001 -0.830611976825820E+002
  0.144715012806214E+001 -0.830763110021642E+002
  0.146657527300118E+001 -0.830691243763706E+002
  0.148368928545122E+001 -0.830639011603444E+002
  0.149424286052842E+001 -0.830611977395291E+002
  0.145516860633137E+001 -0.830731823290947E+002
  0.149208843929345E+001 -0.830617175464364E+002
  0.150668252723277E+001 -0.830585181463386E+002
  0.144163649726908E+001 -0.830785945712409E+002
  0.146187468629340E+001 -0.830707407506951E+002
  0.150729364143294E+001 -0.830584006442052E+002
  0.146431784439655E+001 -0.830698908549211E+002
  0.151673936683799E+001 -0.830567528377658E+002
  0.143768901635093E+001 -0.830802956880818E+002
  0.147071252255196E+001 -0.830677665234203E+002
  0.145202475502616E+001 -0.830743818430637E+002
  0.150628190737735E+001 -0.830585958940322E+002
  0.151130606275856E+001 -0.830576620367130E+002
  0.149110251913576E+001 -0.830619609115702E+002
  0.151407126911841E+001 -0.830571862353679E+002
  0.151350177915108E+001 -0.830572820095736E+002
  0.143986547872889E+001 -0.830793509372000E+002
  0.148944706837847E+001 -0.830623772943832E+002
  0.149709750996185E+001 -0.830605343299800E+002
  0.144002217290510E+001 -0.830792835679563E+002
  0.147721559224714E+001 -0.830657548484047E+002
  0.144301280063527E+001 -0.830780144577806E+002
  0.151572147277446E+001 -0.830569152041040E+002
  0.144271772752326E+001 -0.830781382659513E+002
  0.144705041937670E+001 -0.830763513415072E+002
  0.150084172713486E+001 -0.830597079813722E+002
  0.151462353189088E+001 -0.830570944563919E+002
  0.151635526208447E+001 -0.830568136756021E+002
  0.151783641784129E+001 -0.830565819573962E+002
  0.150308743520795E+001 -0.830592361960556E+002
  0.146836881948866E+001 -0.830685282805166E+002
  0.144287163195667E+001 -0.830780736514926E+002
