  0.500032430256703E+000  0.171468283764737E+003  0.274661252456454E+000
  0.500032430256703E+000  0.171362570467994E+003  0.286303365435325E+000
  0.500032430256703E+000  0.171255888540374E+003  0.298160936856034E+000
  0.500032430256703E+000  0.167826212069587E+003  0.768861626334873E+000
  0.500032430256703E+000  0.167835401908928E+003  0.767227448262262E+000
  0.500032430256703E+000  0.171169991123456E+003  0.307789852060731E+000
  0.500032430256703E+000  0.167855492449999E+003  0.763666520451821E+000
  0.500032430256703E+000  0.167872835010625E+003  0.760605392202088E+000
  0.500032430256703E+000  0.170739080673581E+003  0.357255579160408E+000
  0.500032430256703E+000  0.170607883111861E+003  0.372724975553524E+000
  0.500032430256703E+000  0.170603204568154E+003  0.373280338599136E+000
  0.500032430256703E+000  0.167888533879904E+003  0.757844449157376E+000
  0.500032430256703E+000  0.167898821606448E+003  0.756040292633170E+000
  0.500032430256703E+000  0.170468279461676E+003  0.389409765738015E+000
  0.500032430256703E+000  0.167907402722665E+003  0.754538510482670E+000
  0.500032430256703E+000  0.170209377128231E+003  0.420998650317933E+000
  0.500032430256703E+000  0.170070144790281E+003  0.438353897502091E+000
  0.500032430256703E+000  0.170064513814908E+003  0.439061443228803E+000
  0.500032430256703E+000  0.170041773601660E+003  0.441923356476406E+000
  0.500032430256703E+000  0.167909538354779E+003  0.754165187545664E+000
  0.500032430256703E+000  0.170019821745671E+003  0.444693011573377E+000
  0.500032430256703E+000  0.170017191576929E+003  0.445025319735032E+000
  0.500032430256703E+000  0.169953113806621E+003  0.453152002146676E+000
  0.500032430256703E+000  0.169944544293179E+003  0.454243356133765E+000
  0.500032430256703E+000  0.169925824065596E+003  0.456631185447841E+000
  0.500032430256703E+000  0.167927436459666E+003  0.751043239679448E+000
  0.500032430256703E+000  0.169881682299016E+003  0.462282159899468E+000
  0.500032430256703E+000  0.169780987105051E+003  0.475283080643122E+000
  0.500032430256703E+000  0.167986272389921E+003  0.740864265564347E+000
  0.500032430256703E+000  0.167995071868216E+003  0.739352739399941E+000
  0.500032430256703E+000  0.168025968595848E+003  0.734067344096015E+000
  0.500032430256703E+000  0.169581749289563E+003  0.501476890479240E+000
  0.500032430256703E+000  0.166441613325448E+003  0.107413834409612E+001
  0.500032430256703E+000  0.169440738097343E+003  0.520413949091822E+000
  0.500032430256703E+000  0.168074447550826E+003  0.725841614823123E+000
  0.500032430256703E+000  0.169255657327499E+003  0.545805150258716E+000
  0.500032430256703E+000  0.168086230200910E+003  0.723854584468138E+000
  0.500032430256703E+000  0.169206697342104E+003  0.552628869554875E+000
  0.500032430256703E+000  0.169195055460807E+003  0.554258242943770E+000
  0.500032430256703E+000  0.169188248363396E+003  0.555212172706267E+000
  0.500032430256703E+000  0.169184533957818E+003  0.555733081950050E+000
  0.500032430256703E+000  0.169184190962377E+003  0.555781197334678E+000
  0.500032430256703E+000  0.169182927536497E+003  0.555958450523571E+000
  0.500032430256703E+000  0.169156404782620E+003  0.559686719847419E+000
  0.500032430256703E+000  0.169104008982636E+003  0.567093022984942E+000
  0.500032430256703E+000  0.168197216065392E+003  0.705364241003752E+000
  0.500032430256703E+000  0.168928220592742E+003  0.592354757651491E+000
  0.500032430256703E+000  0.168836023041033E+003  0.605871046452227E+000
  0.500032430256703E+000  0.168828340344984E+003  0.607005981814164E+000
  0.500032430256703E+000  0.168803014993506E+003  0.610756795958094E+000
  0.500032430256703E+000  0.168784495893620E+003  0.613508965844368E+000
  0.500032430256703E+000  0.168770958884784E+003  0.615525801774147E+000
  0.500032430256703E+000  0.168561702536101E+003  0.647268199369243E+000
  0.500032430256703E+000  0.168558517796742E+003  0.647759818444835E+000
  0.500032430256703E+000  0.168548630787021E+003  0.649287736303479E+000
  0.500032430256703E+000  0.168544404658406E+003  0.649941614944515E+000
  0.500032430256703E+000  0.168536701842594E+003  0.651134625011596E+000
  0.500032430256703E+000  0.168213336164828E+003  0.702711738983980E+000
  0.500032430256703E+000  0.168524554658957E+003  0.653019161849415E+000
  0.500032430256703E+000  0.168238900041140E+003  0.698522020316598E+000
  0.500032430256703E+000  0.168497801734147E+003  0.657183514171342E+000
  0.500032430256703E+000  0.168242476490184E+003  0.697937489735917E+000
  0.500032430256703E+000  0.168456040026678E+003  0.663722751398381E+000
  0.500032430256703E+000  0.168430598389605E+003  0.667729976838765E+000
  0.500032430256703E+000  0.168415434403238E+003  0.670126975715753E+000
  0.500032430256703E+000  0.168384947706819E+003  0.674965681877676E+000
  0.500032430256703E+000  0.168370324730912E+003  0.677295971587555E+000
  0.500032430256703E+000  0.168328256163052E+003  0.684034460341979E+000
  0.500032430256703E+000  0.167822884807807E+003  0.769454126464706E+000
  0.500032430256703E+000  0.167811860503429E+003  0.771420448953814E+000
  0.500032430256703E+000  0.167790988656765E+003  0.775156675038407E+000
  0.500032430256703E+000  0.167770002958973E+003  0.778931271546741E+000
  0.500032430256703E+000  0.167723842796710E+003  0.787298656446181E+000
  0.500032430256703E+000  0.167705456287853E+003  0.790656854709018E+000
  0.500032430256703E+000  0.167704503769857E+003  0.790831225886221E+000
  0.500032430256703E+000  0.167698813004483E+003  0.791873820089611E+000
  0.500032430256703E+000  0.167684288837410E+003  0.794541191788573E+000
  0.500032430256703E+000  0.167655932692146E+003  0.799775742627635E+000
  0.500032430256703E+000  0.167653750390275E+003  0.800180088098969E+000
  0.500032430256703E+000  0.167641917399654E+003  0.802376302449153E+000
  0.500032430256703E+000  0.167619494860996E+003  0.806555477036594E+000
  0.500032430256703E+000  0.167605909808477E+003  0.809098793016373E+000
  0.500032430256703E+000  0.167587650690342E+003  0.812530770548624E+000
  0.500032430256703E+000  0.167585015728321E+003  0.813027336905013E+000
  0.500032430256703E+000  0.167537464970369E+003  0.822045742482900E+000
  0.500032430256703E+000  0.167525525307464E+003  0.824327536716754E+000
  0.500032430256703E+000  0.167508792454236E+003  0.827537301142675E+000
  0.500032430256703E+000  0.167477794857615E+003  0.833520792266946E+000
  0.500032430256703E+000  0.167472240720170E+003  0.834598117054513E+000
  0.500032430256703E+000  0.167468763204257E+003  0.835273457643991E+000
  0.500032430256703E+000  0.167453777181215E+003  0.838190989807151E+000
  0.500032430256703E+000  0.167447950331064E+003  0.839328565266118E+000
  0.500032430256703E+000  0.167447312914314E+003  0.839453116877670E+000
  0.500032430256703E+000  0.167412738450724E+003  0.846241493241063E+000
  0.500032430256703E+000  0.167362456651832E+003  0.856230503651156E+000
  0.500032430256703E+000  0.167358489832667E+003  0.857024584273861E+000
  0.500032430256703E+000  0.167355268761654E+003  0.857670039862231E+000
  0.500032430256703E+000  0.167353964216661E+003  0.857931620165523E+000
  0.500032430256703E+000  0.167329424210085E+003  0.862870506197227E+000
  0.500032430256703E+000  0.167325590425650E+003  0.863645246185145E+000
  0.500032430256703E+000  0.167309054285676E+003  0.866996814452002E+000
  0.500032430256703E+000  0.167306350386473E+003  0.867546384972187E+000
  0.500032430256703E+000  0.167253843637663E+003  0.878306114901572E+000
  0.500032430256703E+000  0.167239261006462E+003  0.881324612443344E+000
  0.500032430256703E+000  0.167239124491896E+003  0.881352933271629E+000
  0.500032430256703E+000  0.167233852834745E+003  0.882447476429083E+000
  0.500032430256703E+000  0.167226159757943E+003  0.884047948568840E+000
  0.500032430256703E+000  0.167217746434863E+003  0.885802602796343E+000
  0.500032430256703E+000  0.166441725846045E+003  0.107410576239677E+001
  0.500032430256703E+000  0.166453679070662E+003  0.107065688664276E+001
  0.500032430256703E+000  0.167132090274327E+003  0.903933311237985E+000
  0.500032430256703E+000  0.167120375461530E+003  0.906451992616640E+000
  0.500032430256703E+000  0.167107115336684E+003  0.909314656612836E+000
  0.500032430256703E+000  0.167099986695974E+003  0.910858832024657E+000
  0.500032430256703E+000  0.167089570425051E+003  0.913121775250944E+000
  0.500032430256703E+000  0.167078402559322E+003  0.915556813203135E+000
  0.500032430256703E+000  0.167069384018244E+003  0.917529935908243E+000
  0.500032430256703E+000  0.167068031125574E+003  0.917826450656332E+000
  0.500032430256703E+000  0.167055076955404E+003  0.920672577446920E+000
  0.500032430256703E+000  0.167042837616107E+003  0.923373318185359E+000
  0.500032430256703E+000  0.167036872675243E+003  0.924693699135784E+000
  0.500032430256703E+000  0.167027250993522E+003  0.926829316539922E+000
  0.500032430256703E+000  0.167009805545443E+003  0.930719935827289E+000
  0.500032430256703E+000  0.166999487434358E+003  0.933032382962892E+000
  0.500032430256703E+000  0.166998876002027E+003  0.933169681554031E+000
  0.500032430256703E+000  0.166994359480575E+003  0.934184808466502E+000
  0.500032430256703E+000  0.166992237806120E+003  0.934662240747356E+000
  0.500032430256703E+000  0.166986101254532E+003  0.936045177754026E+000
  0.500032430256703E+000  0.166982126481320E+003  0.936942569860727E+000
  0.500032430256703E+000  0.166970418653006E+003  0.939593396296277E+000
  0.500032430256703E+000  0.166952532172795E+003  0.943665131103073E+000
  0.500032430256703E+000  0.166945037912809E+003  0.945379150776563E+000
  0.500032430256703E+000  0.166910526833869E+003  0.953334581425091E+000
  0.500032430256703E+000  0.166895677834715E+003  0.956789762842783E+000
  0.500032430256703E+000  0.166894272217280E+003  0.957117856785964E+000
  0.500032430256703E+000  0.166886602952455E+003  0.958911135535022E+000
  0.500032430256703E+000  0.166878354195013E+003  0.960845893808759E+000
  0.500032430256703E+000  0.166864924486892E+003  0.964009260947841E+000
  0.500032430256703E+000  0.166835975482709E+003  0.970885846665645E+000
  0.500032430256703E+000  0.166833275065745E+003  0.971531396353905E+000
  0.500032430256703E+000  0.166832325027414E+003  0.971758676408870E+000
  0.500032430256703E+000  0.166831438154927E+003  0.971970924255091E+000
  0.500032430256703E+000  0.166830407181054E+003  0.972217754825128E+000
  0.500032430256703E+000  0.166825691566886E+003  0.973348064498121E+000
  0.500032430256703E+000  0.166825281924083E+003  0.973446356487143E+000
  0.500032430256703E+000  0.166819482128793E+003  0.974839759829258E+000
  0.500032430256703E+000  0.166816853206300E+003  0.975472451346285E+000
  0.500032430256703E+000  0.166811584655692E+003  0.976742472451367E+000
  0.500032430256703E+000  0.166799523603234E+003  0.979660315699356E+000
  0.500032430256703E+000  0.166777076185213E+003  0.985130203663861E+000
  0.500032430256703E+000  0.166766095976237E+003  0.987824816541026E+000
  0.500032430256703E+000  0.166751243831964E+003  0.991489904257087E+000
  0.500032430256703E+000  0.166733902767004E+003  0.995799248495876E+000
  0.500032430256703E+000  0.166728131282194E+003  0.997240795340580E+000
  0.500032430256703E+000  0.166690667376607E+003  0.100668927903540E+001
  0.500032430256703E+000  0.166690156531400E+003  0.100681922819123E+001
  0.500032430256703E+000  0.166689437280143E+003  0.100700224347182E+001
  0.500032430256703E+000  0.166687468599890E+003  0.100750348845766E+001
  0.500032430256703E+000  0.166664004382559E+003  0.101351301906739E+001
  0.500032430256703E+000  0.166468788567974E+003  0.106633171958864E+001
  0.500032430256703E+000  0.166649878375567E+003  0.101716290570951E+001
  0.500032430256703E+000  0.166648260017692E+003  0.101758262253530E+001
  0.500032430256703E+000  0.166632816412013E+003  0.102160430227483E+001
  0.500032430256703E+000  0.166631450918308E+003  0.102196133457923E+001
  0.500032430256703E+000  0.166623204701526E+003  0.102412249702596E+001
  0.500032430256703E+000  0.166622615035294E+003  0.102427736955977E+001
  0.500032430256703E+000  0.166615696315314E+003  0.102609788086731E+001
  0.500032430256703E+000  0.166601485171140E+003  0.102985679818416E+001
  0.500032430256703E+000  0.166601355523518E+003  0.102989121302267E+001
  0.500032430256703E+000  0.166599671917052E+003  0.103033832735869E+001
  0.500032430256703E+000  0.166583120902499E+003  0.103475398459743E+001
  0.500032430256703E+000  0.166583103330542E+003  0.103475869231359E+001
  0.500032430256703E+000  0.166551673397653E+003  0.104324758495367E+001
  0.500032430256703E+000  0.166543850690167E+003  0.104538212666878E+001
  0.500032430256703E+000  0.166536112403989E+003  0.104750235872080E+001
  0.500032430256703E+000  0.166527770875246E+003  0.104979771895289E+001
  0.500032430256703E+000  0.166519969887264E+003  0.105195369867586E+001
  0.500032430256703E+000  0.166516963674426E+003  0.105278697403179E+001
  0.500032430256703E+000  0.166497317158897E+003  0.105826667304536E+001
  0.500032430256703E+000  0.166496105978303E+003  0.105860644392919E+001
  0.500032430256703E+000  0.166477145439233E+003  0.106395568169139E+001
  0.500032430256703E+000  0.166472100313015E+003  0.106538875737690E+001
  0.500032430256703E+000  0.166471005031985E+003  0.106570042114352E+001
  0.500032430256703E+000  0.166421743041987E+003  0.107992660939171E+001
  0.500032430256703E+000  0.166380438052780E+003  0.203026848120343E+001
  0.500032430256703E+000  0.166377766877622E+003  0.109299132924488E+001
  0.500032430256703E+000  0.166372079610699E+003  0.109470765615553E+001
  0.500032430256703E+000  0.166371097294314E+003  0.109500474356243E+001
  0.500032430256703E+000  0.166369025089078E+003  0.109563207384673E+001
  0.500032430256703E+000  0.166367620736658E+003  0.202639815749909E+001
  0.500032430256703E+000  0.166360751327125E+003  0.109814530658243E+001
  0.500032430256703E+000  0.166359709955715E+003  0.109846259998890E+001
  0.500032430256703E+000  0.166358322293781E+003  0.109888574237727E+001
  0.500032430256703E+000  0.166356334631049E+003  0.202296334010040E+001
  0.500032430256703E+000  0.166346749671972E+003  0.202002605761859E+001
  0.500032430256703E+000  0.166344502540016E+003  0.110312115435268E+001
  0.500032430256703E+000  0.166336940423810E+003  0.110545541624234E+001
  0.500032430256703E+000  0.166331213618313E+003  0.201522471642623E+001
  0.500032430256703E+000  0.166329866463452E+003  0.201480599022296E+001
  0.500032430256703E+000  0.166328193676286E+003  0.110817034825681E+001
  0.500032430256703E+000  0.166325434250305E+003  0.201342562180215E+001
  0.500032430256703E+000  0.166315012455030E+003  0.111229272475495E+001
  0.500032430256703E+000  0.166314915772208E+003  0.111232310179253E+001
  0.500032430256703E+000  0.166313377589750E+003  0.200964919546714E+001
  0.500032430256703E+000  0.166310041141262E+003  0.111385734895342E+001
  0.500032430256703E+000  0.166307373281043E+003  0.200775659325596E+001
  0.500032430256703E+000  0.166307250216096E+003  0.111473814139085E+001
  0.500032430256703E+000  0.166298946672147E+003  0.111736900553151E+001
  0.500032430256703E+000  0.166296286579508E+003  0.111821512369411E+001
  0.500032430256703E+000  0.166295901653488E+003  0.200411816552504E+001
  0.500032430256703E+000  0.166291453863519E+003  0.200269940398069E+001
  0.500032430256703E+000  0.166289316292619E+003  0.112043992548773E+001
  0.500032430256703E+000  0.166289307504577E+003  0.112044273757518E+001
  0.500032430256703E+000  0.166285845628344E+003  0.200090395664385E+001
  0.500032430256703E+000  0.166285728821547E+003  0.112158937616678E+001
  0.500032430256703E+000  0.166283610757752E+003  0.112226943167561E+001
  0.500032430256703E+000  0.166283461999843E+003  0.112231723359365E+001
  0.500032430256703E+000  0.166281848323700E+003  0.199961975198600E+001
  0.500032430256703E+000  0.166277569993074E+003  0.112421477802787E+001
  0.500032430256703E+000  0.166277479054204E+003  0.112424412982538E+001
  0.500032430256703E+000  0.166274697370422E+003  0.112514291178944E+001
  0.500032430256703E+000  0.166271778512477E+003  0.112608801171714E+001
  0.500032430256703E+000  0.166268808716682E+003  0.199540414348791E+001
  0.500032430256703E+000  0.166267875993383E+003  0.112735482853857E+001
  0.500032430256703E+000  0.166266276535332E+003  0.199458075298412E+001
  0.500032430256703E+000  0.166259818455996E+003  0.112998220093157E+001
  0.500032430256703E+000  0.166258038734562E+003  0.113056468720793E+001
  0.500032430256703E+000  0.166256007542078E+003  0.113123044178492E+001
  0.500032430256703E+000  0.166253713024366E+003  0.199047211246402E+001
  0.500032430256703E+000  0.166253560497404E+003  0.113203386979710E+001
  0.500032430256703E+000  0.166248580074775E+003  0.113367373457164E+001
  0.500032430256703E+000  0.166246357523929E+003  0.198804829012309E+001
  0.500032430256703E+000  0.166238966759958E+003  0.113685695551413E+001
  0.500032430256703E+000  0.166238185991233E+003  0.198533932220954E+001
  0.500032430256703E+000  0.166236856273956E+003  0.198489686523543E+001
  0.500032430256703E+000  0.166236726248370E+003  0.198485357504898E+001
  0.500032430256703E+000  0.166232540132771E+003  0.198345749520713E+001
  0.500032430256703E+000  0.166226841940360E+003  0.198154968215397E+001
  0.500032430256703E+000  0.166225458531722E+003  0.114137066478511E+001
  0.500032430256703E+000  0.166224893859101E+003  0.114156040451326E+001
  0.500032430256703E+000  0.166224197201844E+003  0.198066124814853E+001
  0.500032430256703E+000  0.166221656294051E+003  0.197980591737938E+001
  0.500032430256703E+000  0.166217773180151E+003  0.114396047919431E+001
  0.500032430256703E+000  0.166217745923645E+003  0.114396969271331E+001
  0.500032430256703E+000  0.166215493628899E+003  0.197772411938968E+001
  0.500032430256703E+000  0.166214187934672E+003  0.197728170805664E+001
  0.500032430256703E+000  0.166208887192708E+003  0.197548079303789E+001
  0.500032430256703E+000  0.166207793645861E+003  0.114734757186063E+001
  0.500032430256703E+000  0.166202838594919E+003  0.197341618383765E+001
  0.500032430256703E+000  0.166198334009971E+003  0.197187185927359E+001
  0.500032430256703E+000  0.166194816837678E+003  0.115179385612450E+001
  0.500032430256703E+000  0.166194359718447E+003  0.197050449872783E+001
  0.500032430256703E+000  0.166192928672057E+003  0.197001102526717E+001
  0.500032430256703E+000  0.166191786872580E+003  0.196961686629810E+001
  0.500032430256703E+000  0.166188472052206E+003  0.115398545933499E+001
  0.500032430256703E+000  0.166188045114753E+003  0.115413335489329E+001
  0.500032430256703E+000  0.166187915449179E+003  0.115417828303030E+001
  0.500032430256703E+000  0.166187684473128E+003  0.196819753300704E+001
  0.500032430256703E+000  0.166187216037549E+003  0.196803515035703E+001
  0.500032430256703E+000  0.166183413999421E+003  0.196671477242632E+001
  0.500032430256703E+000  0.166179955441206E+003  0.196550993321278E+001
  0.500032430256703E+000  0.166179774656017E+003  0.196544685528847E+001
  0.500032430256703E+000  0.166179204586412E+003  0.115720797247406E+001
  0.500032430256703E+000  0.166179156370056E+003  0.115722480563552E+001
  0.500032430256703E+000  0.166175167422729E+003  0.115861985354068E+001
  0.500032430256703E+000  0.166174793662769E+003  0.115875081575362E+001
  0.500032430256703E+000  0.166173139058865E+003  0.196312477269110E+001
  0.500032430256703E+000  0.166172542797309E+003  0.115954040210207E+001
  0.500032430256703E+000  0.166171521397178E+003  0.196255664592811E+001
  0.500032430256703E+000  0.166167281352427E+003  0.196106370089561E+001
  0.500032430256703E+000  0.166166278993565E+003  0.196070994896101E+001
  0.500032430256703E+000  0.166164227941404E+003  0.195998511468905E+001
  0.500032430256703E+000  0.166164084887974E+003  0.195993451097623E+001
  0.500032430256703E+000  0.166161949319604E+003  0.116327754970044E+001
  0.500032430256703E+000  0.166159264317039E+003  0.195822551155429E+001
  0.500032430256703E+000  0.166158630131049E+003  0.195800013063295E+001
  0.500032430256703E+000  0.166155611440551E+003  0.195692557003339E+001
  0.500032430256703E+000  0.166152410837515E+003  0.195578305781017E+001
  0.500032430256703E+000  0.166152027966386E+003  0.116680969625601E+001
  0.500032430256703E+000  0.166151272725217E+003  0.116707986960981E+001
  0.500032430256703E+000  0.166148182416601E+003  0.116818730418200E+001
  0.500032430256703E+000  0.166145071258663E+003  0.195315048856719E+001
  0.500032430256703E+000  0.166143935450054E+003  0.116971434607303E+001
  0.500032430256703E+000  0.166143314157544E+003  0.116993823806046E+001
  0.500032430256703E+000  0.166137260545221E+003  0.195032936964337E+001
  0.500032430256703E+000  0.166136174770582E+003  0.194993558230672E+001
  0.500032430256703E+000  0.166134216955585E+003  0.117323134531782E+001
  0.500032430256703E+000  0.166133739926394E+003  0.194905106249463E+001
  0.500032430256703E+000  0.166131282298802E+003  0.194815621554409E+001
  0.500032430256703E+000  0.166130642300772E+003  0.117453301379397E+001
  0.500032430256703E+000  0.166127961470593E+003  0.117551208901308E+001
  0.500032430256703E+000  0.166127136864622E+003  0.194664211339579E+001
  0.500032430256703E+000  0.166120293936110E+003  0.117832619528980E+001
  0.500032430256703E+000  0.166118708142941E+003  0.194354506834982E+001
  0.500032430256703E+000  0.166118506914705E+003  0.117898503730883E+001
  0.500032430256703E+000  0.166117235042211E+003  0.194300121381189E+001
  0.500032430256703E+000  0.166116113409469E+003  0.117986926200946E+001
  0.500032430256703E+000  0.166114074378195E+003  0.194183170477803E+001
  0.500032430256703E+000  0.166113917578354E+003  0.194177359211787E+001
  0.500032430256703E+000  0.166113419187196E+003  0.194158882100595E+001
  0.500032430256703E+000  0.166112966692460E+003  0.194142098753605E+001
  0.500032430256703E+000  0.166111743703648E+003  0.194096700123761E+001
  0.500032430256703E+000  0.166108844738763E+003  0.193988870078180E+001
  0.500032430256703E+000  0.166106235622384E+003  0.118354027947429E+001
  0.500032430256703E+000  0.166105522386590E+003  0.193864912851023E+001
  0.500032430256703E+000  0.166104576891432E+003  0.193829561865170E+001
  0.500032430256703E+000  0.166100505829960E+003  0.118568616566674E+001
  0.500032430256703E+000  0.166098812701609E+003  0.193613324324285E+001
  0.500032430256703E+000  0.166093948833276E+003  0.193429886423848E+001
  0.500032430256703E+000  0.166091027311638E+003  0.193319268093172E+001
  0.500032430256703E+000  0.166090989445951E+003  0.193317832215272E+001
  0.500032430256703E+000  0.166087514187715E+003  0.119059773405859E+001
  0.500032430256703E+000  0.166087259952530E+003  0.193176136108694E+001
  0.500032430256703E+000  0.166084545507392E+003  0.193072663462171E+001
  0.500032430256703E+000  0.166082404816321E+003  0.119254728895200E+001
  0.500032430256703E+000  0.166081956406331E+003  0.119271887860390E+001
  0.500032430256703E+000  0.166081465041508E+003  0.119290699724809E+001
  0.500032430256703E+000  0.166079973031046E+003  0.192897705774182E+001
  0.500032430256703E+000  0.166079551660669E+003  0.192881540879389E+001
  0.500032430256703E+000  0.166078560519464E+003  0.119402095980210E+001
  0.500032430256703E+000  0.166078382025867E+003  0.119408952714934E+001
  0.500032430256703E+000  0.166076487640571E+003  0.192763782404614E+001
  0.500032430256703E+000  0.166074621702259E+003  0.119553702343787E+001
  0.500032430256703E+000  0.166065162942445E+003  0.119920365973479E+001
  0.500032430256703E+000  0.166064949964361E+003  0.119928664712000E+001
  0.500032430256703E+000  0.166064090539199E+003  0.192283414223341E+001
  0.500032430256703E+000  0.166063862290852E+003  0.119971075859491E+001
  0.500032430256703E+000  0.166061566127658E+003  0.192184813101228E+001
  0.500032430256703E+000  0.166061161907601E+003  0.120076586379922E+001
  0.500032430256703E+000  0.166060342920506E+003  0.192136938694619E+001
  0.500032430256703E+000  0.166059330911834E+003  0.192097282104916E+001
  0.500032430256703E+000  0.166057641470794E+003  0.120214603922659E+001
  0.500032430256703E+000  0.166056279721198E+003  0.120268133356865E+001
  0.500032430256703E+000  0.166056164704387E+003  0.120272658248634E+001
  0.500032430256703E+000  0.166051591985525E+003  0.191792566735024E+001
  0.500032430256703E+000  0.166049611031894E+003  0.191714148569711E+001
  0.500032430256703E+000  0.166045902647851E+003  0.120678704146368E+001
  0.500032430256703E+000  0.166042716956588E+003  0.191439881836955E+001
  0.500032430256703E+000  0.166042543369748E+003  0.191432948543173E+001
  0.500032430256703E+000  0.166041934510956E+003  0.120836966849114E+001
  0.500032430256703E+000  0.166031348852513E+003  0.190982912540951E+001
  0.500032430256703E+000  0.166030794132741E+003  0.190960460815495E+001
  0.500032430256703E+000  0.166026130469714E+003  0.190771128433649E+001
  0.500032430256703E+000  0.166025545124571E+003  0.121498294133735E+001
  0.500032430256703E+000  0.166020906144150E+003  0.121687787561133E+001
  0.500032430256703E+000  0.166016703110885E+003  0.190385207685370E+001
  0.500032430256703E+000  0.166014539560262E+003  0.190296025162762E+001
  0.500032430256703E+000  0.166013675130665E+003  0.121985258128029E+001
  0.500032430256703E+000  0.166012836850901E+003  0.122019911251096E+001
  0.500032430256703E+000  0.166012253836878E+003  0.122044032879006E+001
  0.500032430256703E+000  0.166008936791747E+003  0.122181598562754E+001
  0.500032430256703E+000  0.166007976117293E+003  0.190024041733326E+001
  0.500032430256703E+000  0.166006910141540E+003  0.189979662370909E+001
  0.500032430256703E+000  0.166005502510982E+003  0.122324616234837E+001
  0.500032430256703E+000  0.166001265310794E+003  0.122501909138934E+001
  0.500032430256703E+000  0.166000932550773E+003  0.189729713885095E+001
  0.500032430256703E+000  0.165998715871328E+003  0.189636551280991E+001
  0.500032430256703E+000  0.165997800187275E+003  0.189597991238317E+001
  0.500032430256703E+000  0.165992481121282E+003  0.122872468332755E+001
  0.500032430256703E+000  0.165988642635660E+003  0.189209888988356E+001
  0.500032430256703E+000  0.165987344452368E+003  0.189154502212340E+001
  0.500032430256703E+000  0.165980153947602E+003  0.188846022884106E+001
  0.500032430256703E+000  0.165979947824964E+003  0.188837137144769E+001
  0.500032430256703E+000  0.165979256709812E+003  0.188807326237835E+001
  0.500032430256703E+000  0.165977163187090E+003  0.188716856791035E+001
  0.500032430256703E+000  0.165976384420512E+003  0.188683139043292E+001
  0.500032430256703E+000  0.165973911155425E+003  0.123669762572292E+001
  0.500032430256703E+000  0.165973692895795E+003  0.188566336015736E+001
  0.500032430256703E+000  0.165970562215490E+003  0.123815642107322E+001
  0.500032430256703E+000  0.165969447480893E+003  0.123864346190522E+001
  0.500032430256703E+000  0.165967046998687E+003  0.188276109373462E+001
  0.500032430256703E+000  0.165966091973630E+003  0.124011398148147E+001
  0.500032430256703E+000  0.165963739788664E+003  0.188130702750359E+001
  0.500032430256703E+000  0.165962315290940E+003  0.124177717414596E+001
  0.500032430256703E+000  0.165961745672065E+003  0.188042708217951E+001
  0.500032430256703E+000  0.165960670760268E+003  0.187995174732890E+001
  0.500032430256703E+000  0.165959602450997E+003  0.187947862874484E+001
  0.500032430256703E+000  0.165952694384197E+003  0.124605372780295E+001
  0.500032430256703E+000  0.165951385139107E+003  0.124664018944234E+001
  0.500032430256703E+000  0.165948649799982E+003  0.124786899588779E+001
  0.500032430256703E+000  0.165946242740822E+003  0.187350153213916E+001
  0.500032430256703E+000  0.165944674455685E+003  0.187279236558908E+001
  0.500032430256703E+000  0.165943583776995E+003  0.125015764391051E+001
  0.500032430256703E+000  0.165941668519832E+003  0.187142857260999E+001
  0.500032430256703E+000  0.165941567162347E+003  0.125107337756110E+001
  0.500032430256703E+000  0.165938083543223E+003  0.125266167198303E+001
  0.500032430256703E+000  0.165934125937025E+003  0.186797980913041E+001
  0.500032430256703E+000  0.165933923512237E+003  0.125456914158605E+001
  0.500032430256703E+000  0.165932485832381E+003  0.186722474431733E+001
  0.500032430256703E+000  0.165927852559671E+003  0.186508155968452E+001
  0.500032430256703E+000  0.165926882601103E+003  0.186463097548912E+001
  0.500032430256703E+000  0.165926220023566E+003  0.125813306287412E+001
  0.500032430256703E+000  0.165925699259455E+003  0.125837550119270E+001
  0.500032430256703E+000  0.165921107760510E+003  0.186193435753047E+001
  0.500032430256703E+000  0.165920766517152E+003  0.186177425352470E+001
  0.500032430256703E+000  0.165919484628667E+003  0.126128380411025E+001
  0.500032430256703E+000  0.165919324568477E+003  0.126135908115145E+001
  0.500032430256703E+000  0.165917633025144E+003  0.186030007983856E+001
  0.500032430256703E+000  0.165913091977242E+003  0.185815072273764E+001
  0.500032430256703E+000  0.165912847587736E+003  0.185803460755383E+001
  0.500032430256703E+000  0.165912534093138E+003  0.126457026739502E+001
  0.500032430256703E+000  0.165912475858101E+003  0.126459795683206E+001
  0.500032430256703E+000  0.165911567098468E+003  0.185742547301309E+001
  0.500032430256703E+000  0.165910389175923E+003  0.185686402162664E+001
  0.500032430256703E+000  0.165908965994401E+003  0.126627161677425E+001
  0.500032430256703E+000  0.165908718660915E+003  0.126638991477212E+001
  0.500032430256703E+000  0.165908456183436E+003  0.126651550797900E+001
  0.500032430256703E+000  0.165907790398422E+003  0.185562153909235E+001
  0.500032430256703E+000  0.165905086567559E+003  0.185432323953320E+001
  0.500032430256703E+000  0.165902352722376E+003  0.185300465453980E+001
  0.500032430256703E+000  0.165898362766140E+003  0.185106945758027E+001
  0.500032430256703E+000  0.165895575987152E+003  0.127274573747604E+001
  0.500032430256703E+000  0.165894812088035E+003  0.184933638754638E+001
  0.500032430256703E+000  0.165891944911401E+003  0.184792928631782E+001
  0.500032430256703E+000  0.165891181936862E+003  0.127490217722653E+001
  0.500032430256703E+000  0.165890110400893E+003  0.184702534401034E+001
  0.500032430256703E+000  0.165887714392381E+003  0.184584040395885E+001
  0.500032430256703E+000  0.165887199708955E+003  0.127687063547660E+001
  0.500032430256703E+000  0.165883154708675E+003  0.184357168733804E+001
  0.500032430256703E+000  0.165881871358453E+003  0.127952601125814E+001
  0.500032430256703E+000  0.165881749824095E+003  0.127958686975987E+001
  0.500032430256703E+000  0.165879657999057E+003  0.128063642288600E+001
  0.500032430256703E+000  0.165878884076918E+003  0.184143013258245E+001
  0.500032430256703E+000  0.165878475983523E+003  0.128123122745071E+001
  0.500032430256703E+000  0.165878021180104E+003  0.184099543282165E+001
  0.500032430256703E+000  0.165876315207638E+003  0.128232183502401E+001
  0.500032430256703E+000  0.165874333696837E+003  0.183913013548102E+001
  0.500032430256703E+000  0.165871616349319E+003  0.128470833511505E+001
  0.500032430256703E+000  0.165870320208136E+003  0.128537026438589E+001
  0.500032430256703E+000  0.165867743286647E+003  0.128669101891715E+001
  0.500032430256703E+000  0.165867466045929E+003  0.183562236736905E+001
  0.500032430256703E+000  0.165865599700626E+003  0.183466132402802E+001
  0.500032430256703E+000  0.165862066292420E+003  0.128962331840134E+001
  0.500032430256703E+000  0.165860382182188E+003  0.129049930883802E+001
  0.500032430256703E+000  0.165856089936575E+003  0.129274484639222E+001
  0.500032430256703E+000  0.165855984517533E+003  0.182965562584788E+001
  0.500032430256703E+000  0.165855677061734E+003  0.182949402218968E+001
  0.500032430256703E+000  0.165848328740199E+003  0.182560223470144E+001
  0.500032430256703E+000  0.165846107220891E+003  0.129804150542603E+001
  0.500032430256703E+000  0.165845383671746E+003  0.182402630235914E+001
  0.500032430256703E+000  0.165843855001706E+003  0.129925129978716E+001
  0.500032430256703E+000  0.165843272798895E+003  0.129956494370474E+001
  0.500032430256703E+000  0.165843226239361E+003  0.129959004246274E+001
  0.500032430256703E+000  0.165840654872289E+003  0.182147591715292E+001
  0.500032430256703E+000  0.165838931221897E+003  0.182054006241776E+001
  0.500032430256703E+000  0.165838727313320E+003  0.130202673287817E+001
  0.500032430256703E+000  0.165837530680515E+003  0.130267871474820E+001
  0.500032430256703E+000  0.165834278241132E+003  0.181799669830987E+001
  0.500032430256703E+000  0.165833902646334E+003  0.130466556494963E+001
  0.500032430256703E+000  0.165833768469728E+003  0.181771651945673E+001
  0.500032430256703E+000  0.165833007254798E+003  0.181729757239142E+001
  0.500032430256703E+000  0.165832434217518E+003  0.130547412056811E+001
  0.500032430256703E+000  0.165829033567800E+003  0.181509936468401E+001
  0.500032430256703E+000  0.165828341118154E+003  0.130774150230484E+001
  0.500032430256703E+000  0.165828232930183E+003  0.130780170846347E+001
  0.500032430256703E+000  0.165827950454753E+003  0.181449688743326E+001
  0.500032430256703E+000  0.165827747433965E+003  0.181438379837414E+001
  0.500032430256703E+000  0.165826582711704E+003  0.181373403212186E+001
  0.500032430256703E+000  0.165824421921843E+003  0.181252413777735E+001
  0.500032430256703E+000  0.165823950620204E+003  0.181225946647592E+001
  0.500032430256703E+000  0.165823069036198E+003  0.181176364012728E+001
  0.500032430256703E+000  0.165821211184061E+003  0.131174035164928E+001
  0.500032430256703E+000  0.165816063488569E+003  0.180778809213137E+001
  0.500032430256703E+000  0.165816022621624E+003  0.131469114712470E+001
  0.500032430256703E+000  0.165815456113646E+003  0.180744039160158E+001
  0.500032430256703E+000  0.165814414516265E+003  0.131561289144647E+001
  0.500032430256703E+000  0.165814317969669E+003  0.180678751902054E+001
  0.500032430256703E+000  0.165814136075179E+003  0.131577284167727E+001
  0.500032430256703E+000  0.165812678050218E+003  0.131661211052866E+001
  0.500032430256703E+000  0.165811916487082E+003  0.131705162864922E+001
  0.500032430256703E+000  0.165810719864773E+003  0.131774383355833E+001
  0.500032430256703E+000  0.165807854380440E+003  0.131940947120616E+001
  0.500032430256703E+000  0.165807810212655E+003  0.131943523467744E+001
  0.500032430256703E+000  0.165807362613662E+003  0.180275938148481E+001
  0.500032430256703E+000  0.165807311319514E+003  0.180272942532540E+001
  0.500032430256703E+000  0.165807116864055E+003  0.180261582814765E+001
  0.500032430256703E+000  0.165806503335585E+003  0.180225706555476E+001
  0.500032430256703E+000  0.165805137217912E+003  0.132099956028631E+001
  0.500032430256703E+000  0.165804364081998E+003  0.180100193170026E+001
  0.500032430256703E+000  0.165803086054102E+003  0.180024894764980E+001
  0.500032430256703E+000  0.165801839459059E+003  0.132294366904683E+001
  0.500032430256703E+000  0.165801647213446E+003  0.179939836776073E+001
  0.500032430256703E+000  0.165800701475739E+003  0.179883763043736E+001
  0.500032430256703E+000  0.165800339061490E+003  0.179862240038588E+001
  0.500032430256703E+000  0.165799255167720E+003  0.132447832833076E+001
  0.500032430256703E+000  0.165797337465806E+003  0.179683225946109E+001
  0.500032430256703E+000  0.165797298347939E+003  0.132564701986156E+001
  0.500032430256703E+000  0.165797179453829E+003  0.132571821509977E+001
  0.500032430256703E+000  0.165796987855618E+003  0.132583299174750E+001
  0.500032430256703E+000  0.165796876490791E+003  0.132589973042078E+001
  0.500032430256703E+000  0.165796809499293E+003  0.132593988618018E+001
  0.500032430256703E+000  0.165796151815683E+003  0.179612138315790E+001
  0.500032430256703E+000  0.165795274069228E+003  0.179559372663647E+001
  0.500032430256703E+000  0.165790032060931E+003  0.179241742672249E+001
  0.500032430256703E+000  0.165789555260161E+003  0.179212635004846E+001
  0.500032430256703E+000  0.165788801639964E+003  0.133079032856846E+001
  0.500032430256703E+000  0.165786673969795E+003  0.133209634448653E+001
  0.500032430256703E+000  0.165786460528370E+003  0.133222777112335E+001
  0.500032430256703E+000  0.165786165053238E+003  0.133240983462820E+001
  0.500032430256703E+000  0.165785719561175E+003  0.178977125122067E+001
  0.500032430256703E+000  0.165784463029417E+003  0.133346140762680E+001
  0.500032430256703E+000  0.165783682712758E+003  0.178851071717228E+001
  0.500032430256703E+000  0.165783321136988E+003  0.133416964055275E+001
  0.500032430256703E+000  0.165780731135709E+003  0.133578427642989E+001
  0.500032430256703E+000  0.165779773150987E+003  0.133638443235295E+001
  0.500032430256703E+000  0.165779751660625E+003  0.133639791395455E+001
  0.500032430256703E+000  0.165778061017387E+003  0.178499480502941E+001
  0.500032430256703E+000  0.165777409490542E+003  0.133787211043683E+001
  0.500032430256703E+000  0.165773809040335E+003  0.178229840242890E+001
  0.500032430256703E+000  0.165773711490324E+003  0.178223615480187E+001
  0.500032430256703E+000  0.165773607861745E+003  0.178217000916923E+001
  0.500032430256703E+000  0.165772265111438E+003  0.134114471941830E+001
  0.500032430256703E+000  0.165770132263657E+003  0.177993996494365E+001
  0.500032430256703E+000  0.165769500402500E+003  0.177953209736266E+001
  0.500032430256703E+000  0.165767575390599E+003  0.177828477429818E+001
  0.500032430256703E+000  0.165767570652215E+003  0.134417416458197E+001
  0.500032430256703E+000  0.165767063884633E+003  0.177795213374238E+001
  0.500032430256703E+000  0.165766779056211E+003  0.134468917602733E+001
  0.500032430256703E+000  0.165766190243074E+003  0.134507305299581E+001
  0.500032430256703E+000  0.165761452012356E+003  0.177426853774232E+001
  0.500032430256703E+000  0.165761206471603E+003  0.177410591096478E+001
  0.500032430256703E+000  0.165760073836147E+003  0.177335412879860E+001
  0.500032430256703E+000  0.165759977533510E+003  0.134916577439205E+001
  0.500032430256703E+000  0.165759919952023E+003  0.177325178315514E+001
  0.500032430256703E+000  0.165759436643325E+003  0.134952583852025E+001
  0.500032430256703E+000  0.165759258392603E+003  0.134964463213267E+001
  0.500032430256703E+000  0.165759046571603E+003  0.177266997463477E+001
  0.500032430256703E+000  0.165758378550484E+003  0.135023197492728E+001
  0.500032430256703E+000  0.165755085670762E+003  0.177001104412018E+001
  0.500032430256703E+000  0.165754429199293E+003  0.135288877944357E+001
  0.500032430256703E+000  0.165753750543207E+003  0.176910711657816E+001
  0.500032430256703E+000  0.165752845663558E+003  0.135396361934566E+001
  0.500032430256703E+000  0.165752510628781E+003  0.135419174257059E+001
  0.500032430256703E+000  0.165751936080813E+003  0.135458353516753E+001
  0.500032430256703E+000  0.165751515003174E+003  0.135487114647534E+001
  0.500032430256703E+000  0.165751490240090E+003  0.176756778673104E+001
  0.500032430256703E+000  0.165751470733406E+003  0.135490140762396E+001
  0.500032430256703E+000  0.165751103192613E+003  0.135515281628584E+001
  0.500032430256703E+000  0.165750033025044E+003  0.176656926461328E+001
  0.500032430256703E+000  0.165749270192573E+003  0.135641124921584E+001
  0.500032430256703E+000  0.165748573334555E+003  0.135689170533652E+001
  0.500032430256703E+000  0.165747541523814E+003  0.176485067966336E+001
  0.500032430256703E+000  0.165744868942284E+003  0.135946494295160E+001
  0.500032430256703E+000  0.165744216770467E+003  0.176253448373821E+001
  0.500032430256703E+000  0.165739473411945E+003  0.175918310635145E+001
  0.500032430256703E+000  0.165738843143947E+003  0.136372234371295E+001
  0.500032430256703E+000  0.165737318465727E+003  0.175764165849182E+001
  0.500032430256703E+000  0.165735879706277E+003  0.175660573373581E+001
  0.500032430256703E+000  0.165735451627186E+003  0.175629644952791E+001
  0.500032430256703E+000  0.165730738677929E+003  0.175285837870826E+001
  0.500032430256703E+000  0.165728642271184E+003  0.175130907963984E+001
  0.500032430256703E+000  0.165727433870216E+003  0.137204558432422E+001
  0.500032430256703E+000  0.165727331706078E+003  0.175033409028527E+001
  0.500032430256703E+000  0.165726817068151E+003  0.174994985024024E+001
  0.500032430256703E+000  0.165726293215267E+003  0.174955792497943E+001
  0.500032430256703E+000  0.165725400227144E+003  0.174888794095205E+001
  0.500032430256703E+000  0.165725028873650E+003  0.137384724020156E+001
  0.500032430256703E+000  0.165724976684441E+003  0.137388652879536E+001
  0.500032430256703E+000  0.165724147408452E+003  0.174794393382054E+001
  0.500032430256703E+000  0.165724004497329E+003  0.174783594590264E+001
  0.500032430256703E+000  0.165721677818548E+003  0.174606896341333E+001
  0.500032430256703E+000  0.165720400764143E+003  0.174509189394418E+001
  0.500032430256703E+000  0.165719476599711E+003  0.174438156841420E+001
  0.500032430256703E+000  0.165716278491200E+003  0.138055395403038E+001
  0.500032430256703E+000  0.165716088117470E+003  0.138070263494391E+001
  0.500032430256703E+000  0.165716087914476E+003  0.174175306622492E+001
  0.500032430256703E+000  0.165713884439766E+003  0.138243269474073E+001
  0.500032430256703E+000  0.165713574555912E+003  0.173977853752850E+001
  0.500032430256703E+000  0.165712558117010E+003  0.173897378038338E+001
  0.500032430256703E+000  0.165712528738285E+003  0.173895046583441E+001
  0.500032430256703E+000  0.165712256432428E+003  0.173873422194250E+001
  0.500032430256703E+000  0.165712231264709E+003  0.173871422241961E+001
  0.500032430256703E+000  0.165711835078470E+003  0.173839909560608E+001
  0.500032430256703E+000  0.165711834433547E+003  0.138405727759465E+001
  0.500032430256703E+000  0.165711699145671E+003  0.138416501443498E+001
  0.500032430256703E+000  0.165710714381005E+003  0.173750464146352E+001
  0.500032430256703E+000  0.165709686811446E+003  0.173668050759238E+001
  0.500032430256703E+000  0.165709549776352E+003  0.173657030963938E+001
  0.500032430256703E+000  0.165708987197202E+003  0.138633868067549E+001
  0.500032430256703E+000  0.165708788182684E+003  0.138649925871136E+001
  0.500032430256703E+000  0.165707790019940E+003  0.138730687877662E+001
  0.500032430256703E+000  0.165706972463360E+003  0.138797117369485E+001
  0.500032430256703E+000  0.165706023405095E+003  0.173371033238624E+001
  0.500032430256703E+000  0.165703935995835E+003  0.173199482331545E+001
  0.500032430256703E+000  0.165702802450697E+003  0.139139988534738E+001
  0.500032430256703E+000  0.165702489157777E+003  0.173079557541735E+001
  0.500032430256703E+000  0.165702408750769E+003  0.173072867918456E+001
  0.500032430256703E+000  0.165701513511780E+003  0.139247378399197E+001
  0.500032430256703E+000  0.165701505403678E+003  0.139248056100843E+001
  0.500032430256703E+000  0.165700505684809E+003  0.139331825471234E+001
  0.500032430256703E+000  0.165700293227960E+003  0.172895904222530E+001
  0.500032430256703E+000  0.165699581294739E+003  0.139409656420995E+001
  0.500032430256703E+000  0.165699489725714E+003  0.139417386005335E+001
  0.500032430256703E+000  0.165698580531184E+003  0.139494328475559E+001
  0.500032430256703E+000  0.165697596714665E+003  0.172667596913126E+001
  0.500032430256703E+000  0.165697319629140E+003  0.172643957991881E+001
  0.500032430256703E+000  0.165695539037082E+003  0.139754349702638E+001
  0.500032430256703E+000  0.165695143308626E+003  0.172457100633598E+001
  0.500032430256703E+000  0.165695141714187E+003  0.172456962952597E+001
  0.500032430256703E+000  0.165694771737068E+003  0.172424983707320E+001
  0.500032430256703E+000  0.165694018133242E+003  0.172359650599821E+001
  0.500032430256703E+000  0.165693879060997E+003  0.172347565083358E+001
  0.500032430256703E+000  0.165692741651834E+003  0.139997202843845E+001
  0.500032430256703E+000  0.165692074964576E+003  0.172189963476406E+001
  0.500032430256703E+000  0.165691851970508E+003  0.140075210216406E+001
  0.500032430256703E+000  0.165689983016054E+003  0.172005257836886E+001
  0.500032430256703E+000  0.165688976242470E+003  0.171915596217021E+001
  0.500032430256703E+000  0.165687629375233E+003  0.140450741703472E+001
  0.500032430256703E+000  0.165686648382380E+003  0.171706305485363E+001
  0.500032430256703E+000  0.165684997649920E+003  0.140689412560444E+001
  0.500032430256703E+000  0.165684870032007E+003  0.171544505862167E+001
  0.500032430256703E+000  0.165684160269276E+003  0.171479453571500E+001
  0.500032430256703E+000  0.165683856566284E+003  0.171451533769758E+001
  0.500032430256703E+000  0.165683734182356E+003  0.171440268474111E+001
  0.500032430256703E+000  0.165683383266282E+003  0.171407921031251E+001
  0.500032430256703E+000  0.165683196887711E+003  0.140854873188009E+001
  0.500032430256703E+000  0.165682952994240E+003  0.140877421092267E+001
  0.500032430256703E+000  0.165682286610572E+003  0.140939198860835E+001
  0.500032430256703E+000  0.165681384085403E+003  0.171222314641382E+001
  0.500032430256703E+000  0.165680456349946E+003  0.171135403046022E+001
  0.500032430256703E+000  0.165680336552699E+003  0.141121442418038E+001
  0.500032430256703E+000  0.165677850266084E+003  0.170888524731099E+001
  0.500032430256703E+000  0.165677805606157E+003  0.170884258043425E+001
  0.500032430256703E+000  0.165677245615496E+003  0.141414932978549E+001
  0.500032430256703E+000  0.165676727389304E+003  0.170780871204308E+001
  0.500032430256703E+000  0.165676047841791E+003  0.141530250755168E+001
  0.500032430256703E+000  0.165674193056874E+003  0.170534941932655E+001
  0.500032430256703E+000  0.165674165391181E+003  0.141713351857591E+001
  0.500032430256703E+000  0.165673654251490E+003  0.141763472139064E+001
  0.500032430256703E+000  0.165673442947202E+003  0.170461343015369E+001
  0.500032430256703E+000  0.165673329428490E+003  0.170450171900841E+001
  0.500032430256703E+000  0.165672628724952E+003  0.170381023534798E+001
  0.500032430256703E+000  0.165672582604503E+003  0.170376460408754E+001
  0.500032430256703E+000  0.165669918497647E+003  0.170110349181011E+001
  0.500032430256703E+000  0.165669348113712E+003  0.142192871780527E+001
  0.500032430256703E+000  0.165668920116850E+003  0.142236276218546E+001
  0.500032430256703E+000  0.165668680197612E+003  0.169984919388629E+001
  0.500032430256703E+000  0.165668135987557E+003  0.169929434872444E+001
  0.500032430256703E+000  0.165668089018796E+003  0.169924635752500E+001
  0.500032430256703E+000  0.165667383442160E+003  0.142393245700402E+001
  0.500032430256703E+000  0.165666415110690E+003  0.142493088072686E+001
  0.500032430256703E+000  0.165665367500117E+003  0.142601934982204E+001
  0.500032430256703E+000  0.165664959435454E+003  0.142644570848088E+001
  0.500032430256703E+000  0.165664234547194E+003  0.169524942071570E+001
  0.500032430256703E+000  0.165663990772784E+003  0.169499262071532E+001
  0.500032430256703E+000  0.165663986730904E+003  0.142746750106132E+001
  0.500032430256703E+000  0.165661817337592E+003  0.142977498102271E+001
  0.500032430256703E+000  0.165660799948165E+003  0.169158466161130E+001
  0.500032430256703E+000  0.165660385509386E+003  0.143132039936827E+001
  0.500032430256703E+000  0.165660301078647E+003  0.143141210260234E+001
  0.500032430256703E+000  0.165660234960541E+003  0.169097189868593E+001
  0.500032430256703E+000  0.165659772454297E+003  0.169046812037435E+001
  0.500032430256703E+000  0.165659572872071E+003  0.169025012073328E+001
  0.500032430256703E+000  0.165659248100799E+003  0.143256126968713E+001
  0.500032430256703E+000  0.165657259431060E+003  0.168769577588118E+001
  0.500032430256703E+000  0.165657138176149E+003  0.168756047000043E+001
  0.500032430256703E+000  0.165656735803235E+003  0.143534543154528E+001
  0.500032430256703E+000  0.165656646776076E+003  0.168701063652926E+001
  0.500032430256703E+000  0.165656029755221E+003  0.143613903780970E+001
  0.500032430256703E+000  0.165654471958905E+003  0.143790808276616E+001
  0.500032430256703E+000  0.165654010796346E+003  0.143843667149376E+001
  0.500032430256703E+000  0.165652588358006E+003  0.168237424922792E+001
  0.500032430256703E+000  0.165651888807918E+003  0.144089883426133E+001
  0.500032430256703E+000  0.165651309003695E+003  0.144158039960610E+001
  0.500032430256703E+000  0.165650354503654E+003  0.144271096058732E+001
  0.500032430256703E+000  0.165649920413221E+003  0.167922715599221E+001
  0.500032430256703E+000  0.165858757077811E+003  0.167674462974535E+001
  0.500032430256703E+000  0.165853960631274E+003  0.167073160726356E+001
  0.500032430256703E+000  0.165853545672904E+003  0.167019580480446E+001
  0.500032430256703E+000  0.165850908150289E+003  0.166672658566616E+001
  0.500032430256703E+000  0.165850877547059E+003  0.166668566246013E+001
  0.500032430256703E+000  0.165849912894688E+003  0.166538747073439E+001
  0.500032430256703E+000  0.165849722595505E+003  0.166512945798616E+001
  0.500032430256703E+000  0.165848184078138E+003  0.166301948064128E+001
  0.500032430256703E+000  0.165848057023239E+003  0.166284327459237E+001
  0.500032430256703E+000  0.165848032972734E+003  0.166280988575304E+001
  0.500032430256703E+000  0.165847807721877E+003  0.166249664007873E+001
  0.500032430256703E+000  0.165847637127284E+003  0.166225875596341E+001
  0.500032430256703E+000  0.165847077831048E+003  0.166147489124995E+001
  0.500032430256703E+000  0.165846884316525E+003  0.166120224570551E+001
  0.500032430256703E+000  0.165843835105835E+003  0.165680354062952E+001
  0.500032430256703E+000  0.165842776707287E+003  0.165522861419643E+001
  0.500032430256703E+000  0.165841212595856E+003  0.165285162203284E+001
  0.500032430256703E+000  0.165840345614384E+003  0.165150710801989E+001
  0.500032430256703E+000  0.165839305529418E+003  0.164986724087597E+001
  0.500032430256703E+000  0.165839152421716E+003  0.164962327233997E+001
  0.500032430256703E+000  0.165838802598106E+003  0.164906330515660E+001
  0.500032430256703E+000  0.165838252767568E+003  0.164817589603761E+001
  0.500032430256703E+000  0.165837629839638E+003  0.164715943803674E+001
  0.500032430256703E+000  0.165837108899250E+003  0.164630007293411E+001
  0.500032430256703E+000  0.165836184903600E+003  0.164475406449281E+001
  0.500032430256703E+000  0.165833779890336E+003  0.164058896217841E+001
  0.500032430256703E+000  0.165833574051658E+003  0.164022228049097E+001
  0.500032430256703E+000  0.165832063807546E+003  0.163747801466734E+001
  0.500032430256703E+000  0.165830894710941E+003  0.163528385041759E+001
  0.500032430256703E+000  0.165830874812604E+003  0.163524594221194E+001
  0.500032430256703E+000  0.165830868057422E+003  0.148722279123384E+001
  0.500032430256703E+000  0.165830561284894E+003  0.148780980123540E+001
  0.500032430256703E+000  0.165830229510345E+003  0.163400587807190E+001
  0.500032430256703E+000  0.165829145710568E+003  0.163187419992033E+001
  0.500032430256703E+000  0.165827956807916E+003  0.162945924398619E+001
  0.500032430256703E+000  0.165827838642844E+003  0.162921453498179E+001
  0.500032430256703E+000  0.165827606348583E+003  0.149372497090605E+001
  0.500032430256703E+000  0.165827203412763E+003  0.149457222214157E+001
  0.500032430256703E+000  0.165827190995112E+003  0.162785735597029E+001
  0.500032430256703E+000  0.165827093206769E+003  0.162765002589293E+001
  0.500032430256703E+000  0.165827039098655E+003  0.149492083207059E+001
  0.500032430256703E+000  0.165826913026959E+003  0.162726630548687E+001
  0.500032430256703E+000  0.165826290770451E+003  0.162592361546116E+001
  0.500032430256703E+000  0.165825929195230E+003  0.149732540063038E+001
  0.500032430256703E+000  0.165825563974661E+003  0.149813667514423E+001
  0.500032430256703E+000  0.165825106689161E+003  0.162328845330539E+001
  0.500032430256703E+000  0.165824856670232E+003  0.149973825978348E+001
  0.500032430256703E+000  0.165824602887126E+003  0.150032317935914E+001
  0.500032430256703E+000  0.165824493874779E+003  0.150057616303949E+001
  0.500032430256703E+000  0.165824170920037E+003  0.150133191189784E+001
  0.500032430256703E+000  0.165824125978466E+003  0.162101802260891E+001
  0.500032430256703E+000  0.165823691699471E+003  0.150247125073311E+001
  0.500032430256703E+000  0.165823212038236E+003  0.150363420272088E+001
  0.500032430256703E+000  0.165823189772670E+003  0.150368875706808E+001
  0.500032430256703E+000  0.165822990540028E+003  0.161827662766152E+001
  0.500032430256703E+000  0.165822566714176E+003  0.161721895463497E+001
  0.500032430256703E+000  0.165822442942637E+003  0.150554957191839E+001
  0.500032430256703E+000  0.165822148495970E+003  0.161615531535828E+001
  0.500032430256703E+000  0.165822004931797E+003  0.150667044672021E+001
  0.500032430256703E+000  0.165821930827993E+003  0.150686236475322E+001
  0.500032430256703E+000  0.165821555885750E+003  0.161461187333548E+001
  0.500032430256703E+000  0.165821333128226E+003  0.150843582175493E+001
  0.500032430256703E+000  0.165821310596819E+003  0.150849605443931E+001
  0.500032430256703E+000  0.165821254605231E+003  0.161380982556299E+001
  0.500032430256703E+000  0.165821246858809E+003  0.161378904219803E+001
  0.500032430256703E+000  0.165820869978109E+003  0.150968809631156E+001
  0.500032430256703E+000  0.165820823338020E+003  0.150981589317553E+001
  0.500032430256703E+000  0.165820710845515E+003  0.161233041484500E+001
  0.500032430256703E+000  0.165820682928630E+003  0.151020255618727E+001
  0.500032430256703E+000  0.165820419362691E+003  0.151093639796931E+001
  0.500032430256703E+000  0.165820314359172E+003  0.161122410210650E+001
  0.500032430256703E+000  0.165820156732773E+003  0.161077741676923E+001
  0.500032430256703E+000  0.165820073193028E+003  0.161053903942059E+001
  0.500032430256703E+000  0.165819952329026E+003  0.151226375504229E+001
  0.500032430256703E+000  0.165819579968691E+003  0.151334839869617E+001
  0.500032430256703E+000  0.165819547464049E+003  0.151344424944265E+001
  0.500032430256703E+000  0.165819042202968E+003  0.160749615437270E+001
  0.500032430256703E+000  0.165818851234254E+003  0.160691028224938E+001
  0.500032430256703E+000  0.165818536176473E+003  0.160592693612232E+001
  0.500032430256703E+000  0.165818040303671E+003  0.160433382302910E+001
  0.500032430256703E+000  0.165817785097721E+003  0.151896534886743E+001
  0.500032430256703E+000  0.165817431668502E+003  0.152016182205687E+001
  0.500032430256703E+000  0.165817383757202E+003  0.160212914849977E+001
  0.500032430256703E+000  0.165817117167760E+003  0.152125661278136E+001
  0.500032430256703E+000  0.165817025720635E+003  0.152158061682180E+001
  0.500032430256703E+000  0.165816932801250E+003  0.160054328768265E+001
  0.500032430256703E+000  0.165816906063901E+003  0.160044724772606E+001
  0.500032430256703E+000  0.165816834855623E+003  0.160019031440816E+001
  0.500032430256703E+000  0.165816016566324E+003  0.152534991073605E+001
  0.500032430256703E+000  0.165815986810950E+003  0.152546707947734E+001
  0.500032430256703E+000  0.165815885684472E+003  0.159658766926941E+001
  0.500032430256703E+000  0.165815800199671E+003  0.159624501645880E+001
  0.500032430256703E+000  0.165815688033278E+003  0.152666559783410E+001
  0.500032430256703E+000  0.165815175842549E+003  0.152882317005162E+001
  0.500032430256703E+000  0.165815169264819E+003  0.152885181343464E+001
  0.500032430256703E+000  0.165815096591478E+003  0.152916998008407E+001
  0.500032430256703E+000  0.165814827926817E+003  0.153037467650875E+001
  0.500032430256703E+000  0.165814033931199E+003  0.158820831563669E+001
  0.500032430256703E+000  0.165813884944071E+003  0.153503799436777E+001
  0.500032430256703E+000  0.165813824525102E+003  0.158709042872419E+001
  0.500032430256703E+000  0.165813763716497E+003  0.153569921947363E+001
  0.500032430256703E+000  0.165813619987231E+003  0.153650608169845E+001
  0.500032430256703E+000  0.165813506154475E+003  0.158529155700765E+001
  0.500032430256703E+000  0.165813144334853E+003  0.153938781268150E+001
  0.500032430256703E+000  0.165813085933329E+003  0.153976829443804E+001
  0.500032430256703E+000  0.165812984157838E+003  0.154044799682990E+001
  0.500032430256703E+000  0.165812926966964E+003  0.154083988510724E+001
  0.500032430256703E+000  0.165812789723366E+003  0.158064330178160E+001
  0.500032430256703E+000  0.165812734059311E+003  0.158023461622824E+001
  0.500032430256703E+000  0.165812528117968E+003  0.157863939580506E+001
  0.500032430256703E+000  0.165812431415837E+003  0.157783756498407E+001
  0.500032430256703E+000  0.165812331979059E+003  0.154548533223190E+001
  0.500032430256703E+000  0.165812292505410E+003  0.157661279484812E+001
  0.500032430256703E+000  0.165812212112283E+003  0.157585720148712E+001
  0.500032430256703E+000  0.165811875462736E+003  0.157213886493456E+001
  0.500032430256703E+000  0.165811860470600E+003  0.155051255306839E+001
  0.500032430256703E+000  0.165811854561385E+003  0.155059062095094E+001
  0.500032430256703E+000  0.165811835353524E+003  0.155084843549314E+001
  0.500032430256703E+000  0.165811733062532E+003  0.155234659282858E+001
  0.500032430256703E+000  0.165811723486130E+003  0.156995585602957E+001
  0.500032430256703E+000  0.165811691260799E+003  0.156941854016572E+001
  0.500032430256703E+000  0.165811601140297E+003  0.156768266244480E+001
  0.500032430256703E+000  0.165919788504764E+003  0.156708173192028E+001
  0.500032430256703E+000  0.165919744743243E+003  0.155654582555941E+001
  0.500032430256703E+000  0.165919719037223E+003  0.156505814744444E+001
  0.500032430256703E+000  0.165919718258666E+003  0.156502936906742E+001
  0.500032430256703E+000  0.165919714646742E+003  0.156489290394600E+001
  0.500032430256703E+000  0.165919711174836E+003  0.155769910171924E+001
  0.500032430256703E+000  0.165919709852795E+003  0.155775234543678E+001
  0.500032430256703E+000  0.165919708096930E+003  0.156463151137861E+001
  0.500032430256703E+000  0.165919674081259E+003  0.155981770889815E+001
  0.500032430256703E+000  0.166106490332930E+003  0.156171847217830E+001
  0.500032430256703E+000  0.166106489657968E+003  0.156145204712431E+001
