  0.102711494351861E+000  0.169885552255916E+003  0.274661252456454E+000
  0.102711494351861E+000  0.169779838959173E+003  0.286303365435325E+000
  0.102711494351861E+000  0.169673157031553E+003  0.298160936856034E+000
  0.102711494351861E+000  0.166243480560766E+003  0.768861626334873E+000
  0.102711494351861E+000  0.166252670400107E+003  0.767227448262262E+000
  0.102711494351861E+000  0.169587259614635E+003  0.307789852060731E+000
  0.102711494351861E+000  0.166272760941178E+003  0.763666520451821E+000
  0.102711494351861E+000  0.166290103501804E+003  0.760605392202088E+000
  0.102711494351861E+000  0.169156349164760E+003  0.357255579160408E+000
  0.102711494351861E+000  0.169025151603040E+003  0.372724975553524E+000
  0.102711494351861E+000  0.169020473059333E+003  0.373280338599136E+000
  0.102711494351861E+000  0.166305802371083E+003  0.757844449157376E+000
  0.102711494351861E+000  0.166316090097627E+003  0.756040292633170E+000
  0.102711494351861E+000  0.168885547952855E+003  0.389409765738015E+000
  0.102711494351861E+000  0.166324671213844E+003  0.754538510482670E+000
  0.102711494351861E+000  0.168626645619410E+003  0.420998650317933E+000
  0.102711494351861E+000  0.168487413281460E+003  0.438353897502091E+000
  0.102711494351861E+000  0.168481782306086E+003  0.439061443228803E+000
  0.102711494351861E+000  0.168459042092839E+003  0.441923356476406E+000
  0.102711494351861E+000  0.166326806845958E+003  0.754165187545664E+000
  0.102711494351861E+000  0.168437090236850E+003  0.444693011573377E+000
  0.102711494351861E+000  0.168434460068108E+003  0.445025319735032E+000
  0.102711494351861E+000  0.168370382297800E+003  0.453152002146676E+000
  0.102711494351861E+000  0.168361812784358E+003  0.454243356133765E+000
  0.102711494351861E+000  0.168343092556775E+003  0.456631185447841E+000
  0.102711494351861E+000  0.166344704950845E+003  0.751043239679448E+000
  0.102711494351861E+000  0.168298950790194E+003  0.462282159899468E+000
  0.102711494351861E+000  0.168198255596230E+003  0.475283080643122E+000
  0.102711494351861E+000  0.166403540881100E+003  0.740864265564347E+000
  0.102711494351861E+000  0.166412340359395E+003  0.739352739399941E+000
  0.102711494351861E+000  0.166443237087027E+003  0.734067344096015E+000
  0.102711494351861E+000  0.167999017780742E+003  0.501476890479240E+000
  0.102711494351861E+000  0.164858881816627E+003  0.107413834409612E+001
  0.102711494351861E+000  0.167858006588522E+003  0.520413949091822E+000
  0.102711494351861E+000  0.166491716042005E+003  0.725841614823123E+000
  0.102711494351861E+000  0.167672925818678E+003  0.545805150258716E+000
  0.102711494351861E+000  0.166503498692089E+003  0.723854584468138E+000
  0.102711494351861E+000  0.167623965833283E+003  0.552628869554875E+000
  0.102711494351861E+000  0.167612323951986E+003  0.554258242943770E+000
  0.102711494351861E+000  0.167605516854575E+003  0.555212172706267E+000
  0.102711494351861E+000  0.167601802448997E+003  0.555733081950050E+000
  0.102711494351861E+000  0.167601459453556E+003  0.555781197334678E+000
  0.102711494351861E+000  0.167600196027676E+003  0.555958450523571E+000
  0.102711494351861E+000  0.167573673273799E+003  0.559686719847419E+000
  0.102711494351861E+000  0.167521277473815E+003  0.567093022984942E+000
  0.102711494351861E+000  0.166614484556571E+003  0.705364241003752E+000
  0.102711494351861E+000  0.167345489083921E+003  0.592354757651491E+000
  0.102711494351861E+000  0.167253291532212E+003  0.605871046452227E+000
  0.102711494351861E+000  0.167245608836163E+003  0.607005981814164E+000
  0.102711494351861E+000  0.167220283484685E+003  0.610756795958094E+000
  0.102711494351861E+000  0.167201764384799E+003  0.613508965844368E+000
  0.102711494351861E+000  0.167188227375963E+003  0.615525801774147E+000
  0.102711494351861E+000  0.166978971027280E+003  0.647268199369243E+000
  0.102711494351861E+000  0.166975786287921E+003  0.647759818444835E+000
  0.102711494351861E+000  0.166965899278200E+003  0.649287736303479E+000
  0.102711494351861E+000  0.166961673149585E+003  0.649941614944515E+000
  0.102711494351861E+000  0.166953970333773E+003  0.651134625011596E+000
  0.102711494351861E+000  0.166630604656007E+003  0.702711738983980E+000
  0.102711494351861E+000  0.166941823150136E+003  0.653019161849415E+000
  0.102711494351861E+000  0.166656168532318E+003  0.698522020316598E+000
  0.102711494351861E+000  0.166915070225326E+003  0.657183514171342E+000
  0.102711494351861E+000  0.166659744981363E+003  0.697937489735917E+000
  0.102711494351861E+000  0.166873308517856E+003  0.663722751398381E+000
  0.102711494351861E+000  0.166847866880783E+003  0.667729976838765E+000
  0.102711494351861E+000  0.166832702894417E+003  0.670126975715753E+000
  0.102711494351861E+000  0.166802216197997E+003  0.674965681877676E+000
  0.102711494351861E+000  0.166787593222091E+003  0.677295971587555E+000
  0.102711494351861E+000  0.166745524654231E+003  0.684034460341979E+000
  0.102711494351861E+000  0.166240153298986E+003  0.769454126464706E+000
  0.102711494351861E+000  0.166229128994608E+003  0.771420448953814E+000
  0.102711494351861E+000  0.166208257147944E+003  0.775156675038407E+000
  0.102711494351861E+000  0.166187271450152E+003  0.778931271546741E+000
  0.102711494351861E+000  0.166141111287889E+003  0.787298656446181E+000
  0.102711494351861E+000  0.166122724779031E+003  0.790656854709018E+000
  0.102711494351861E+000  0.166121772261036E+003  0.790831225886221E+000
  0.102711494351861E+000  0.166116081495662E+003  0.791873820089611E+000
  0.102711494351861E+000  0.166101557328589E+003  0.794541191788573E+000
  0.102711494351861E+000  0.166073201183324E+003  0.799775742627635E+000
  0.102711494351861E+000  0.166071018881454E+003  0.800180088098969E+000
  0.102711494351861E+000  0.166059185890833E+003  0.802376302449153E+000
  0.102711494351861E+000  0.166036763352175E+003  0.806555477036594E+000
  0.102711494351861E+000  0.166023178299656E+003  0.809098793016373E+000
  0.102711494351861E+000  0.166004919181521E+003  0.812530770548624E+000
  0.102711494351861E+000  0.166002284219499E+003  0.813027336905013E+000
  0.102711494351861E+000  0.165954733461548E+003  0.822045742482900E+000
  0.102711494351861E+000  0.165942793798643E+003  0.824327536716754E+000
  0.102711494351861E+000  0.165926060945414E+003  0.827537301142675E+000
  0.102711494351861E+000  0.165895063348794E+003  0.833520792266946E+000
  0.102711494351861E+000  0.165889509211349E+003  0.834598117054513E+000
  0.102711494351861E+000  0.165886031695436E+003  0.835273457643991E+000
  0.102711494351861E+000  0.165871045672394E+003  0.838190989807151E+000
  0.102711494351861E+000  0.165865218822243E+003  0.839328565266118E+000
  0.102711494351861E+000  0.165864581405493E+003  0.839453116877670E+000
  0.102711494351861E+000  0.165830006941903E+003  0.846241493241063E+000
  0.102711494351861E+000  0.165779725143011E+003  0.856230503651156E+000
  0.102711494351861E+000  0.165775758323846E+003  0.857024584273861E+000
  0.102711494351861E+000  0.165772537252833E+003  0.857670039862231E+000
  0.102711494351861E+000  0.165771232707840E+003  0.857931620165523E+000
  0.102711494351861E+000  0.165746692701264E+003  0.862870506197227E+000
  0.102711494351861E+000  0.165742858916829E+003  0.863645246185145E+000
  0.102711494351861E+000  0.165726322776855E+003  0.866996814452002E+000
  0.102711494351861E+000  0.165723618877652E+003  0.867546384972187E+000
  0.102711494351861E+000  0.165671112128841E+003  0.878306114901572E+000
  0.102711494351861E+000  0.165656529497641E+003  0.881324612443344E+000
  0.102711494351861E+000  0.165656392983074E+003  0.881352933271629E+000
  0.102711494351861E+000  0.165651121325924E+003  0.882447476429083E+000
  0.102711494351861E+000  0.165643428249122E+003  0.884047948568840E+000
  0.102711494351861E+000  0.165635014926042E+003  0.885802602796343E+000
  0.102711494351861E+000  0.164858994337224E+003  0.107410576239677E+001
  0.102711494351861E+000  0.164870947561841E+003  0.107065688664276E+001
  0.102711494351861E+000  0.165549358765506E+003  0.903933311237985E+000
  0.102711494351861E+000  0.165537643952708E+003  0.906451992616640E+000
  0.102711494351861E+000  0.165524383827863E+003  0.909314656612836E+000
  0.102711494351861E+000  0.165517255187153E+003  0.910858832024657E+000
  0.102711494351861E+000  0.165506838916230E+003  0.913121775250944E+000
  0.102711494351861E+000  0.165495671050501E+003  0.915556813203135E+000
  0.102711494351861E+000  0.165486652509423E+003  0.917529935908243E+000
  0.102711494351861E+000  0.165485299616753E+003  0.917826450656332E+000
  0.102711494351861E+000  0.165472345446583E+003  0.920672577446920E+000
  0.102711494351861E+000  0.165460106107286E+003  0.923373318185359E+000
  0.102711494351861E+000  0.165454141166421E+003  0.924693699135784E+000
  0.102711494351861E+000  0.165444519484701E+003  0.926829316539922E+000
  0.102711494351861E+000  0.165427074036621E+003  0.930719935827289E+000
  0.102711494351861E+000  0.165416755925537E+003  0.933032382962892E+000
  0.102711494351861E+000  0.165416144493205E+003  0.933169681554031E+000
  0.102711494351861E+000  0.165411627971754E+003  0.934184808466502E+000
  0.102711494351861E+000  0.165409506297299E+003  0.934662240747356E+000
  0.102711494351861E+000  0.165403369745711E+003  0.936045177754026E+000
  0.102711494351861E+000  0.165399394972499E+003  0.936942569860727E+000
  0.102711494351861E+000  0.165387687144184E+003  0.939593396296277E+000
  0.102711494351861E+000  0.165369800663973E+003  0.943665131103073E+000
  0.102711494351861E+000  0.165362306403988E+003  0.945379150776563E+000
  0.102711494351861E+000  0.165327795325048E+003  0.953334581425091E+000
  0.102711494351861E+000  0.165312946325894E+003  0.956789762842783E+000
  0.102711494351861E+000  0.165311540708459E+003  0.957117856785964E+000
  0.102711494351861E+000  0.165303871443634E+003  0.958911135535022E+000
  0.102711494351861E+000  0.165295622686192E+003  0.960845893808759E+000
  0.102711494351861E+000  0.165282192978071E+003  0.964009260947841E+000
  0.102711494351861E+000  0.165253243973887E+003  0.970885846665645E+000
  0.102711494351861E+000  0.165250543556923E+003  0.971531396353905E+000
  0.102711494351861E+000  0.165249593518593E+003  0.971758676408870E+000
  0.102711494351861E+000  0.165248706646106E+003  0.971970924255091E+000
  0.102711494351861E+000  0.165247675672233E+003  0.972217754825128E+000
  0.102711494351861E+000  0.165242960058065E+003  0.973348064498121E+000
  0.102711494351861E+000  0.165242550415262E+003  0.973446356487143E+000
  0.102711494351861E+000  0.165236750619972E+003  0.974839759829258E+000
  0.102711494351861E+000  0.165234121697479E+003  0.975472451346285E+000
  0.102711494351861E+000  0.165228853146871E+003  0.976742472451367E+000
  0.102711494351861E+000  0.165216792094413E+003  0.979660315699356E+000
  0.102711494351861E+000  0.165194344676392E+003  0.985130203663861E+000
  0.102711494351861E+000  0.165183364467416E+003  0.987824816541026E+000
  0.102711494351861E+000  0.165168512323143E+003  0.991489904257087E+000
  0.102711494351861E+000  0.165151171258183E+003  0.995799248495876E+000
  0.102711494351861E+000  0.165145399773373E+003  0.997240795340580E+000
  0.102711494351861E+000  0.165107935867786E+003  0.100668927903540E+001
  0.102711494351861E+000  0.165107425022579E+003  0.100681922819123E+001
  0.102711494351861E+000  0.165106705771322E+003  0.100700224347182E+001
  0.102711494351861E+000  0.165104737091068E+003  0.100750348845766E+001
  0.102711494351861E+000  0.165081272873738E+003  0.101351301906739E+001
  0.102711494351861E+000  0.164886057059152E+003  0.106633171958864E+001
  0.102711494351861E+000  0.165067146866746E+003  0.101716290570951E+001
  0.102711494351861E+000  0.165065528508871E+003  0.101758262253530E+001
  0.102711494351861E+000  0.165050084903192E+003  0.102160430227483E+001
  0.102711494351861E+000  0.165048719409487E+003  0.102196133457923E+001
  0.102711494351861E+000  0.165040473192705E+003  0.102412249702596E+001
  0.102711494351861E+000  0.165039883526473E+003  0.102427736955977E+001
  0.102711494351861E+000  0.165032964806493E+003  0.102609788086731E+001
  0.102711494351861E+000  0.165018753662319E+003  0.102985679818416E+001
  0.102711494351861E+000  0.165018624014697E+003  0.102989121302267E+001
  0.102711494351861E+000  0.165016940408231E+003  0.103033832735869E+001
  0.102711494351861E+000  0.165000389393678E+003  0.103475398459743E+001
  0.102711494351861E+000  0.165000371821721E+003  0.103475869231359E+001
  0.102711494351861E+000  0.164968941888832E+003  0.104324758495367E+001
  0.102711494351861E+000  0.164961119181345E+003  0.104538212666878E+001
  0.102711494351861E+000  0.164953380895168E+003  0.104750235872080E+001
  0.102711494351861E+000  0.164945039366425E+003  0.104979771895289E+001
  0.102711494351861E+000  0.164937238378443E+003  0.105195369867586E+001
  0.102711494351861E+000  0.164934232165604E+003  0.105278697403179E+001
  0.102711494351861E+000  0.164914585650075E+003  0.105826667304536E+001
  0.102711494351861E+000  0.164913374469482E+003  0.105860644392919E+001
  0.102711494351861E+000  0.164894413930412E+003  0.106395568169139E+001
  0.102711494351861E+000  0.164889368804194E+003  0.106538875737690E+001
  0.102711494351861E+000  0.164888273523164E+003  0.106570042114352E+001
  0.102711494351861E+000  0.164839011533166E+003  0.107992660939171E+001
  0.102711494351861E+000  0.164797706543959E+003  0.203026848120343E+001
  0.102711494351861E+000  0.164795035368800E+003  0.109299132924488E+001
  0.102711494351861E+000  0.164789348101877E+003  0.109470765615553E+001
  0.102711494351861E+000  0.164788365785493E+003  0.109500474356243E+001
  0.102711494351861E+000  0.164786293580257E+003  0.109563207384673E+001
  0.102711494351861E+000  0.164784889227837E+003  0.202639815749909E+001
  0.102711494351861E+000  0.164778019818304E+003  0.109814530658243E+001
  0.102711494351861E+000  0.164776978446894E+003  0.109846259998890E+001
  0.102711494351861E+000  0.164775590784960E+003  0.109888574237727E+001
  0.102711494351861E+000  0.164773603122228E+003  0.202296334010040E+001
  0.102711494351861E+000  0.164764018163151E+003  0.202002605761859E+001
  0.102711494351861E+000  0.164761771031195E+003  0.110312115435268E+001
  0.102711494351861E+000  0.164754208914989E+003  0.110545541624234E+001
  0.102711494351861E+000  0.164748482109491E+003  0.201522471642623E+001
  0.102711494351861E+000  0.164747134954631E+003  0.201480599022296E+001
  0.102711494351861E+000  0.164745462167465E+003  0.110817034825681E+001
  0.102711494351861E+000  0.164742702741484E+003  0.201342562180215E+001
  0.102711494351861E+000  0.164732280946209E+003  0.111229272475495E+001
  0.102711494351861E+000  0.164732184263387E+003  0.111232310179253E+001
  0.102711494351861E+000  0.164730646080929E+003  0.200964919546714E+001
  0.102711494351861E+000  0.164727309632441E+003  0.111385734895342E+001
  0.102711494351861E+000  0.164724641772222E+003  0.200775659325596E+001
  0.102711494351861E+000  0.164724518707275E+003  0.111473814139085E+001
  0.102711494351861E+000  0.164716215163326E+003  0.111736900553151E+001
  0.102711494351861E+000  0.164713555070687E+003  0.111821512369411E+001
  0.102711494351861E+000  0.164713170144666E+003  0.200411816552504E+001
  0.102711494351861E+000  0.164708722354698E+003  0.200269940398069E+001
  0.102711494351861E+000  0.164706584783798E+003  0.112043992548773E+001
  0.102711494351861E+000  0.164706575995756E+003  0.112044273757518E+001
  0.102711494351861E+000  0.164703114119523E+003  0.200090395664385E+001
  0.102711494351861E+000  0.164702997312726E+003  0.112158937616678E+001
  0.102711494351861E+000  0.164700879248931E+003  0.112226943167561E+001
  0.102711494351861E+000  0.164700730491022E+003  0.112231723359365E+001
  0.102711494351861E+000  0.164699116814878E+003  0.199961975198600E+001
  0.102711494351861E+000  0.164694838484252E+003  0.112421477802787E+001
  0.102711494351861E+000  0.164694747545383E+003  0.112424412982538E+001
  0.102711494351861E+000  0.164691965861601E+003  0.112514291178944E+001
  0.102711494351861E+000  0.164689047003656E+003  0.112608801171714E+001
  0.102711494351861E+000  0.164686077207861E+003  0.199540414348791E+001
  0.102711494351861E+000  0.164685144484562E+003  0.112735482853857E+001
  0.102711494351861E+000  0.164683545026511E+003  0.199458075298412E+001
  0.102711494351861E+000  0.164677086947175E+003  0.112998220093157E+001
  0.102711494351861E+000  0.164675307225741E+003  0.113056468720793E+001
  0.102711494351861E+000  0.164673276033257E+003  0.113123044178492E+001
  0.102711494351861E+000  0.164670981515545E+003  0.199047211246402E+001
  0.102711494351861E+000  0.164670828988583E+003  0.113203386979710E+001
  0.102711494351861E+000  0.164665848565954E+003  0.113367373457164E+001
  0.102711494351861E+000  0.164663626015108E+003  0.198804829012309E+001
  0.102711494351861E+000  0.164656235251136E+003  0.113685695551413E+001
  0.102711494351861E+000  0.164655454482412E+003  0.198533932220954E+001
  0.102711494351861E+000  0.164654124765134E+003  0.198489686523543E+001
  0.102711494351861E+000  0.164653994739549E+003  0.198485357504898E+001
  0.102711494351861E+000  0.164649808623949E+003  0.198345749520713E+001
  0.102711494351861E+000  0.164644110431538E+003  0.198154968215397E+001
  0.102711494351861E+000  0.164642727022901E+003  0.114137066478511E+001
  0.102711494351861E+000  0.164642162350280E+003  0.114156040451326E+001
  0.102711494351861E+000  0.164641465693023E+003  0.198066124814853E+001
  0.102711494351861E+000  0.164638924785230E+003  0.197980591737938E+001
  0.102711494351861E+000  0.164635041671329E+003  0.114396047919431E+001
  0.102711494351861E+000  0.164635014414824E+003  0.114396969271331E+001
  0.102711494351861E+000  0.164632762120078E+003  0.197772411938968E+001
  0.102711494351861E+000  0.164631456425851E+003  0.197728170805664E+001
  0.102711494351861E+000  0.164626155683887E+003  0.197548079303789E+001
  0.102711494351861E+000  0.164625062137039E+003  0.114734757186063E+001
  0.102711494351861E+000  0.164620107086098E+003  0.197341618383765E+001
  0.102711494351861E+000  0.164615602501150E+003  0.197187185927359E+001
  0.102711494351861E+000  0.164612085328856E+003  0.115179385612450E+001
  0.102711494351861E+000  0.164611628209626E+003  0.197050449872783E+001
  0.102711494351861E+000  0.164610197163236E+003  0.197001102526717E+001
  0.102711494351861E+000  0.164609055363759E+003  0.196961686629810E+001
  0.102711494351861E+000  0.164605740543385E+003  0.115398545933499E+001
  0.102711494351861E+000  0.164605313605932E+003  0.115413335489329E+001
  0.102711494351861E+000  0.164605183940357E+003  0.115417828303030E+001
  0.102711494351861E+000  0.164604952964307E+003  0.196819753300704E+001
  0.102711494351861E+000  0.164604484528728E+003  0.196803515035703E+001
  0.102711494351861E+000  0.164600682490600E+003  0.196671477242632E+001
  0.102711494351861E+000  0.164597223932385E+003  0.196550993321278E+001
  0.102711494351861E+000  0.164597043147196E+003  0.196544685528847E+001
  0.102711494351861E+000  0.164596473077591E+003  0.115720797247406E+001
  0.102711494351861E+000  0.164596424861235E+003  0.115722480563552E+001
  0.102711494351861E+000  0.164592435913908E+003  0.115861985354068E+001
  0.102711494351861E+000  0.164592062153947E+003  0.115875081575362E+001
  0.102711494351861E+000  0.164590407550044E+003  0.196312477269110E+001
  0.102711494351861E+000  0.164589811288488E+003  0.115954040210207E+001
  0.102711494351861E+000  0.164588789888357E+003  0.196255664592811E+001
  0.102711494351861E+000  0.164584549843606E+003  0.196106370089561E+001
  0.102711494351861E+000  0.164583547484743E+003  0.196070994896101E+001
  0.102711494351861E+000  0.164581496432583E+003  0.195998511468905E+001
  0.102711494351861E+000  0.164581353379153E+003  0.195993451097623E+001
  0.102711494351861E+000  0.164579217810783E+003  0.116327754970044E+001
  0.102711494351861E+000  0.164576532808218E+003  0.195822551155429E+001
  0.102711494351861E+000  0.164575898622228E+003  0.195800013063295E+001
  0.102711494351861E+000  0.164572879931730E+003  0.195692557003339E+001
  0.102711494351861E+000  0.164569679328694E+003  0.195578305781017E+001
  0.102711494351861E+000  0.164569296457565E+003  0.116680969625601E+001
  0.102711494351861E+000  0.164568541216396E+003  0.116707986960981E+001
  0.102711494351861E+000  0.164565450907780E+003  0.116818730418200E+001
  0.102711494351861E+000  0.164562339749842E+003  0.195315048856719E+001
  0.102711494351861E+000  0.164561203941233E+003  0.116971434607303E+001
  0.102711494351861E+000  0.164560582648723E+003  0.116993823806046E+001
  0.102711494351861E+000  0.164554529036400E+003  0.195032936964337E+001
  0.102711494351861E+000  0.164553443261761E+003  0.194993558230672E+001
  0.102711494351861E+000  0.164551485446764E+003  0.117323134531782E+001
  0.102711494351861E+000  0.164551008417573E+003  0.194905106249463E+001
  0.102711494351861E+000  0.164548550789980E+003  0.194815621554409E+001
  0.102711494351861E+000  0.164547910791951E+003  0.117453301379397E+001
  0.102711494351861E+000  0.164545229961772E+003  0.117551208901308E+001
  0.102711494351861E+000  0.164544405355801E+003  0.194664211339579E+001
  0.102711494351861E+000  0.164537562427289E+003  0.117832619528980E+001
  0.102711494351861E+000  0.164535976634120E+003  0.194354506834982E+001
  0.102711494351861E+000  0.164535775405884E+003  0.117898503730883E+001
  0.102711494351861E+000  0.164534503533390E+003  0.194300121381189E+001
  0.102711494351861E+000  0.164533381900648E+003  0.117986926200946E+001
  0.102711494351861E+000  0.164531342869374E+003  0.194183170477803E+001
  0.102711494351861E+000  0.164531186069533E+003  0.194177359211787E+001
  0.102711494351861E+000  0.164530687678375E+003  0.194158882100595E+001
  0.102711494351861E+000  0.164530235183639E+003  0.194142098753605E+001
  0.102711494351861E+000  0.164529012194827E+003  0.194096700123761E+001
  0.102711494351861E+000  0.164526113229942E+003  0.193988870078180E+001
  0.102711494351861E+000  0.164523504113563E+003  0.118354027947429E+001
  0.102711494351861E+000  0.164522790877769E+003  0.193864912851023E+001
  0.102711494351861E+000  0.164521845382611E+003  0.193829561865170E+001
  0.102711494351861E+000  0.164517774321139E+003  0.118568616566674E+001
  0.102711494351861E+000  0.164516081192788E+003  0.193613324324285E+001
  0.102711494351861E+000  0.164511217324455E+003  0.193429886423848E+001
  0.102711494351861E+000  0.164508295802817E+003  0.193319268093172E+001
  0.102711494351861E+000  0.164508257937130E+003  0.193317832215272E+001
  0.102711494351861E+000  0.164504782678894E+003  0.119059773405859E+001
  0.102711494351861E+000  0.164504528443709E+003  0.193176136108694E+001
  0.102711494351861E+000  0.164501813998571E+003  0.193072663462171E+001
  0.102711494351861E+000  0.164499673307500E+003  0.119254728895200E+001
  0.102711494351861E+000  0.164499224897510E+003  0.119271887860390E+001
  0.102711494351861E+000  0.164498733532687E+003  0.119290699724809E+001
  0.102711494351861E+000  0.164497241522225E+003  0.192897705774182E+001
  0.102711494351861E+000  0.164496820151847E+003  0.192881540879389E+001
  0.102711494351861E+000  0.164495829010643E+003  0.119402095980210E+001
  0.102711494351861E+000  0.164495650517046E+003  0.119408952714934E+001
  0.102711494351861E+000  0.164493756131750E+003  0.192763782404614E+001
  0.102711494351861E+000  0.164491890193438E+003  0.119553702343787E+001
  0.102711494351861E+000  0.164482431433624E+003  0.119920365973479E+001
  0.102711494351861E+000  0.164482218455540E+003  0.119928664712000E+001
  0.102711494351861E+000  0.164481359030378E+003  0.192283414223341E+001
  0.102711494351861E+000  0.164481130782031E+003  0.119971075859491E+001
  0.102711494351861E+000  0.164478834618837E+003  0.192184813101228E+001
  0.102711494351861E+000  0.164478430398780E+003  0.120076586379922E+001
  0.102711494351861E+000  0.164477611411685E+003  0.192136938694619E+001
  0.102711494351861E+000  0.164476599403013E+003  0.192097282104916E+001
  0.102711494351861E+000  0.164474909961973E+003  0.120214603922659E+001
  0.102711494351861E+000  0.164473548212377E+003  0.120268133356865E+001
  0.102711494351861E+000  0.164473433195566E+003  0.120272658248634E+001
  0.102711494351861E+000  0.164468860476704E+003  0.191792566735024E+001
  0.102711494351861E+000  0.164466879523073E+003  0.191714148569711E+001
  0.102711494351861E+000  0.164463171139030E+003  0.120678704146368E+001
  0.102711494351861E+000  0.164459985447767E+003  0.191439881836955E+001
  0.102711494351861E+000  0.164459811860927E+003  0.191432948543173E+001
  0.102711494351861E+000  0.164459203002135E+003  0.120836966849114E+001
  0.102711494351861E+000  0.164448617343692E+003  0.190982912540951E+001
  0.102711494351861E+000  0.164448062623920E+003  0.190960460815495E+001
  0.102711494351861E+000  0.164443398960893E+003  0.190771128433649E+001
  0.102711494351861E+000  0.164442813615750E+003  0.121498294133735E+001
  0.102711494351861E+000  0.164438174635329E+003  0.121687787561133E+001
  0.102711494351861E+000  0.164433971602064E+003  0.190385207685370E+001
  0.102711494351861E+000  0.164431808051441E+003  0.190296025162762E+001
  0.102711494351861E+000  0.164430943621844E+003  0.121985258128029E+001
  0.102711494351861E+000  0.164430105342080E+003  0.122019911251096E+001
  0.102711494351861E+000  0.164429522328057E+003  0.122044032879006E+001
  0.102711494351861E+000  0.164426205282926E+003  0.122181598562754E+001
  0.102711494351861E+000  0.164425244608472E+003  0.190024041733326E+001
  0.102711494351861E+000  0.164424178632719E+003  0.189979662370909E+001
  0.102711494351861E+000  0.164422771002161E+003  0.122324616234837E+001
  0.102711494351861E+000  0.164418533801973E+003  0.122501909138934E+001
  0.102711494351861E+000  0.164418201041952E+003  0.189729713885095E+001
  0.102711494351861E+000  0.164415984362507E+003  0.189636551280991E+001
  0.102711494351861E+000  0.164415068678454E+003  0.189597991238317E+001
  0.102711494351861E+000  0.164409749612461E+003  0.122872468332755E+001
  0.102711494351861E+000  0.164405911126839E+003  0.189209888988356E+001
  0.102711494351861E+000  0.164404612943547E+003  0.189154502212340E+001
  0.102711494351861E+000  0.164397422438780E+003  0.188846022884106E+001
  0.102711494351861E+000  0.164397216316143E+003  0.188837137144769E+001
  0.102711494351861E+000  0.164396525200991E+003  0.188807326237835E+001
  0.102711494351861E+000  0.164394431678269E+003  0.188716856791035E+001
  0.102711494351861E+000  0.164393652911691E+003  0.188683139043292E+001
  0.102711494351861E+000  0.164391179646604E+003  0.123669762572292E+001
  0.102711494351861E+000  0.164390961386974E+003  0.188566336015736E+001
  0.102711494351861E+000  0.164387830706669E+003  0.123815642107322E+001
  0.102711494351861E+000  0.164386715972071E+003  0.123864346190522E+001
  0.102711494351861E+000  0.164384315489866E+003  0.188276109373462E+001
  0.102711494351861E+000  0.164383360464809E+003  0.124011398148147E+001
  0.102711494351861E+000  0.164381008279843E+003  0.188130702750359E+001
  0.102711494351861E+000  0.164379583782119E+003  0.124177717414596E+001
  0.102711494351861E+000  0.164379014163243E+003  0.188042708217951E+001
  0.102711494351861E+000  0.164377939251447E+003  0.187995174732890E+001
  0.102711494351861E+000  0.164376870942176E+003  0.187947862874484E+001
  0.102711494351861E+000  0.164369962875376E+003  0.124605372780295E+001
  0.102711494351861E+000  0.164368653630286E+003  0.124664018944234E+001
  0.102711494351861E+000  0.164365918291160E+003  0.124786899588779E+001
  0.102711494351861E+000  0.164363511232001E+003  0.187350153213916E+001
  0.102711494351861E+000  0.164361942946864E+003  0.187279236558908E+001
  0.102711494351861E+000  0.164360852268174E+003  0.125015764391051E+001
  0.102711494351861E+000  0.164358937011011E+003  0.187142857260999E+001
  0.102711494351861E+000  0.164358835653526E+003  0.125107337756110E+001
  0.102711494351861E+000  0.164355352034402E+003  0.125266167198303E+001
  0.102711494351861E+000  0.164351394428204E+003  0.186797980913041E+001
  0.102711494351861E+000  0.164351192003416E+003  0.125456914158605E+001
  0.102711494351861E+000  0.164349754323560E+003  0.186722474431733E+001
  0.102711494351861E+000  0.164345121050850E+003  0.186508155968452E+001
  0.102711494351861E+000  0.164344151092281E+003  0.186463097548912E+001
  0.102711494351861E+000  0.164343488514745E+003  0.125813306287412E+001
  0.102711494351861E+000  0.164342967750633E+003  0.125837550119270E+001
  0.102711494351861E+000  0.164338376251689E+003  0.186193435753047E+001
  0.102711494351861E+000  0.164338035008331E+003  0.186177425352470E+001
  0.102711494351861E+000  0.164336753119846E+003  0.126128380411025E+001
  0.102711494351861E+000  0.164336593059656E+003  0.126135908115145E+001
  0.102711494351861E+000  0.164334901516323E+003  0.186030007983856E+001
  0.102711494351861E+000  0.164330360468421E+003  0.185815072273764E+001
  0.102711494351861E+000  0.164330116078915E+003  0.185803460755383E+001
  0.102711494351861E+000  0.164329802584317E+003  0.126457026739502E+001
  0.102711494351861E+000  0.164329744349280E+003  0.126459795683206E+001
  0.102711494351861E+000  0.164328835589646E+003  0.185742547301309E+001
  0.102711494351861E+000  0.164327657667102E+003  0.185686402162664E+001
  0.102711494351861E+000  0.164326234485580E+003  0.126627161677425E+001
  0.102711494351861E+000  0.164325987152094E+003  0.126638991477212E+001
  0.102711494351861E+000  0.164325724674614E+003  0.126651550797900E+001
  0.102711494351861E+000  0.164325058889601E+003  0.185562153909235E+001
  0.102711494351861E+000  0.164322355058737E+003  0.185432323953320E+001
  0.102711494351861E+000  0.164319621213555E+003  0.185300465453980E+001
  0.102711494351861E+000  0.164315631257319E+003  0.185106945758027E+001
  0.102711494351861E+000  0.164312844478331E+003  0.127274573747604E+001
  0.102711494351861E+000  0.164312080579214E+003  0.184933638754638E+001
  0.102711494351861E+000  0.164309213402580E+003  0.184792928631782E+001
  0.102711494351861E+000  0.164308450428041E+003  0.127490217722653E+001
  0.102711494351861E+000  0.164307378892072E+003  0.184702534401034E+001
  0.102711494351861E+000  0.164304982883560E+003  0.184584040395885E+001
  0.102711494351861E+000  0.164304468200134E+003  0.127687063547660E+001
  0.102711494351861E+000  0.164300423199854E+003  0.184357168733804E+001
  0.102711494351861E+000  0.164299139849632E+003  0.127952601125814E+001
  0.102711494351861E+000  0.164299018315273E+003  0.127958686975987E+001
  0.102711494351861E+000  0.164296926490236E+003  0.128063642288600E+001
  0.102711494351861E+000  0.164296152568097E+003  0.184143013258245E+001
  0.102711494351861E+000  0.164295744474702E+003  0.128123122745071E+001
  0.102711494351861E+000  0.164295289671283E+003  0.184099543282165E+001
  0.102711494351861E+000  0.164293583698816E+003  0.128232183502401E+001
  0.102711494351861E+000  0.164291602188016E+003  0.183913013548102E+001
  0.102711494351861E+000  0.164288884840498E+003  0.128470833511505E+001
  0.102711494351861E+000  0.164287588699315E+003  0.128537026438589E+001
  0.102711494351861E+000  0.164285011777826E+003  0.128669101891715E+001
  0.102711494351861E+000  0.164284734537108E+003  0.183562236736905E+001
  0.102711494351861E+000  0.164282868191805E+003  0.183466132402802E+001
  0.102711494351861E+000  0.164279334783598E+003  0.128962331840134E+001
  0.102711494351861E+000  0.164277650673367E+003  0.129049930883802E+001
  0.102711494351861E+000  0.164273358427754E+003  0.129274484639222E+001
  0.102711494351861E+000  0.164273253008711E+003  0.182965562584788E+001
  0.102711494351861E+000  0.164272945552913E+003  0.182949402218968E+001
  0.102711494351861E+000  0.164265597231378E+003  0.182560223470144E+001
  0.102711494351861E+000  0.164263375712070E+003  0.129804150542603E+001
  0.102711494351861E+000  0.164262652162925E+003  0.182402630235914E+001
  0.102711494351861E+000  0.164261123492885E+003  0.129925129978716E+001
  0.102711494351861E+000  0.164260541290074E+003  0.129956494370474E+001
  0.102711494351861E+000  0.164260494730540E+003  0.129959004246274E+001
  0.102711494351861E+000  0.164257923363468E+003  0.182147591715292E+001
  0.102711494351861E+000  0.164256199713076E+003  0.182054006241776E+001
  0.102711494351861E+000  0.164255995804498E+003  0.130202673287817E+001
  0.102711494351861E+000  0.164254799171693E+003  0.130267871474820E+001
  0.102711494351861E+000  0.164251546732310E+003  0.181799669830987E+001
  0.102711494351861E+000  0.164251171137513E+003  0.130466556494963E+001
  0.102711494351861E+000  0.164251036960907E+003  0.181771651945673E+001
  0.102711494351861E+000  0.164250275745977E+003  0.181729757239142E+001
  0.102711494351861E+000  0.164249702708697E+003  0.130547412056811E+001
  0.102711494351861E+000  0.164246302058979E+003  0.181509936468401E+001
  0.102711494351861E+000  0.164245609609333E+003  0.130774150230484E+001
  0.102711494351861E+000  0.164245501421361E+003  0.130780170846347E+001
  0.102711494351861E+000  0.164245218945932E+003  0.181449688743326E+001
  0.102711494351861E+000  0.164245015925143E+003  0.181438379837414E+001
  0.102711494351861E+000  0.164243851202883E+003  0.181373403212186E+001
  0.102711494351861E+000  0.164241690413022E+003  0.181252413777735E+001
  0.102711494351861E+000  0.164241219111382E+003  0.181225946647592E+001
  0.102711494351861E+000  0.164240337527376E+003  0.181176364012728E+001
  0.102711494351861E+000  0.164238479675240E+003  0.131174035164928E+001
  0.102711494351861E+000  0.164233331979748E+003  0.180778809213137E+001
  0.102711494351861E+000  0.164233291112803E+003  0.131469114712470E+001
  0.102711494351861E+000  0.164232724604825E+003  0.180744039160158E+001
  0.102711494351861E+000  0.164231683007444E+003  0.131561289144647E+001
  0.102711494351861E+000  0.164231586460848E+003  0.180678751902054E+001
  0.102711494351861E+000  0.164231404566358E+003  0.131577284167727E+001
  0.102711494351861E+000  0.164229946541397E+003  0.131661211052866E+001
  0.102711494351861E+000  0.164229184978261E+003  0.131705162864922E+001
  0.102711494351861E+000  0.164227988355952E+003  0.131774383355833E+001
  0.102711494351861E+000  0.164225122871619E+003  0.131940947120616E+001
  0.102711494351861E+000  0.164225078703834E+003  0.131943523467744E+001
  0.102711494351861E+000  0.164224631104841E+003  0.180275938148481E+001
  0.102711494351861E+000  0.164224579810693E+003  0.180272942532540E+001
  0.102711494351861E+000  0.164224385355234E+003  0.180261582814765E+001
  0.102711494351861E+000  0.164223771826764E+003  0.180225706555476E+001
  0.102711494351861E+000  0.164222405709090E+003  0.132099956028631E+001
  0.102711494351861E+000  0.164221632573177E+003  0.180100193170026E+001
  0.102711494351861E+000  0.164220354545281E+003  0.180024894764980E+001
  0.102711494351861E+000  0.164219107950238E+003  0.132294366904683E+001
  0.102711494351861E+000  0.164218915704624E+003  0.179939836776073E+001
  0.102711494351861E+000  0.164217969966918E+003  0.179883763043736E+001
  0.102711494351861E+000  0.164217607552669E+003  0.179862240038588E+001
  0.102711494351861E+000  0.164216523658899E+003  0.132447832833076E+001
  0.102711494351861E+000  0.164214605956985E+003  0.179683225946109E+001
  0.102711494351861E+000  0.164214566839118E+003  0.132564701986156E+001
  0.102711494351861E+000  0.164214447945008E+003  0.132571821509977E+001
  0.102711494351861E+000  0.164214256346797E+003  0.132583299174750E+001
  0.102711494351861E+000  0.164214144981970E+003  0.132589973042078E+001
  0.102711494351861E+000  0.164214077990472E+003  0.132593988618018E+001
  0.102711494351861E+000  0.164213420306862E+003  0.179612138315790E+001
  0.102711494351861E+000  0.164212542560407E+003  0.179559372663647E+001
  0.102711494351861E+000  0.164207300552110E+003  0.179241742672249E+001
  0.102711494351861E+000  0.164206823751340E+003  0.179212635004846E+001
  0.102711494351861E+000  0.164206070131143E+003  0.133079032856846E+001
  0.102711494351861E+000  0.164203942460974E+003  0.133209634448653E+001
  0.102711494351861E+000  0.164203729019549E+003  0.133222777112335E+001
  0.102711494351861E+000  0.164203433544417E+003  0.133240983462820E+001
  0.102711494351861E+000  0.164202988052354E+003  0.178977125122067E+001
  0.102711494351861E+000  0.164201731520596E+003  0.133346140762680E+001
  0.102711494351861E+000  0.164200951203937E+003  0.178851071717228E+001
  0.102711494351861E+000  0.164200589628166E+003  0.133416964055275E+001
  0.102711494351861E+000  0.164197999626888E+003  0.133578427642989E+001
  0.102711494351861E+000  0.164197041642166E+003  0.133638443235295E+001
  0.102711494351861E+000  0.164197020151804E+003  0.133639791395455E+001
  0.102711494351861E+000  0.164195329508565E+003  0.178499480502941E+001
  0.102711494351861E+000  0.164194677981721E+003  0.133787211043683E+001
  0.102711494351861E+000  0.164191077531513E+003  0.178229840242890E+001
  0.102711494351861E+000  0.164190979981503E+003  0.178223615480187E+001
  0.102711494351861E+000  0.164190876352924E+003  0.178217000916923E+001
  0.102711494351861E+000  0.164189533602617E+003  0.134114471941830E+001
  0.102711494351861E+000  0.164187400754836E+003  0.177993996494365E+001
  0.102711494351861E+000  0.164186768893679E+003  0.177953209736266E+001
  0.102711494351861E+000  0.164184843881778E+003  0.177828477429818E+001
  0.102711494351861E+000  0.164184839143394E+003  0.134417416458197E+001
  0.102711494351861E+000  0.164184332375812E+003  0.177795213374238E+001
  0.102711494351861E+000  0.164184047547389E+003  0.134468917602733E+001
  0.102711494351861E+000  0.164183458734253E+003  0.134507305299581E+001
  0.102711494351861E+000  0.164178720503535E+003  0.177426853774232E+001
  0.102711494351861E+000  0.164178474962782E+003  0.177410591096478E+001
  0.102711494351861E+000  0.164177342327326E+003  0.177335412879860E+001
  0.102711494351861E+000  0.164177246024689E+003  0.134916577439205E+001
  0.102711494351861E+000  0.164177188443202E+003  0.177325178315514E+001
  0.102711494351861E+000  0.164176705134504E+003  0.134952583852025E+001
  0.102711494351861E+000  0.164176526883781E+003  0.134964463213267E+001
  0.102711494351861E+000  0.164176315062782E+003  0.177266997463477E+001
  0.102711494351861E+000  0.164175647041663E+003  0.135023197492728E+001
  0.102711494351861E+000  0.164172354161940E+003  0.177001104412018E+001
  0.102711494351861E+000  0.164171697690472E+003  0.135288877944357E+001
  0.102711494351861E+000  0.164171019034386E+003  0.176910711657816E+001
  0.102711494351861E+000  0.164170114154737E+003  0.135396361934566E+001
  0.102711494351861E+000  0.164169779119960E+003  0.135419174257059E+001
  0.102711494351861E+000  0.164169204571992E+003  0.135458353516753E+001
  0.102711494351861E+000  0.164168783494353E+003  0.135487114647534E+001
  0.102711494351861E+000  0.164168758731269E+003  0.176756778673104E+001
  0.102711494351861E+000  0.164168739224585E+003  0.135490140762396E+001
  0.102711494351861E+000  0.164168371683792E+003  0.135515281628584E+001
  0.102711494351861E+000  0.164167301516222E+003  0.176656926461328E+001
  0.102711494351861E+000  0.164166538683752E+003  0.135641124921584E+001
  0.102711494351861E+000  0.164165841825734E+003  0.135689170533652E+001
  0.102711494351861E+000  0.164164810014992E+003  0.176485067966336E+001
  0.102711494351861E+000  0.164162137433462E+003  0.135946494295160E+001
  0.102711494351861E+000  0.164161485261646E+003  0.176253448373821E+001
  0.102711494351861E+000  0.164156741903124E+003  0.175918310635145E+001
  0.102711494351861E+000  0.164156111635126E+003  0.136372234371295E+001
  0.102711494351861E+000  0.164154586956906E+003  0.175764165849182E+001
  0.102711494351861E+000  0.164153148197456E+003  0.175660573373581E+001
  0.102711494351861E+000  0.164152720118365E+003  0.175629644952791E+001
  0.102711494351861E+000  0.164148007169108E+003  0.175285837870826E+001
  0.102711494351861E+000  0.164145910762363E+003  0.175130907963984E+001
  0.102711494351861E+000  0.164144702361395E+003  0.137204558432422E+001
  0.102711494351861E+000  0.164144600197257E+003  0.175033409028527E+001
  0.102711494351861E+000  0.164144085559330E+003  0.174994985024024E+001
  0.102711494351861E+000  0.164143561706446E+003  0.174955792497943E+001
  0.102711494351861E+000  0.164142668718323E+003  0.174888794095205E+001
  0.102711494351861E+000  0.164142297364829E+003  0.137384724020156E+001
  0.102711494351861E+000  0.164142245175620E+003  0.137388652879536E+001
  0.102711494351861E+000  0.164141415899631E+003  0.174794393382054E+001
  0.102711494351861E+000  0.164141272988507E+003  0.174783594590264E+001
  0.102711494351861E+000  0.164138946309727E+003  0.174606896341333E+001
  0.102711494351861E+000  0.164137669255322E+003  0.174509189394418E+001
  0.102711494351861E+000  0.164136745090890E+003  0.174438156841420E+001
  0.102711494351861E+000  0.164133546982379E+003  0.138055395403038E+001
  0.102711494351861E+000  0.164133356608649E+003  0.138070263494391E+001
  0.102711494351861E+000  0.164133356405654E+003  0.174175306622492E+001
  0.102711494351861E+000  0.164131152930944E+003  0.138243269474073E+001
  0.102711494351861E+000  0.164130843047091E+003  0.173977853752850E+001
  0.102711494351861E+000  0.164129826608189E+003  0.173897378038338E+001
  0.102711494351861E+000  0.164129797229464E+003  0.173895046583441E+001
  0.102711494351861E+000  0.164129524923606E+003  0.173873422194250E+001
  0.102711494351861E+000  0.164129499755888E+003  0.173871422241961E+001
  0.102711494351861E+000  0.164129103569648E+003  0.173839909560608E+001
  0.102711494351861E+000  0.164129102924726E+003  0.138405727759465E+001
  0.102711494351861E+000  0.164128967636850E+003  0.138416501443498E+001
  0.102711494351861E+000  0.164127982872183E+003  0.173750464146352E+001
  0.102711494351861E+000  0.164126955302624E+003  0.173668050759238E+001
  0.102711494351861E+000  0.164126818267531E+003  0.173657030963938E+001
  0.102711494351861E+000  0.164126255688381E+003  0.138633868067549E+001
  0.102711494351861E+000  0.164126056673863E+003  0.138649925871136E+001
  0.102711494351861E+000  0.164125058511119E+003  0.138730687877662E+001
  0.102711494351861E+000  0.164124240954539E+003  0.138797117369485E+001
  0.102711494351861E+000  0.164123291896274E+003  0.173371033238624E+001
  0.102711494351861E+000  0.164121204487014E+003  0.173199482331545E+001
  0.102711494351861E+000  0.164120070941875E+003  0.139139988534738E+001
  0.102711494351861E+000  0.164119757648956E+003  0.173079557541735E+001
  0.102711494351861E+000  0.164119677241948E+003  0.173072867918456E+001
  0.102711494351861E+000  0.164118782002959E+003  0.139247378399197E+001
  0.102711494351861E+000  0.164118773894857E+003  0.139248056100843E+001
  0.102711494351861E+000  0.164117774175988E+003  0.139331825471234E+001
  0.102711494351861E+000  0.164117561719139E+003  0.172895904222530E+001
  0.102711494351861E+000  0.164116849785918E+003  0.139409656420995E+001
  0.102711494351861E+000  0.164116758216893E+003  0.139417386005335E+001
  0.102711494351861E+000  0.164115849022363E+003  0.139494328475559E+001
  0.102711494351861E+000  0.164114865205844E+003  0.172667596913126E+001
  0.102711494351861E+000  0.164114588120319E+003  0.172643957991881E+001
  0.102711494351861E+000  0.164112807528261E+003  0.139754349702638E+001
  0.102711494351861E+000  0.164112411799804E+003  0.172457100633598E+001
  0.102711494351861E+000  0.164112410205366E+003  0.172456962952597E+001
  0.102711494351861E+000  0.164112040228247E+003  0.172424983707320E+001
  0.102711494351861E+000  0.164111286624421E+003  0.172359650599821E+001
  0.102711494351861E+000  0.164111147552176E+003  0.172347565083358E+001
  0.102711494351861E+000  0.164110010143013E+003  0.139997202843845E+001
  0.102711494351861E+000  0.164109343455755E+003  0.172189963476406E+001
  0.102711494351861E+000  0.164109120461686E+003  0.140075210216406E+001
  0.102711494351861E+000  0.164107251507233E+003  0.172005257836886E+001
  0.102711494351861E+000  0.164106244733649E+003  0.171915596217021E+001
  0.102711494351861E+000  0.164104897866412E+003  0.140450741703472E+001
  0.102711494351861E+000  0.164103916873559E+003  0.171706305485363E+001
  0.102711494351861E+000  0.164102266141098E+003  0.140689412560444E+001
  0.102711494351861E+000  0.164102138523185E+003  0.171544505862167E+001
  0.102711494351861E+000  0.164101428760455E+003  0.171479453571500E+001
  0.102711494351861E+000  0.164101125057463E+003  0.171451533769758E+001
  0.102711494351861E+000  0.164101002673535E+003  0.171440268474111E+001
  0.102711494351861E+000  0.164100651757461E+003  0.171407921031251E+001
  0.102711494351861E+000  0.164100465378890E+003  0.140854873188009E+001
  0.102711494351861E+000  0.164100221485419E+003  0.140877421092267E+001
  0.102711494351861E+000  0.164099555101750E+003  0.140939198860835E+001
  0.102711494351861E+000  0.164098652576582E+003  0.171222314641382E+001
  0.102711494351861E+000  0.164097724841125E+003  0.171135403046022E+001
  0.102711494351861E+000  0.164097605043878E+003  0.141121442418038E+001
  0.102711494351861E+000  0.164095118757263E+003  0.170888524731099E+001
  0.102711494351861E+000  0.164095074097336E+003  0.170884258043425E+001
  0.102711494351861E+000  0.164094514106675E+003  0.141414932978549E+001
  0.102711494351861E+000  0.164093995880483E+003  0.170780871204308E+001
  0.102711494351861E+000  0.164093316332969E+003  0.141530250755168E+001
  0.102711494351861E+000  0.164091461548053E+003  0.170534941932655E+001
  0.102711494351861E+000  0.164091433882360E+003  0.141713351857591E+001
  0.102711494351861E+000  0.164090922742669E+003  0.141763472139064E+001
  0.102711494351861E+000  0.164090711438381E+003  0.170461343015369E+001
  0.102711494351861E+000  0.164090597919669E+003  0.170450171900841E+001
  0.102711494351861E+000  0.164089897216131E+003  0.170381023534798E+001
  0.102711494351861E+000  0.164089851095682E+003  0.170376460408754E+001
  0.102711494351861E+000  0.164087186988826E+003  0.170110349181011E+001
  0.102711494351861E+000  0.164086616604891E+003  0.142192871780527E+001
  0.102711494351861E+000  0.164086188608029E+003  0.142236276218546E+001
  0.102711494351861E+000  0.164085948688791E+003  0.169984919388629E+001
  0.102711494351861E+000  0.164085404478736E+003  0.169929434872444E+001
  0.102711494351861E+000  0.164085357509974E+003  0.169924635752500E+001
  0.102711494351861E+000  0.164084651933339E+003  0.142393245700402E+001
  0.102711494351861E+000  0.164083683601869E+003  0.142493088072686E+001
  0.102711494351861E+000  0.164082635991296E+003  0.142601934982204E+001
  0.102711494351861E+000  0.164082227926633E+003  0.142644570848088E+001
  0.102711494351861E+000  0.164081503038373E+003  0.169524942071570E+001
  0.102711494351861E+000  0.164081259263963E+003  0.169499262071532E+001
  0.102711494351861E+000  0.164081255222083E+003  0.142746750106132E+001
  0.102711494351861E+000  0.164079085828771E+003  0.142977498102271E+001
  0.102711494351861E+000  0.164078068439344E+003  0.169158466161130E+001
  0.102711494351861E+000  0.164077654000565E+003  0.143132039936827E+001
  0.102711494351861E+000  0.164077569569826E+003  0.143141210260234E+001
  0.102711494351861E+000  0.164077503451720E+003  0.169097189868593E+001
  0.102711494351861E+000  0.164077040945476E+003  0.169046812037435E+001
  0.102711494351861E+000  0.164076841363250E+003  0.169025012073328E+001
  0.102711494351861E+000  0.164076516591978E+003  0.143256126968713E+001
  0.102711494351861E+000  0.164074527922239E+003  0.168769577588118E+001
  0.102711494351861E+000  0.164074406667328E+003  0.168756047000043E+001
  0.102711494351861E+000  0.164074004294414E+003  0.143534543154528E+001
  0.102711494351861E+000  0.164073915267255E+003  0.168701063652926E+001
  0.102711494351861E+000  0.164073298246400E+003  0.143613903780970E+001
  0.102711494351861E+000  0.164071740450084E+003  0.143790808276616E+001
  0.102711494351861E+000  0.164071279287525E+003  0.143843667149376E+001
  0.102711494351861E+000  0.164069856849185E+003  0.168237424922792E+001
  0.102711494351861E+000  0.164069157299097E+003  0.144089883426133E+001
  0.102711494351861E+000  0.164068577494874E+003  0.144158039960610E+001
  0.102711494351861E+000  0.164067622994833E+003  0.144271096058732E+001
  0.102711494351861E+000  0.164067188904400E+003  0.167922715599221E+001
  0.102711494351861E+000  0.164276025568990E+003  0.167674462974535E+001
  0.102711494351861E+000  0.164271229122453E+003  0.167073160726356E+001
  0.102711494351861E+000  0.164270814164083E+003  0.167019580480446E+001
  0.102711494351861E+000  0.164268176641468E+003  0.166672658566616E+001
  0.102711494351861E+000  0.164268146038238E+003  0.166668566246013E+001
  0.102711494351861E+000  0.164267181385866E+003  0.166538747073439E+001
  0.102711494351861E+000  0.164266991086684E+003  0.166512945798616E+001
  0.102711494351861E+000  0.164265452569317E+003  0.166301948064128E+001
  0.102711494351861E+000  0.164265325514417E+003  0.166284327459237E+001
  0.102711494351861E+000  0.164265301463913E+003  0.166280988575304E+001
  0.102711494351861E+000  0.164265076213056E+003  0.166249664007873E+001
  0.102711494351861E+000  0.164264905618463E+003  0.166225875596341E+001
  0.102711494351861E+000  0.164264346322227E+003  0.166147489124995E+001
  0.102711494351861E+000  0.164264152807704E+003  0.166120224570551E+001
  0.102711494351861E+000  0.164261103597014E+003  0.165680354062952E+001
  0.102711494351861E+000  0.164260045198466E+003  0.165522861419643E+001
  0.102711494351861E+000  0.164258481087035E+003  0.165285162203284E+001
  0.102711494351861E+000  0.164257614105562E+003  0.165150710801989E+001
  0.102711494351861E+000  0.164256574020597E+003  0.164986724087597E+001
  0.102711494351861E+000  0.164256420912895E+003  0.164962327233997E+001
  0.102711494351861E+000  0.164256071089285E+003  0.164906330515660E+001
  0.102711494351861E+000  0.164255521258747E+003  0.164817589603761E+001
  0.102711494351861E+000  0.164254898330816E+003  0.164715943803674E+001
  0.102711494351861E+000  0.164254377390428E+003  0.164630007293411E+001
  0.102711494351861E+000  0.164253453394779E+003  0.164475406449281E+001
  0.102711494351861E+000  0.164251048381515E+003  0.164058896217841E+001
  0.102711494351861E+000  0.164250842542837E+003  0.164022228049097E+001
  0.102711494351861E+000  0.164249332298725E+003  0.163747801466734E+001
  0.102711494351861E+000  0.164248163202120E+003  0.163528385041759E+001
  0.102711494351861E+000  0.164248143303783E+003  0.163524594221194E+001
  0.102711494351861E+000  0.164248136548601E+003  0.148722279123384E+001
  0.102711494351861E+000  0.164247829776073E+003  0.148780980123540E+001
  0.102711494351861E+000  0.164247498001524E+003  0.163400587807190E+001
  0.102711494351861E+000  0.164246414201747E+003  0.163187419992033E+001
  0.102711494351861E+000  0.164245225299095E+003  0.162945924398619E+001
  0.102711494351861E+000  0.164245107134023E+003  0.162921453498179E+001
  0.102711494351861E+000  0.164244874839762E+003  0.149372497090605E+001
  0.102711494351861E+000  0.164244471903942E+003  0.149457222214157E+001
  0.102711494351861E+000  0.164244459486291E+003  0.162785735597029E+001
  0.102711494351861E+000  0.164244361697948E+003  0.162765002589293E+001
  0.102711494351861E+000  0.164244307589833E+003  0.149492083207059E+001
  0.102711494351861E+000  0.164244181518138E+003  0.162726630548687E+001
  0.102711494351861E+000  0.164243559261630E+003  0.162592361546116E+001
  0.102711494351861E+000  0.164243197686409E+003  0.149732540063038E+001
  0.102711494351861E+000  0.164242832465840E+003  0.149813667514423E+001
  0.102711494351861E+000  0.164242375180340E+003  0.162328845330539E+001
  0.102711494351861E+000  0.164242125161411E+003  0.149973825978348E+001
  0.102711494351861E+000  0.164241871378304E+003  0.150032317935914E+001
  0.102711494351861E+000  0.164241762365958E+003  0.150057616303949E+001
  0.102711494351861E+000  0.164241439411216E+003  0.150133191189784E+001
  0.102711494351861E+000  0.164241394469645E+003  0.162101802260891E+001
  0.102711494351861E+000  0.164240960190650E+003  0.150247125073311E+001
  0.102711494351861E+000  0.164240480529415E+003  0.150363420272088E+001
  0.102711494351861E+000  0.164240458263849E+003  0.150368875706808E+001
  0.102711494351861E+000  0.164240259031207E+003  0.161827662766152E+001
  0.102711494351861E+000  0.164239835205355E+003  0.161721895463497E+001
  0.102711494351861E+000  0.164239711433816E+003  0.150554957191839E+001
  0.102711494351861E+000  0.164239416987149E+003  0.161615531535828E+001
  0.102711494351861E+000  0.164239273422976E+003  0.150667044672021E+001
  0.102711494351861E+000  0.164239199319172E+003  0.150686236475322E+001
  0.102711494351861E+000  0.164238824376929E+003  0.161461187333548E+001
  0.102711494351861E+000  0.164238601619405E+003  0.150843582175493E+001
  0.102711494351861E+000  0.164238579087997E+003  0.150849605443931E+001
  0.102711494351861E+000  0.164238523096410E+003  0.161380982556299E+001
  0.102711494351861E+000  0.164238515349987E+003  0.161378904219803E+001
  0.102711494351861E+000  0.164238138469287E+003  0.150968809631156E+001
  0.102711494351861E+000  0.164238091829199E+003  0.150981589317553E+001
  0.102711494351861E+000  0.164237979336694E+003  0.161233041484500E+001
  0.102711494351861E+000  0.164237951419809E+003  0.151020255618727E+001
  0.102711494351861E+000  0.164237687853870E+003  0.151093639796931E+001
  0.102711494351861E+000  0.164237582850351E+003  0.161122410210650E+001
  0.102711494351861E+000  0.164237425223952E+003  0.161077741676923E+001
  0.102711494351861E+000  0.164237341684207E+003  0.161053903942059E+001
  0.102711494351861E+000  0.164237220820205E+003  0.151226375504229E+001
  0.102711494351861E+000  0.164236848459870E+003  0.151334839869617E+001
  0.102711494351861E+000  0.164236815955228E+003  0.151344424944265E+001
  0.102711494351861E+000  0.164236310694147E+003  0.160749615437270E+001
  0.102711494351861E+000  0.164236119725432E+003  0.160691028224938E+001
  0.102711494351861E+000  0.164235804667652E+003  0.160592693612232E+001
  0.102711494351861E+000  0.164235308794850E+003  0.160433382302910E+001
  0.102711494351861E+000  0.164235053588900E+003  0.151896534886743E+001
  0.102711494351861E+000  0.164234700159680E+003  0.152016182205687E+001
  0.102711494351861E+000  0.164234652248381E+003  0.160212914849977E+001
  0.102711494351861E+000  0.164234385658939E+003  0.152125661278136E+001
  0.102711494351861E+000  0.164234294211813E+003  0.152158061682180E+001
  0.102711494351861E+000  0.164234201292429E+003  0.160054328768265E+001
  0.102711494351861E+000  0.164234174555080E+003  0.160044724772606E+001
  0.102711494351861E+000  0.164234103346802E+003  0.160019031440816E+001
  0.102711494351861E+000  0.164233285057503E+003  0.152534991073605E+001
  0.102711494351861E+000  0.164233255302128E+003  0.152546707947734E+001
  0.102711494351861E+000  0.164233154175651E+003  0.159658766926941E+001
  0.102711494351861E+000  0.164233068690849E+003  0.159624501645880E+001
  0.102711494351861E+000  0.164232956524457E+003  0.152666559783410E+001
  0.102711494351861E+000  0.164232444333728E+003  0.152882317005162E+001
  0.102711494351861E+000  0.164232437755998E+003  0.152885181343464E+001
  0.102711494351861E+000  0.164232365082657E+003  0.152916998008407E+001
  0.102711494351861E+000  0.164232096417996E+003  0.153037467650875E+001
  0.102711494351861E+000  0.164231302422377E+003  0.158820831563669E+001
  0.102711494351861E+000  0.164231153435250E+003  0.153503799436777E+001
  0.102711494351861E+000  0.164231093016281E+003  0.158709042872419E+001
  0.102711494351861E+000  0.164231032207676E+003  0.153569921947363E+001
  0.102711494351861E+000  0.164230888478410E+003  0.153650608169845E+001
  0.102711494351861E+000  0.164230774645654E+003  0.158529155700765E+001
  0.102711494351861E+000  0.164230412826032E+003  0.153938781268150E+001
  0.102711494351861E+000  0.164230354424508E+003  0.153976829443804E+001
  0.102711494351861E+000  0.164230252649017E+003  0.154044799682990E+001
  0.102711494351861E+000  0.164230195458143E+003  0.154083988510724E+001
  0.102711494351861E+000  0.164230058214545E+003  0.158064330178160E+001
  0.102711494351861E+000  0.164230002550490E+003  0.158023461622824E+001
  0.102711494351861E+000  0.164229796609147E+003  0.157863939580506E+001
  0.102711494351861E+000  0.164229699907016E+003  0.157783756498407E+001
  0.102711494351861E+000  0.164229600470238E+003  0.154548533223190E+001
  0.102711494351861E+000  0.164229560996588E+003  0.157661279484812E+001
  0.102711494351861E+000  0.164229480603462E+003  0.157585720148712E+001
  0.102711494351861E+000  0.164229143953915E+003  0.157213886493456E+001
  0.102711494351861E+000  0.164229128961779E+003  0.155051255306839E+001
  0.102711494351861E+000  0.164229123052564E+003  0.155059062095094E+001
  0.102711494351861E+000  0.164229103844703E+003  0.155084843549314E+001
  0.102711494351861E+000  0.164229001553711E+003  0.155234659282858E+001
  0.102711494351861E+000  0.164228991977309E+003  0.156995585602957E+001
  0.102711494351861E+000  0.164228959751978E+003  0.156941854016572E+001
  0.102711494351861E+000  0.164228869631476E+003  0.156768266244480E+001
  0.102711494351861E+000  0.164337056995943E+003  0.156708173192028E+001
  0.102711494351861E+000  0.164337013234422E+003  0.155654582555941E+001
  0.102711494351861E+000  0.164336987528402E+003  0.156505814744444E+001
  0.102711494351861E+000  0.164336986749845E+003  0.156502936906742E+001
  0.102711494351861E+000  0.164336983137921E+003  0.156489290394600E+001
  0.102711494351861E+000  0.164336979666015E+003  0.155769910171924E+001
  0.102711494351861E+000  0.164336978343974E+003  0.155775234543678E+001
  0.102711494351861E+000  0.164336976588109E+003  0.156463151137861E+001
  0.102711494351861E+000  0.164336942572438E+003  0.155981770889815E+001
