  0.156086048601700E+001 -0.830532449792643E+002
  0.156091568026849E+001 -0.830532449127704E+002
  0.156083498181442E+001 -0.830532450136378E+002
  0.156077864712202E+001 -0.830532450977351E+002
  0.156097510297327E+001 -0.830532448532543E+002
  0.156071858493869E+001 -0.830532451997882E+002
  0.156099529503122E+001 -0.830532448358798E+002
  0.156081206704238E+001 -0.830532450464880E+002
  0.156075726384468E+001 -0.830532451326020E+002
  0.156075152421376E+001 -0.830532451422368E+002
  0.156086460804807E+001 -0.830532449739252E+002
