  0.920407141178441E-003  0.178618824787450E+003  0.343996809903787E+001
  0.921527929599902E-003  0.178604378802157E+003  0.343888324595747E+001
  0.916151655720472E-003  0.178604069097058E+003  0.343885998110803E+001
  0.960185525009857E-003  0.178510179883007E+003  0.343179374307963E+001
  0.101037005342996E-002  0.178408289060494E+003  0.342409496516475E+001
  0.102385518319476E-002  0.178381772179152E+003  0.342208615044108E+001
  0.104253030975316E-002  0.178345620870317E+003  0.341934397068364E+001
  0.105709878224760E-002  0.178305558320278E+003  0.341630037708536E+001
  0.119113672948446E-002  0.178054490732688E+003  0.339711162051453E+001
  0.125612952654332E-002  0.177948236526849E+003  0.338893008490044E+001
  0.136336788370590E-002  0.177784390857490E+003  0.337624174731649E+001
  0.143342700499991E-002  0.177684170736321E+003  0.336843671230458E+001
  0.146963389237979E-002  0.177621741044799E+003  0.336355767008906E+001
  0.160138239513275E-002  0.177450033172390E+003  0.335006962101114E+001
  0.162768887129722E-002  0.177417445402098E+003  0.334749827774277E+001
  0.170289520342392E-002  0.177327107952064E+003  0.334035075630240E+001
  0.178304898939963E-002  0.177235118050075E+003  0.333304286357095E+001
  0.189224155473838E-002  0.177116243410501E+003  0.332355430219362E+001
  0.198813395010128E-002  0.177004429679143E+003  0.331458247796411E+001
  0.214949809976335E-002  0.176848353903891E+003  0.330198179185083E+001
  0.216127999475491E-002  0.176837421377029E+003  0.330109574068566E+001
  0.241673830814717E-002  0.176613985000706E+003  0.328288694403580E+001
  0.242615059024344E-002  0.176606210885590E+003  0.328224992963454E+001
  0.260674790380605E-002  0.176462615788632E+003  0.327044099286041E+001
  0.259252355504062E-002  0.176460181179583E+003  0.327024007264845E+001
  0.263833186452200E-002  0.176411773001232E+003  0.326624019058013E+001
  0.293955887716563E-002  0.176195547640497E+003  0.324825808996156E+001
  0.307999320099919E-002  0.176102211918092E+003  0.324043644577308E+001
  0.319982995470407E-002  0.176025871358645E+003  0.323401182674972E+001
  0.368033127917031E-002  0.175746061157837E+003  0.321024975062501E+001
  0.369508000867861E-002  0.175738062282334E+003  0.320956543299454E+001
  0.383947338039407E-002  0.175661396263777E+003  0.320299205411733E+001
  0.386933964926781E-002  0.175645898978686E+003  0.320166010958814E+001
  0.393436156408221E-002  0.175612569450647E+003  0.319879186754770E+001
  0.410990684941152E-002  0.175525265969373E+003  0.319125485989640E+001
  0.428384406417383E-002  0.175442365192448E+003  0.318406554195769E+001
  0.426948350319369E-002  0.175434743997195E+003  0.318340301774384E+001
  0.432199558958094E-002  0.175410295242912E+003  0.318127581480117E+001
  0.442440710899452E-002  0.175349016656588E+003  0.317593185920826E+001
  0.465538845708674E-002  0.175247238508868E+003  0.316701673728889E+001
  0.468938589648701E-002  0.175232685952279E+003  0.316573797770736E+001
  0.537040328245818E-002  0.174961483212508E+003  0.314171760500427E+001
  0.539692008192618E-002  0.174951632350904E+003  0.314083824145104E+001
  0.547893494429684E-002  0.174921467764537E+003  0.313814246900741E+001
  0.590091211116660E-002  0.174758094010608E+003  0.312346113225893E+001
  0.603016431052011E-002  0.174714759360339E+003  0.311954371927283E+001
  0.622386408204726E-002  0.174651525980919E+003  0.311380974494493E+001
  0.634631625025375E-002  0.174612558825758E+003  0.311026565083748E+001
  0.639537532009002E-002  0.174597157632912E+003  0.310886266219251E+001
  0.657160560342011E-002  0.174542791505316E+003  0.310389991809276E+001
  0.671711878796511E-002  0.174483424976268E+003  0.309846241900847E+001
  0.691625309101365E-002  0.174424995273574E+003  0.309309187937137E+001
  0.715038337719505E-002  0.174342725294040E+003  0.308549799355155E+001
  0.718450758855964E-002  0.174317516920177E+003  0.308316356453392E+001
  0.721496518559349E-002  0.174309056154166E+003  0.308237924977005E+001
  0.739773413392522E-002  0.174259023377624E+003  0.307773290920669E+001
  0.778399863277081E-002  0.174157230549556E+003  0.306823560261584E+001
  0.779481062183620E-002  0.174154454473253E+003  0.306797575517060E+001
  0.791987626951010E-002  0.174122619721696E+003  0.306499273576099E+001
  0.826991731532886E-002  0.174036121866353E+003  0.305685756214674E+001
  0.829084852993715E-002  0.174031066248527E+003  0.305638070918267E+001
  0.876123073140130E-002  0.173920698108967E+003  0.304593246483256E+001
  0.100357129644822E-001  0.173649070833020E+003  0.301989955716972E+001
  0.100696288729489E-001  0.173642323185373E+003  0.301924694210239E+001
  0.108939288679727E-001  0.173484959589088E+003  0.300394342126245E+001
  0.116785453827859E-001  0.173345864027033E+003  0.299028001271679E+001
  0.121317265248060E-001  0.173269722792170E+003  0.298274501020863E+001
  0.122635022727499E-001  0.173248115775367E+003  0.298059947488158E+001
  0.124458697855476E-001  0.173218593240554E+003  0.297766268991994E+001
  0.128893909582132E-001  0.173148561754700E+003  0.297067176062658E+001
  0.132832800222954E-001  0.173088358681667E+003  0.296463412150035E+001
  0.134736892441562E-001  0.173059893210226E+003  0.296177031675706E+001
  0.135169658637999E-001  0.173053479633889E+003  0.296112426209821E+001
  0.141664631399496E-001  0.172959616046897E+003  0.295163481706454E+001
  0.152039024823107E-001  0.172818266613718E+003  0.293722116133501E+001
  0.165031715660733E-001  0.172654265730909E+003  0.292030613885961E+001
  0.175730081678552E-001  0.172528642692015E+003  0.290720563145017E+001
  0.182213095757072E-001  0.172456187358084E+003  0.289959137109688E+001
  0.190971688551312E-001  0.172342966873036E+003  0.288760562557295E+001
  0.207457708864738E-001  0.172138899515944E+003  0.286572455809514E+001
  0.212925151034159E-001  0.172086873127626E+003  0.286008707537855E+001
  0.212095514092759E-001  0.172075357283750E+003  0.285883592934087E+001
  0.214358965926463E-001  0.172054126665295E+003  0.285652614781001E+001
  0.215482075109700E-001  0.172043675250639E+003  0.285538757371509E+001
  0.222436597870484E-001  0.171980146491300E+003  0.284844510331814E+001
  0.226156688004787E-001  0.171946974568917E+003  0.284480512859328E+001
  0.228438295232243E-001  0.171926898444279E+003  0.284259714086378E+001
  0.233236408439341E-001  0.171865020828243E+003  0.283576772982577E+001
  0.233410599262089E-001  0.171863527701078E+003  0.283560248166973E+001
  0.236675816851483E-001  0.171835743276844E+003  0.283252359056646E+001
  0.240248626273588E-001  0.171785051729657E+003  0.282688698169134E+001
  0.258378394587451E-001  0.171618824503176E+003  0.280822472241415E+001
  0.260554874630076E-001  0.171602047835085E+003  0.280632567299039E+001
  0.265567880503268E-001  0.171563933858548E+003  0.280200052613750E+001
  0.298235194440257E-001  0.171331909978837E+003  0.277533826571836E+001
  0.300892706105287E-001  0.171314167329285E+003  0.277327528809618E+001
  0.302395551087310E-001  0.171304202951078E+003  0.277211516631585E+001
  0.312525430061086E-001  0.171238303131324E+003  0.276441449206886E+001
  0.315999115141866E-001  0.171216195988649E+003  0.276182011443808E+001
  0.317578751690331E-001  0.171206223166653E+003  0.276064791990759E+001
  0.343766179276668E-001  0.171025152275219E+003  0.273916220523753E+001
  0.356440718046933E-001  0.170930140719954E+003  0.272772991966112E+001
  0.358480788334136E-001  0.170918726455276E+003  0.272634894829208E+001
  0.357746239592515E-001  0.170899971388565E+003  0.272407627807809E+001
  0.365677500595213E-001  0.170856115604685E+003  0.271874457886839E+001
  0.398046894231961E-001  0.170686479556689E+003  0.269788590264422E+001
  0.399788280794927E-001  0.170677748984848E+003  0.269680201297755E+001
  0.397999583914172E-001  0.170663048367805E+003  0.269497460824301E+001
  0.398004115397676E-001  0.170663025596637E+003  0.269497177531919E+001
  0.424471308362236E-001  0.170534261459061E+003  0.267883761778246E+001
  0.447406160210395E-001  0.170429016651747E+003  0.266547536704650E+001
  0.461995241077147E-001  0.170364841106830E+003  0.265724746232838E+001
  0.488323285748910E-001  0.170253994972863E+003  0.264288855060534E+001
  0.508147973388677E-001  0.170174404904767E+003  0.263245981642047E+001
  0.509322766104164E-001  0.170169786420159E+003  0.263185153520870E+001
  0.517921802434584E-001  0.170136301746864E+003  0.262743103076946E+001
  0.533046335098376E-001  0.170078733581430E+003  0.261978797669138E+001
  0.562528670806831E-001  0.169944575627784E+003  0.260175861789763E+001
  0.571957456608953E-001  0.169911330609878E+003  0.259724234401845E+001
  0.578494734412880E-001  0.169888600945082E+003  0.259414319564238E+001
  0.592727510202042E-001  0.169812778964338E+003  0.258373707916672E+001
  0.622771883602668E-001  0.169633340144014E+003  0.255867778010767E+001
  0.631487311561301E-001  0.169605545033504E+003  0.255473955427474E+001
  0.646331788317366E-001  0.169559074779323E+003  0.254812018900994E+001
  0.662367522845646E-001  0.169510059586905E+003  0.254108985925146E+001
  0.689841878108391E-001  0.169428775913266E+003  0.252931867957330E+001
  0.698193468265301E-001  0.169404708252559E+003  0.252580573281035E+001
  0.707099986869812E-001  0.169379356571520E+003  0.252209147936144E+001
  0.715913639209467E-001  0.169354581643489E+003  0.251844780146533E+001
  0.756457250324191E-001  0.169215211089129E+003  0.249768624451337E+001
  0.817600560859846E-001  0.169059755321895E+003  0.247397154818577E+001
  0.822154607268626E-001  0.169019016033046E+003  0.246765419359539E+001
  0.841792088861255E-001  0.168912979073960E+003  0.245100098951888E+001
  0.852072112337245E-001  0.168888702866495E+003  0.244714435142834E+001
  0.856665007118358E-001  0.168877951286770E+003  0.244543092768389E+001
  0.857392513560790E-001  0.168876253545645E+003  0.244516006381114E+001
  0.877529668822440E-001  0.168829823659992E+003  0.243772002252590E+001
  0.893519190446983E-001  0.168793709566366E+003  0.243188905267643E+001
  0.910409036255413E-001  0.168756257212955E+003  0.242580046987427E+001
  0.918545485694999E-001  0.168738462340489E+003  0.242289250270939E+001
  0.931648095528809E-001  0.168710134863818E+003  0.241824298367778E+001
  0.922898052348523E-001  0.168695949035056E+003  0.241590509350697E+001
  0.945238273054106E-001  0.168648112513855E+003  0.240797383068965E+001
  0.982694727309738E-001  0.168570389547194E+003  0.239492654235417E+001
  0.995396299602428E-001  0.168544704689036E+003  0.239056972415267E+001
  0.106510059899978E+000  0.168409337521200E+003  0.236721889676705E+001
  0.107931571417917E+000  0.168382821544219E+003  0.236256519951009E+001
  0.107957961345597E+000  0.168382332591790E+003  0.236247913191642E+001
  0.108695228392340E+000  0.168368720608628E+003  0.236007936738827E+001
  0.109453813401573E+000  0.168354811071174E+003  0.235761967464952E+001
  0.114727062742457E+000  0.168260704520875E+003  0.234077449258545E+001
  0.116204532227531E+000  0.168235112706214E+003  0.233613019842597E+001
  0.114945065862988E+000  0.168217302494122E+003  0.233288158128474E+001
  0.116135324286312E+000  0.168196698946603E+003  0.232910630845239E+001
  0.118555706029321E+000  0.168155445259913E+003  0.232149088052420E+001
  0.119908519092864E+000  0.168132752923975E+003  0.231726917501204E+001
  0.121332545771866E+000  0.168109140970181E+003  0.231285120995588E+001
  0.121177400843271E+000  0.168068687546732E+003  0.230522111203126E+001
  0.121302524220965E+000  0.168066623484913E+003  0.230482970099039E+001
  0.122109556691485E+000  0.168053361440982E+003  0.230230986899134E+001
  0.125164347624640E+000  0.168003943426389E+003  0.229284386460290E+001
  0.123605930087457E+000  0.167983022655550E+003  0.228879939403100E+001
  0.124932081324757E+000  0.167961679218938E+003  0.228464991125737E+001
  0.129500873103127E+000  0.167889844452951E+003  0.227050583718195E+001
  0.139326225642281E+000  0.167743583438565E+003  0.224079814655267E+001
  0.145025464213009E+000  0.167663401014874E+003  0.222394705233939E+001
  0.141768886983799E+000  0.167658187732954E+003  0.222283657220220E+001
  0.142104846665323E+000  0.167653453799538E+003  0.222182658082798E+001
  0.142144447784960E+000  0.167652896526459E+003  0.222170758422300E+001
  0.138672988869507E+000  0.167649010462544E+003  0.222087718168752E+001
  0.138879318923387E+000  0.167646036895601E+003  0.222024106151127E+001
  0.139463370221036E+000  0.167637643613828E+003  0.221844220740941E+001
  0.142979160666747E+000  0.167587849809196E+003  0.220766743489102E+001
  0.145624313414239E+000  0.167551187370156E+003  0.219961789732314E+001
  0.147724624866560E+000  0.167522547793621E+003  0.219325852657030E+001
  0.145273425477520E+000  0.167494468952572E+003  0.218696092432243E+001
  0.148960733393219E+000  0.167444338798055E+003  0.217555709639715E+001
  0.155443174078665E+000  0.167359143822294E+003  0.215567495517813E+001
  0.154085215801593E+000  0.167311113028824E+003  0.214416705980950E+001
  0.155117890731237E+000  0.167297753799923E+003  0.214092566172649E+001
  0.156823917251439E+000  0.167275877366739E+003  0.213557819970157E+001
  0.157051911033738E+000  0.167272971837841E+003  0.213486422395014E+001
  0.158070665555937E+000  0.167260040259502E+003  0.213167570748596E+001
  0.152821014848164E+000  0.167252109172315E+003  0.212971130570309E+001
  0.153162581419779E+000  0.167247644008592E+003  0.212860236458469E+001
  0.153443382595280E+000  0.167243980658404E+003  0.212769093586351E+001
  0.155446875560106E+000  0.167218035896367E+003  0.212119351355756E+001
  0.155449613908071E+000  0.167218000664731E+003  0.212118463913744E+001
  0.155988990644801E+000  0.167211073106386E+003  0.211943693026737E+001
  0.151395456787686E+000  0.167177813273963E+003  0.211096865295928E+001
  0.152852645946106E+000  0.167158655221207E+003  0.210603108305432E+001
  0.155979008704105E+000  0.167118161061842E+003  0.209544444427680E+001
  0.156855833208266E+000  0.167106949691716E+003  0.209247609706087E+001
  0.159124220845907E+000  0.167078233618305E+003  0.208479641669296E+001
  0.159395829188134E+000  0.167074822738418E+003  0.208387673063644E+001
  0.160406711422543E+000  0.167062178866368E+003  0.208045331300260E+001
  0.160464391348749E+000  0.167061459824655E+003  0.208025794881587E+001
  0.160859058291760E+000  0.167056546804558E+003  0.207892110462268E+001
  0.161169699399241E+000  0.167052688252221E+003  0.207786875836463E+001
  0.162001659363015E+000  0.167042390782732E+003  0.207504976976796E+001
  0.162455763643550E+000  0.167036792457099E+003  0.207351068836597E+001
  0.163603751550313E+000  0.167022709228770E+003  0.206961835000921E+001
  0.163901018874796E+000  0.167019078534711E+003  0.206861005352489E+001
  0.163992440289715E+000  0.167017963277120E+003  0.206829992776263E+001
  0.166171515550928E+000  0.166991562976743E+003  0.206090244774018E+001
  0.167026823954515E+000  0.166981295095054E+003  0.205799558970886E+001
  0.167347427251392E+000  0.166977459830897E+003  0.205690544581977E+001
  0.169136865316244E+000  0.166956187456834E+003  0.205081487198129E+001
  0.169400044421825E+000  0.166953077850158E+003  0.204991818968521E+001
  0.171222103410620E+000  0.166931680810893E+003  0.204370298280232E+001
