  0.210151145504670E-006  0.195366033702537E+003  0.443419939422043E+001
  0.210151145504670E-006  0.193743885664068E+003  0.435342518684003E+001
  0.210151145504670E-006  0.193535932503635E+003  0.434290063138248E+001
  0.210151145504670E-006  0.193528796486404E+003  0.434253876921264E+001
  0.210151145504670E-006  0.192870156554917E+003  0.430893444453214E+001
  0.210151145504670E-006  0.192638138478570E+003  0.429699838803741E+001
  0.210151145504670E-006  0.192326719954300E+003  0.428089527276741E+001
  0.210151145504670E-006  0.192110632127944E+003  0.426966534019381E+001
  0.210151145504670E-006  0.192095138156766E+003  0.426885833985366E+001
  0.210151145504670E-006  0.191925881357755E+003  0.426002691749292E+001
  0.210151145504670E-006  0.191921307173888E+003  0.425978784622335E+001
