  0.269781641478755E+000  0.158456877821273E+002  0.580364833755298E+001  0.143686288078555E+002
  0.269781641478755E+000  0.106212996106831E+002  0.107820611314816E+002  0.966287133485351E+001
  0.269781641478755E+000  0.101107193769678E+002  0.144429177125235E+002  0.126834605284786E+002
  0.269781641478755E+000  0.640558825759795E+001  0.136459205814812E+002  0.118558488146572E+002
  0.269781641478755E+000  0.888083065699112E+001  0.136366015241596E+002  0.135895319988257E+002
  0.269781641478755E+000  0.887549949462069E+001  0.134692346397323E+002  0.137438735433548E+002
  0.269781641478755E+000  0.882401513262395E+001  0.106800471463129E+002  0.101544687854351E+002
  0.269781641478755E+000  0.860131973582658E+001  0.109732099587767E+002  0.100324462359302E+002
  0.269781641478755E+000  0.840060056245717E+001  0.101714904662155E+002  0.131753294493757E+002
  0.269781641478755E+000  0.823205535144711E+001  0.121006832397309E+002  0.986782643647908E+001
  0.269781641478755E+000  0.741111193131332E+001  0.101363641915386E+002  0.125120736001925E+002
  0.269781641478755E+000  0.738770737452076E+001  0.101004644426163E+002  0.123220526479847E+002
  0.269781641478755E+000  0.677084997293282E+001  0.137071905342179E+002  0.124249662574734E+002
  0.269781641478755E+000  0.654820620775060E+001  0.123194865194078E+002  0.136644459855605E+002
  0.269781641478755E+000  0.655340254735130E+001  0.123146870611666E+002  0.136669194545829E+002
  0.269781641478755E+000  0.623720699859612E+001  0.119866609449092E+002  0.136003983677156E+002
  0.269781641478755E+000  0.612645169426120E+001  0.135636471565306E+002  0.120755323196793E+002
  0.269781641478755E+000  0.611617186070421E+001  0.114849832921444E+002  0.105251523744745E+002
  0.269781641478755E+000  0.607108383838945E+001  0.113111952339536E+002  0.133859573225184E+002
  0.269781641478755E+000  0.590995838147516E+001  0.127181866549749E+002  0.106891177866516E+002
  0.269781641478755E+000  0.575526325512307E+001  0.110308188024394E+002  0.130678000414869E+002
  0.269781641478755E+000  0.570696008132960E+001  0.106376164437374E+002  0.124184698246438E+002
  0.269781641478755E+000  0.570031455040980E+001  0.123003595181231E+002  0.133908071676059E+002
  0.269781641478755E+000  0.567265657528491E+001  0.115770311672228E+002  0.106516677675861E+002
  0.269781641478755E+000  0.554767272179300E+001  0.130754836866276E+002  0.128457265685624E+002
  0.269781641478755E+000  0.546688637127725E+001  0.128126299139840E+002  0.109366257190636E+002
  0.269781641478755E+000  0.544460155871425E+001  0.123400566242135E+002  0.132857717208836E+002
  0.269781641478755E+000  0.532854586363730E+001  0.107313517738764E+002  0.117918572384814E+002
  0.269781641478755E+000  0.532804211049390E+001  0.112194883817435E+002  0.109786824238064E+002
  0.269781641478755E+000  0.527124638242886E+001  0.110128577329061E+002  0.112119375696514E+002
  0.269781641478755E+000  0.525165443748494E+001  0.117593194739548E+002  0.107679394539840E+002
  0.269781641478755E+000  0.517003016547911E+001  0.107978471296497E+002  0.117784046278256E+002
  0.269781641478755E+000  0.510535468831509E+001  0.130296637830649E+002  0.126077771378892E+002
  0.269781641478755E+000  0.490101097684444E+001  0.112445761074144E+002  0.128090683447872E+002
  0.269781641478755E+000  0.484934248832243E+001  0.109630381942951E+002  0.123135260260537E+002
  0.269781641478755E+000  0.480308271383306E+001  0.112346284264864E+002  0.112641094269718E+002
  0.269781641478755E+000  0.474510564279176E+001  0.111159800324444E+002  0.125365260542938E+002
  0.269781641478755E+000  0.470462473368935E+001  0.111781111919183E+002  0.114055511897390E+002
  0.269781641478755E+000  0.468888625140819E+001  0.112043795062189E+002  0.113834611541314E+002
  0.269781641478755E+000  0.468258102599059E+001  0.124671068620227E+002  0.128880529672397E+002
  0.269781641478755E+000  0.465125203457809E+001  0.110701603219269E+002  0.123330106227140E+002
  0.269781641478755E+000  0.463972868606599E+001  0.124028532489724E+002  0.111046320236687E+002
  0.269781641478755E+000  0.459898363146776E+001  0.126433356961940E+002  0.112863133175884E+002
  0.269781641478755E+000  0.429579821058744E+001  0.127865786578167E+002  0.119634200487141E+002
  0.269781641478755E+000  0.423331262016310E+001  0.126404854569478E+002  0.116161551527209E+002
  0.269781641478755E+000  0.422165839396134E+001  0.126982933440145E+002  0.122414346015958E+002
  0.269781641478755E+000  0.420413015192966E+001  0.127194168732355E+002  0.121039970269529E+002
  0.269781641478755E+000  0.412415925559455E+001  0.125001603986929E+002  0.124452467836551E+002
  0.269781641478755E+000  0.410564403763628E+001  0.123478667373321E+002  0.125557685110507E+002
  0.269781641478755E+000  0.409690268922080E+001  0.113510671196733E+002  0.119941116018301E+002
  0.269781641478755E+000  0.409100211779307E+001  0.120416691466768E+002  0.126430487284721E+002
  0.269781641478755E+000  0.408157645587609E+001  0.115740261794467E+002  0.124736756561832E+002
  0.269781641478755E+000  0.406515931826969E+001  0.121885089230143E+002  0.114051306266120E+002
  0.269781641478755E+000  0.404339062516339E+001  0.125546698577418E+002  0.117550962612424E+002
  0.269781641478755E+000  0.400399962004840E+001  0.122275762936666E+002  0.114742105765702E+002
  0.269781641478755E+000  0.400196873632254E+001  0.120732848268976E+002  0.114335691236784E+002
  0.269781641478755E+000  0.396086996724724E+001  0.125233930320843E+002  0.118942854390629E+002
  0.269781641478755E+000  0.394127218086571E+001  0.120660725480279E+002  0.114889692118432E+002
  0.269781641478755E+000  0.387686653209461E+001  0.116393724707421E+002  0.122665711620136E+002
  0.269781641478755E+000  0.383999443304449E+001  0.122151199836171E+002  0.123434584296161E+002
  0.269781641478755E+000  0.383531618310486E+001  0.121261910510612E+002  0.116210041307372E+002
  0.269781641478755E+000  0.381473050343457E+001  0.116509378173937E+002  0.121308891259424E+002
  0.269781641478755E+000  0.376520987028472E+001  0.121543097616420E+002  0.117437886908663E+002
  0.269781641478755E+000  0.372771913456773E+001  0.117837531770080E+002  0.120721270635400E+002
  0.269781641478755E+000  0.368369878466068E+001  0.120854801643784E+002  0.119747454293279E+002
