  0.128457067918724E-321  0.149847942955558E+004 -0.300986472450423E+002  0.377386525890072E+002  0.163574065195802E+002
  0.807303265304597E-320  0.149019947547262E+004 -0.288577362778157E+002 -0.448762403517912E+002 -0.531760082168492E+001
  0.141867372815127E-310  0.144759836290239E+004  0.309884114224442E+002  0.218614374625282E+002  0.289586672609715E+002
  0.256432695294333E-310  0.144638792523536E+004  0.473484364448212E+002  0.201127040601022E+002  0.168405393261582E+002
  0.185201859004257E-307  0.143319676397126E+004  0.342125374077265E+002  0.343828693207529E+002 -0.675063166587369E+001
  0.364581743930596E-307  0.143181566465874E+004  0.104284514690090E+002 -0.535750909305714E+002  0.136180032959071E+002
  0.208117929127617E-302  0.140988461508229E+004  0.359337307188136E+002 -0.336602378196393E+002 -0.355849835382155E+001
  0.284792345350508E-300  0.140002047342501E+004  0.322251259959014E+002  0.374816455237411E+002 -0.675481146308001E+001
  0.376147549946125E-290  0.135338583874246E+004 -0.255060116480732E+002 -0.387267931297167E+002  0.184881071982454E+002
  0.518105810849255E-286  0.133429827153908E+004 -0.393786521333650E+002  0.307585929835502E+002 -0.153256349023636E+001
  0.111679843570296E-283  0.132352535702987E+004  0.333320029976375E+002 -0.103748393597995E+002 -0.320596232277520E+002
  0.285919760404578E-275  0.128477735513824E+004  0.420255070611961E+002  0.967347253500559E+001 -0.263771113485943E+002
  0.306286212305629E-275  0.128461324711334E+004 -0.408833675161285E+002  0.570050416036722E+000  0.289455856905510E+002
  0.533484025248672E-275  0.128347693840412E+004 -0.223871861431079E+002 -0.247663353092250E+002 -0.273723686016427E+002
  0.749389421702148E-274  0.127816561847748E+004 -0.301057986553105E+002 -0.343784140469330E+002 -0.124395094535332E+002
  0.607258347745580E-272  0.126934939656396E+004 -0.525599677984412E+001 -0.251277892455505E+002  0.347147272582280E+002
  0.788188706870639E-272  0.126880133966582E+004 -0.485598113098374E+002 -0.830228551590202E+001  0.193360868060460E+002
  0.666065269300439E-271  0.126450637876477E+004 -0.127660746209558E+002 -0.519080489258758E+002  0.854890703113993E+001
  0.614353168826775E-269  0.125543118336204E+004 -0.878240016137462E+001  0.541008780722647E+002 -0.225929759311848E+001
  0.349357529663206E-268  0.125192847095895E+004 -0.873046534103149E+001  0.212974673650313E+002 -0.366795616506274E+002
  0.122655184497776E-265  0.124017990754276E+004 -0.270994308497251E+000  0.513842017879035E+002 -0.156464701421720E+002
  0.176037341808474E-261  0.122101009814247E+004 -0.264619326848903E+002  0.425931282706700E+002  0.212559183491692E-001
  0.513181801806400E-253  0.118200237814111E+004 -0.482963074492983E+002  0.117485668734274E+002 -0.152632309634201E+002
  0.895902994675459E-253  0.118086148374688E+004  0.386776322078155E+002 -0.106058519876545E+002 -0.266307552018079E+002
  0.701754148732021E-252  0.117671832113747E+004 -0.405426118749073E+002 -0.637158565325360E+001  0.265291536786201E+002
  0.579271845134589E-248  0.115865477244364E+004 -0.395103440200043E+002 -0.150331002902703E+002 -0.232740375627779E+002
  0.929460055329347E-248  0.115768261807718E+004  0.290976329925404E+002  0.231090257962691E+002  0.230339379808097E+002
  0.570666677576780E-241  0.112639553341121E+004  0.920543987832215E+001  0.143141941394070E+002  0.387477466307078E+002
  0.141198813652248E-240  0.112455714549977E+004  0.130281965527983E+002  0.172322006245264E+002 -0.354469680288968E+002
  0.523669681967544E-235  0.109888341974733E+004 -0.172717366568510E+002  0.451356624563185E+002 -0.125874018618594E+002
  0.480598044825991E-232  0.108521307844092E+004  0.177411937314079E+001  0.498832434277109E+002 -0.133690321742876E+002
  0.170459184819703E-230  0.107804931835995E+004 -0.237409743453583E+002  0.324507860060046E+002  0.186833365187236E+002
  0.423636134694524E-228  0.106699172947236E+004  0.123652731302839E+002 -0.489503896465133E+002 -0.810187443417271E+001
  0.783706631034295E-228  0.106573491933624E+004  0.141804862693932E+002  0.385341626322723E+002 -0.226010447582955E+002
  0.145816299533515E-226  0.105986146280697E+004 -0.107620693092329E+002 -0.809719434356214E+001  0.394643589935200E+002
  0.246358644724478E-226  0.105878609080848E+004 -0.443365081950118E+002  0.127890390685052E+002  0.171065665617930E+002
  0.247291919784390E-224  0.104954169774170E+004  0.129819004002412E+002  0.408430468951831E+002 -0.208866712525313E+002
  0.506677108611943E-224  0.104808059842059E+004 -0.497732140743296E+002 -0.115290448980837E+002  0.428848761090671E+001
  0.606567854680658E-216  0.101085286114483E+004 -0.372817189378179E+002  0.185421884641934E+002 -0.189223671564536E+002
  0.206140126415953E-214  0.100377455119611E+004 -0.446647777028859E+002 -0.113074788480876E+002 -0.160386375453024E+002
  0.527970120058461E-214  0.100186709368572E+004 -0.184800425210658E+002  0.307933793278084E+002 -0.230983065383061E+002
  0.257963914934379E-212  0.994062702821765E+003 -0.437371952861801E+001 -0.276553841257734E+002  0.300998680119998E+002
  0.384430830392540E-208  0.974817643289771E+003 -0.394782837422954E+001 -0.174480048993622E+002  0.353864747374548E+002
  0.939036071156772E-205  0.959189462248121E+003  0.391252651113050E+002  0.218475986777506E+002 -0.102844449939008E+002
  0.137695096692691E-204  0.958397425801492E+003 -0.426959554395702E+001  0.410757876532184E+002  0.220375324080343E+002
  0.123578359429970E-201  0.944771757494632E+003  0.562035270541331E+001  0.352141413622443E+002  0.259111361332774E+002
  0.554363325593996E-199  0.932533036969185E+003 -0.441465418190269E+002 -0.135833982129340E+002  0.124355349014923E+002
  0.304566447205536E-198  0.929099238356484E+003  0.483553517156496E+002  0.365625543462387E+001 -0.100687011963448E+002
  0.702333276306737E-194  0.908981029632687E+003 -0.751490382591295E+001 -0.240919542801920E+002 -0.287304166422102E+002
  0.657069414690111E-190  0.890667095189271E+003 -0.300718576149055E+002 -0.412368518588266E+001 -0.276024216330429E+002
  0.126980228809682E-189  0.889322951092276E+003 -0.341195434631067E+002  0.260590536011586E+002 -0.748898553783725E+000
  0.280702302721052E-189  0.887709934056468E+003 -0.247245286966219E+002  0.320056846378701E+002  0.110428633654773E+002
  0.734439789662714E-188  0.881154646755314E+003  0.382337012529258E+002  0.221695981677164E+002 -0.684612171981714E+001
  0.451868536417391E-182  0.854468568643423E+003 -0.209621274296810E+002  0.235672219824229E+002 -0.197991512378576E+002
  0.264423647159143E-178  0.837093074941678E+003 -0.232942099896560E+002 -0.171144688085644E+002  0.228694095470917E+002
  0.101415987455758E-176  0.829772887706391E+003  0.108403712708296E+002 -0.300445838163321E+002  0.245161019438214E+002
  0.468522340050486E-176  0.826685691175286E+003  0.302912911704262E+002 -0.236002170932564E+002  0.123886419965290E+002
  0.460328546633320E-170  0.799063466242648E+003  0.327591082565744E+002 -0.114075771739187E+002  0.222667798728724E+002
  0.132200966408614E-169  0.796927040060680E+003 -0.302872492308838E+002 -0.199463119893469E+002  0.168201623503520E+002
  0.317489163518139E-169  0.795148308708167E+003  0.361243940976293E+002 -0.211108456644945E+002  0.889708374517193E+001
  0.167542650774472E-168  0.791795059542194E+003  0.342912061427365E+001  0.398146441463606E+002  0.194187988519954E+002
  0.229846267809199E-166  0.781925883248172E+003 -0.376263573773933E+002 -0.621091581988689E+001 -0.205508056697801E+002
  0.100572433437583E-165  0.778947287580673E+003  0.217859348169801E+002  0.219427113791782E+002 -0.170383391361249E+002
  0.752945313493866E-164  0.770289398137783E+003  0.444697888017234E+002  0.118966834863602E+002  0.443412181930134E+001
  0.569630538079889E-158  0.743189895825270E+003 -0.179121210922620E+002  0.130830858071904E+001  0.302560564425860E+002
  0.281640052538204E-155  0.730756611065142E+003  0.455410471705118E+002  0.718544088727207E+000  0.822003011172028E+001
  0.698210587513698E-151  0.710493658042941E+003 -0.196467917347851E+002 -0.233161098127557E+002  0.174119019187701E+002
  0.600183311066793E-147  0.692349058108627E+003  0.182261515914213E+002 -0.101580410060983E+002  0.257049144964175E+002
  0.252088232875357E-146  0.689452309409763E+003  0.893632535130475E+001 -0.421096284076769E+002  0.105086826218151E+002
  0.652011122064247E-146  0.687525254029314E+003 -0.186220929443187E+002 -0.316816125612757E+002  0.139268272236327E+002
  0.117788287934688E-143  0.677105598572234E+003  0.102364212290545E+002 -0.194290044449418E+001 -0.336266818872770E+002
  0.552543492783712E-143  0.673987821504146E+003  0.153474810976007E+002  0.386686895023536E+002 -0.892167909498248E+001
  0.668269440510139E-142  0.668975842272649E+003  0.201463350294261E+002 -0.385348202585843E+001 -0.254383962294953E+002
  0.135610126124282E-139  0.658323656055420E+003 -0.163035481763825E+001  0.384733214269295E+002 -0.174377657636399E+002
  0.836016219347344E-137  0.645449097300186E+003  0.134818940567446E+002  0.288671807993297E+002  0.193580581350791E+002
  0.401175978386781E-134  0.633075591957010E+003  0.174050166607191E+002  0.132958486086776E+002  0.219597272928505E+002
  0.226875012380579E-133  0.629583933158114E+003  0.361510514689071E+002  0.187578603235719E+002  0.255809027096348E+001
  0.126160207595550E-131  0.621520795675521E+003 -0.385576826530482E+002 -0.130757701178545E+001  0.162818037308133E+002
  0.643596991697675E-130  0.613630094730474E+003 -0.358352583870590E+001 -0.357165171620783E+002 -0.185324905432082E+002
  0.281502627353123E-129  0.610652296010961E+003  0.433233422407831E+001  0.334231675276903E+002  0.200343562375137E+002
  0.499156771424178E-129  0.609480248684139E+003  0.305261448937518E+001 -0.621164580806031E+000  0.342785837349123E+002
  0.509982817816929E-126  0.595595334038684E+003 -0.313097034901870E+002 -0.213113867002022E+002 -0.178449378350928E+001
  0.350834609676683E-125  0.591711797638558E+003  0.175892618451345E+002  0.224655566524311E+002 -0.163071878606248E+002
  0.178706055046530E-124  0.588429282217989E+003 -0.386575987224472E+002  0.120091470225971E+001  0.151180281834048E+002
  0.126395724639981E-121  0.575279930503256E+003  0.125622180162770E+002 -0.203230634111871E+002  0.201752303380490E+002
  0.106175821772748E-116  0.552576231602066E+003 -0.342715059141375E+002 -0.166820828830683E+002 -0.776415747994874E+001
  0.531253143338350E-116  0.549329456706308E+003  0.137902957227818E+002  0.157774270843083E+002 -0.199951826061393E+002
  0.124790053896932E-114  0.542989837642177E+003  0.169904604874518E+002 -0.341591800924959E+002  0.659586152985231E+001
  0.416375237630238E-114  0.540553438967067E+003 -0.208556564078437E+002  0.119321895761503E+002 -0.196753099885058E+002
  0.137751619526062E-112  0.533528877466124E+003 -0.225022761681154E+002  0.229696610034602E+002  0.283397472025335E+001
  0.393899486209278E-112  0.531401099891327E+003  0.214896630755159E+002 -0.216321037548963E+002  0.753113500405601E+001
  0.468635921978282E-112  0.531027148606603E+003  0.529933997613064E+000 -0.355069199122430E+001 -0.325346973597258E+002
  0.509735178729430E-112  0.530832527848614E+003 -0.259685843173956E+002  0.989366172135254E+001 -0.196722562758927E+002
  0.165244720609873E-111  0.528453794815407E+003  0.396853125233074E+002  0.709894321116543E+000  0.114066645376365E+002
  0.582506351571478E-111  0.525907479243822E+003 -0.118898275465200E+002  0.393192988942612E+002 -0.988863255581670E+000
  0.647803909161199E-111  0.525668492886579E+003  0.186612162393438E+000 -0.423693900484427E+002  0.386234874063202E+001
  0.102250839341283E-110  0.524729150322354E+003  0.689168654540623E+001  0.295516226109490E+002 -0.193823113308612E+002
  0.237737533886700E-110  0.523015183343374E+003  0.906732837205369E+001  0.386363360302565E+001 -0.303849148898026E+002
  0.157772769682176E-107  0.509993205201993E+003  0.109746209985509E+002  0.305720966466605E+001 -0.292322138182954E+002
  0.104431159515093E-103  0.492371289479738E+003 -0.173996052757574E+002  0.864625155264932E+001  0.202258934778722E+002
  0.733452865838673E-103  0.488446328541116E+003  0.287730408724517E+002 -0.473419031361914E+001  0.194612744858101E+002
  0.112262517107659E-102  0.487568514511387E+003 -0.239021191273087E+002 -0.149275334217204E+002  0.154655878296721E+002
  0.122940532414175E-100  0.478149962224380E+003  0.180826544627723E+002  0.317018698958796E+002 -0.197673743589588E+001
  0.591068637123934E-100  0.474983008999328E+003  0.207767239701642E+002 -0.133557409440699E+002 -0.169019990786474E+002
  0.256074758960560E-098  0.467419103611633E+003 -0.361438866232222E+001  0.621798854400478E+001  0.301336930745985E+002
  0.314189007722739E-097  0.462378392349739E+003 -0.131167906998112E+002  0.153659658591214E+002  0.166248953999271E+002
  0.112761114709763E-093  0.445980667529005E+003  0.139980197189273E+002 -0.341774989165207E+002 -0.622160076634503E+001
  0.761520640364701E-092  0.437528915439588E+003  0.831487057811918E+001  0.305937753113346E+002  0.156792043008526E+002
  0.273892878762801E-091  0.434942415200741E+003 -0.128092539422939E+002  0.156888815020131E+002 -0.155549328720152E+002
  0.907016292794846E-091  0.432521078073604E+003  0.192558982052114E+002 -0.243715429699236E+002 -0.568284740182704E+001
  0.152331423610565E-090  0.431457621129455E+003 -0.407506160485644E+001  0.931199603326490E+001  0.278272797719882E+002
  0.624695547517897E-089  0.424003548807152E+003 -0.175849875389018E+002 -0.126589112672546E+002 -0.157352124006599E+002
  0.168192251572709E-088  0.421996201622371E+003  0.112159674650674E+002 -0.355666157003776E+002 -0.659942658326330E+001
  0.266835270534235E-088  0.421046663520911E+003 -0.234347878963770E+002 -0.163522941069098E+002  0.114684372612461E+002
  0.511861777157829E-088  0.419717326830620E+003  0.686895153501122E+001  0.390062850873440E+002 -0.984702475419006E+000
  0.673940428548823E-087  0.414535491991211E+003 -0.916622236720036E+001  0.156078711369054E+002 -0.187512226703601E+002
  0.427401862061453E-085  0.406209495210675E+003  0.140625823707450E+002  0.633262806703947E+000  0.240615052764821E+002
  0.632349883298970E-085  0.405399568448813E+003 -0.170692199573963E+002 -0.212692939807366E+002  0.101046460319748E+002
  0.238048326912571E-084  0.402721846102248E+003 -0.207387470278526E+002 -0.107792921042209E+002  0.166029106125754E+002
  0.457628920213214E-084  0.401388185787704E+003  0.319859860276862E+002  0.871231623699349E+001 -0.130955546146254E+002
  0.263123676784352E-081  0.388653053700758E+003 -0.318651882680150E+002 -0.608494944600432E+001  0.141604177710650E+002
  0.448011491822269E-080  0.382957003645472E+003 -0.100670832858589E+002 -0.347683326127064E+002 -0.729252149449888E+001
  0.799094217647815E-080  0.381773193242375E+003  0.249043867258378E+002  0.155004097176457E+002 -0.103504184851202E+002
  0.260830169372764E-079  0.379380751312489E+003 -0.889526347080847E+001  0.186526249194779E+001 -0.269248194991771E+002
  0.199125428956724E-078  0.375288959835073E+003 -0.344449009555249E+002  0.124787903778876E+002 -0.766333524708436E+000
  0.286484251526532E-078  0.374534972094145E+003 -0.252739053263207E+001 -0.896716818719980E-001 -0.289159432311841E+002
  0.355703628316867E-078  0.374075653014146E+003  0.907667106102306E+001  0.731204039362281E+001 -0.250962724171354E+002
  0.450686859867381E-078  0.373575812770788E+003  0.285753612055742E+002 -0.977178149473176E+001 -0.139364615139619E+002
  0.883047917064459E-075  0.358388598377296E+003  0.449052674896416E+001  0.146698282145017E+001 -0.280484184748112E+002
  0.176041493187635E-073  0.352377087034505E+003  0.187366041663347E+002 -0.183734703347414E+002 -0.169457604498944E+001
  0.182471049603970E-072  0.347673682786753E+003  0.348250514286457E+001 -0.371097021335275E+002 -0.569891338457096E+001
  0.255443257052778E-072  0.346974374791357E+003 -0.153263197818011E+002  0.583337890898673E+001 -0.182294390688390E+002
  0.345807175608041E-072  0.346342122288457E+003  0.156877544805413E+002 -0.218387693063042E+002 -0.930210133416679E+001
  0.115099478147608E-068  0.330095120174938E+003  0.242652860167599E+001  0.349772983392468E+002 -0.946368288371833E+001
  0.377220610317573E-067  0.323089392719962E+003 -0.795967165661075E+001 -0.789897640979540E+001  0.236752649576748E+002
  0.307259646147097E-066  0.318868006173464E+003  0.324784982750572E+002  0.580110814981393E+001  0.109167720207589E+002
  0.456722810674416E-066  0.318048748674728E+003  0.951497871684776E+001  0.190212742876405E+002  0.147047510967997E+002
  0.978801494558120E-065  0.311892583649607E+003  0.288028750723278E+002 -0.149689835931018E+002  0.720030988744824E-001
  0.216723539148605E-064  0.310276335670800E+003 -0.509730376077579E+001  0.234435729247518E+002  0.161897904773132E+002
  0.713594728651689E-064  0.307866459885093E+003 -0.331816209525435E+000  0.702902964579550E+000 -0.272318300089334E+002
  0.121524470928080E-063  0.306775198335491E+003  0.166283650779583E+002 -0.219968994680084E+002 -0.399483990048363E+001
  0.308242863504582E-062  0.300281993014378E+003 -0.273403539029194E+002  0.599388340610358E+001 -0.141473757091028E+002
  0.743465593655698E-062  0.298494633563849E+003 -0.178524277863293E+002 -0.117147925671354E+002  0.120962755592831E+002
  0.350487162029718E-061  0.295366969745220E+003 -0.122051042854370E+002  0.152570368302742E+002  0.106643247980163E+002
  0.312257022468063E-060  0.290966303984874E+003  0.611644683859794E+001  0.149019153210239E+002  0.148514334679974E+002
  0.881487554623707E-059  0.284259074856010E+003 -0.348457155523788E+001  0.727761180461215E+001 -0.244508436604929E+002
  0.687031971090272E-057  0.275520704140417E+003  0.113794746681558E+002 -0.102146504089131E+002  0.156002551358945E+002
  0.105618469136015E-056  0.274634138651505E+003  0.176997598251551E+002  0.141600929028512E+002 -0.764908379600871E+001
  0.682464789445174E-056  0.270875892833863E+003  0.160462623839751E+002  0.153501669757538E+002 -0.304794433707494E+001
  0.217730412705033E-055  0.268529138747614E+003 -0.132503280538123E+002 -0.247365623583192E+002  0.775864694298726E+001
  0.515894685552630E-055  0.266777358317449E+003 -0.145886070714041E+002  0.108038518743331E+002  0.108951792510784E+002
  0.724816160782382E-055  0.266070837054988E+003  0.801793619589633E+001  0.166640946835700E+002 -0.134286615936997E+002
  0.941702127651668E-055  0.265520804680445E+003 -0.156898454636911E+002 -0.127798661026084E+002 -0.856119692386222E+001
  0.573342913706763E-053  0.257276383896835E+003 -0.318228348627115E+002 -0.910106350017850E+001  0.493368858135673E+001
  0.126727560857666E-052  0.255663612054964E+003 -0.141911706663980E+002 -0.215530485150014E+002 -0.644484349138006E+001
  0.148520401060116E-052  0.255319756126388E+003  0.221218247300761E+002 -0.115739816363792E+002  0.103215427707385E+002
  0.217383850624890E-052  0.254531380956707E+003 -0.391460838766638E+001 -0.953122152773926E+001  0.217489028621093E+002
  0.268909452132468E-052  0.254079470451227E+003 -0.299185699164060E+002  0.674857592472408E+001 -0.999158868243838E+001
  0.167504881620512E-051  0.250394534249579E+003 -0.152996341439702E+002  0.145929661595281E+002  0.226223756326958E+001
  0.174922696752638E-051  0.250281380498788E+003  0.223235487481872E+002 -0.152700813844696E+002  0.117507292176425E+001
  0.277886917332450E-051  0.249329149814764E+003  0.806551867887045E+001  0.118243535337308E+002  0.158425081866529E+002
  0.451047034276982E-051  0.248333944632911E+003  0.429467611475089E+001 -0.281976737216384E+002  0.123434811703207E+002
  0.519288577669112E-051  0.248025677915310E+003  0.200996400301461E+002  0.662104974361185E+000 -0.154029557854598E+002
  0.128161050255891E-049  0.241587191243455E+003 -0.252866935081498E+002 -0.135191374161787E+002  0.453262249288657E+001
  0.295765699037396E-049  0.239888140979147E+003 -0.444047425951737E+001 -0.595506533151665E+001 -0.232053476430301E+002
  0.410549493002008E-048  0.234600622528341E+003  0.554073532467868E+000 -0.343939254130251E+002  0.409661035484592E+001
  0.774889531686394E-048  0.233303684094433E+003 -0.104562467109999E+002  0.128737431163499E+002 -0.102657620010308E+002
  0.247162727727674E-047  0.230957370540984E+003 -0.329423015122814E+002  0.648733041065285E+001 -0.332301465470778E+001
  0.814448857787910E-047  0.228545950687575E+003 -0.274282860198896E+002  0.629003733462777E+001  0.111119587818476E+002
  0.873108205847401E-046  0.223775194330241E+003 -0.131845152475755E+002  0.140475246073594E+002 -0.482031949061816E+001
  0.184316375706341E-044  0.217649175066823E+003 -0.530480417227769E+001 -0.156183681894327E+002  0.126486098829716E+002
  0.300397389436340E-044  0.216645779582728E+003  0.195833472887010E+001 -0.185277730166675E+000 -0.242284945437434E+002
  0.293870999068322E-043  0.212058049617625E+003 -0.635672554876365E+000 -0.216460085683505E+002 -0.140932006996183E+002
  0.302806633721212E-043  0.211971652090354E+003 -0.248312702821066E+001 -0.180213405097510E+002  0.138406762486511E+002
  0.358618135503434E-043  0.211606834229433E+003  0.368841953149824E+001 -0.146373364138795E+002 -0.128927771369938E+002
  0.758609466160686E-042  0.205476715640596E+003  0.134788208986401E+002 -0.128300776902307E+001  0.135515935108099E+002
  0.143065910773179E-041  0.204181418339246E+003 -0.242634255132228E+002  0.752004008274281E+001  0.109145452737432E+002
  0.543432608600649E-041  0.201485727355568E+003 -0.945088227470153E+001  0.762153918656274E+001  0.166145575936105E+002
  0.138303458823767E-039  0.194985807441549E+003 -0.153928985028652E+002  0.127163728403669E+002  0.132925194965895E+001
  0.903778717739353E-039  0.191205048385575E+003 -0.325137248455389E+002  0.216759741940785E+001 -0.442571355255809E+001
  0.153001974678875E-038  0.190125655189006E+003  0.529587684312094E+001 -0.177512887267943E+002  0.121118256843245E+002
  0.136857527578010E-036  0.181111845138895E+003  0.961549609065443E+001 -0.256294698770994E+002 -0.682911627654245E+001
  0.894740106805279E-036  0.177330168980148E+003  0.243805578055790E+001  0.163552871415688E+002 -0.121563071661396E+002
  0.579098069171573E-035  0.173568631245879E+003 -0.107839045551931E+002 -0.172894465357520E+002  0.629306076994715E+001
  0.102922109668490E-034  0.172391969315782E+003 -0.248560499516721E+002 -0.886755449829084E+001 -0.773633670083531E+001
  0.113969167540513E-034  0.172161567929682E+003 -0.126240874285396E+002 -0.201926806505430E+002 -0.155901855004338E+001
  0.200046735424469E-032  0.161799490974747E+003  0.127506003497777E+002 -0.105944114767517E+002 -0.562723860336737E+001
  0.304058741218255E-032  0.160935660733127E+003  0.123872270615415E+002  0.117080156365686E+002  0.279912515193908E+001
  0.108319081760640E-031  0.158368279250445E+003 -0.117187477122479E+002 -0.219610722126798E+002 -0.262051659601419E+001
  0.287048507846979E-031  0.156392649024270E+003 -0.198803098639494E+002  0.646875527534604E+001  0.102081932108227E+002
  0.115666033106343E-030  0.153578876793921E+003 -0.905944148491611E+001  0.389048936851792E+001  0.167855117268304E+002
  0.714308150911603E-030  0.149911171461727E+003  0.267475580499316E+002 -0.908481374519474E+001  0.339432926892082E+001
  0.811378332220975E-030  0.149629841022061E+003 -0.291772139960543E+001 -0.273922234042541E+002 -0.872613638124831E+001
  0.139909187662639E-029  0.148513662169854E+003  0.109594391067015E+002 -0.224899037596783E+002 -0.344650780502485E+001
  0.200520683644614E-029  0.147767324018030E+003  0.288316545271007E+002 -0.266214940454262E+000  0.770532361965755E+001
  0.227514380454071E-029  0.147488241473665E+003  0.517878020362372E+001 -0.180642321330864E+002  0.103244835216028E+002
  0.535915956357818E-029  0.145748223212653E+003 -0.819955580484111E+001  0.186453419208464E+002  0.814580195258485E+001
  0.847058520631391E-029  0.144806147893186E+003 -0.234340419563378E+001 -0.878857082668608E+001  0.171936991624335E+002
  0.967824945912945E-029  0.144513094547678E+003  0.126370816923551E+001 -0.482261015123257E+001 -0.204562061803561E+002
  0.185761489604817E-028  0.143182609294253E+003 -0.290700883364663E+002 -0.500001346886610E+001 -0.505862158303136E+001
  0.787411864935847E-028  0.140267543020748E+003  0.237749482367751E+001 -0.120593804363579E+002  0.109566293286477E+002
  0.105712026629595E-027  0.139651947940661E+003  0.179922225349446E+002 -0.924744335618652E+001  0.630707928535870E+001
  0.111567624103506E-027  0.139517633019032E+003  0.255223472244474E+002 -0.985597268856235E+001  0.124691485683068E+001
  0.162719160869809E-027  0.138736352817269E+003 -0.212285198711848E+002  0.110820039510350E+002 -0.202236503105118E+001
  0.190323727254145E-027  0.138396461014657E+003 -0.231423917997848E+002 -0.783221883617571E+001  0.754001744293465E+001
  0.345529686563782E-027  0.137177266335048E+003  0.477456238517142E+001  0.102052917688714E+002  0.104040800595563E+002
  0.474980706606251E-027  0.136514384636472E+003 -0.626087511722965E+000  0.212642349809200E+002  0.111444061808316E+002
  0.955917314503165E-027  0.135089099717639E+003 -0.897779890847852E+001 -0.134502143426210E+002 -0.567960632303068E+001
  0.127226638663636E-026  0.134490841809689E+003 -0.702810087424105E+001 -0.277820680064348E+002  0.376958056030213E+001
  0.134784416774473E-025  0.129743768096608E+003 -0.298772600211175E+001  0.105498728342099E+002 -0.105761410057520E+002
  0.371218819251023E-025  0.127691047425493E+003 -0.102076016067140E+002  0.341262138297583E+001  0.112343750554501E+002
  0.412445341523466E-025  0.127453932984878E+003  0.577009247322989E+001 -0.160036698444424E+002 -0.823790500038513E+001
  0.452126032714501E-025  0.127243727965764E+003 -0.579701904394334E+001 -0.288446971913627E+002 -0.225461968172593E+001
  0.839946007822807E-025  0.125978484234333E+003 -0.302722920748607E+001 -0.929788148108770E+001 -0.144763207737521E+002
  0.156207233344062E-024  0.124711131732477E+003 -0.666345711172572E+001 -0.221015346858138E+002 -0.809732691467947E+001
  0.167963591440389E-024  0.124539513891485E+003 -0.228386635358546E+002 -0.765190246586248E+001  0.689953418868437E+001
  0.345739848605862E-024  0.123069144695365E+003  0.346777039931486E+001 -0.259385109520394E+002 -0.809020895723406E+001
  0.469799511176597E-024  0.122429415397621E+003  0.265897967590364E+002 -0.841940075693145E+000  0.824431993116225E+001
  0.715190527859173E-024  0.121562439048131E+003 -0.262470174115339E+002  0.739680900098716E+001 -0.418307413958218E+001
  0.808606865531243E-024  0.121290420858464E+003  0.359974848558313E+001 -0.143245291947192E+002 -0.890543028113753E+001
  0.356515718104597E-023  0.118296629256722E+003 -0.252604615189511E+002 -0.646501007656932E+001  0.620495759215292E+001
  0.117870080623529E-022  0.115878559262624E+003  0.710278502600620E+001 -0.270039696917868E+002  0.245908373987148E+001
  0.254583128104827E-022  0.114311979990244E+003 -0.612529810689566E+001  0.278655852728717E+002  0.214451662462422E+001
  0.570741866994154E-022  0.112670870296855E+003  0.874352522673333E+001 -0.411599464436335E+001 -0.129923076613389E+002
  0.144046744725342E-021  0.110792808002525E+003 -0.500232629512806E+001 -0.196085647585507E+002  0.867698094025502E+001
  0.447504166216733E-021  0.108499221579814E+003 -0.296811659935113E+001  0.151260786870893E+002 -0.813063038167007E+001
  0.556265797682590E-021  0.108037610354809E+003 -0.577973823134171E+001  0.366739645322043E+001  0.171313476800030E+002
  0.569059743755957E-021  0.107965641515264E+003  0.284059062832328E+002  0.478597276098802E+001  0.201854550358794E+001
  0.841983197733058E-021  0.107155601796907E+003  0.917191091370725E+001  0.275693610777844E+001  0.122593440268702E+002
  0.566679502798346E-020  0.103315873488899E+003 -0.328356935450635E+001  0.278228003458765E+001 -0.186294057581262E+002
  0.195466210277142E-019  0.100813025581583E+003 -0.616427142507120E+001 -0.648826915502951E+001  0.132234805564373E+002
  0.345698646568701E-019  0.996461753183954E+002 -0.700490420451410E+001 -0.573148851201088E+001 -0.127205168602429E+002
  0.576242145129256E-019  0.985977638022322E+002 -0.206495013548325E+002  0.262042670408866E+001 -0.899905305168294E+001
  0.657449338180067E-019  0.983075938573725E+002 -0.244580945127612E+002  0.197728723390256E+001  0.801230319655400E+001
  0.877100298537578E-019  0.977045961189913E+002  0.154050114881668E+002  0.775346895538055E+001 -0.248648682990662E+001
  0.176547509908699E-018  0.962789981459467E+002  0.890424776369186E+001 -0.220102121509506E+002  0.162052373111542E+001
  0.232150060337305E-018  0.957049197799107E+002 -0.188772653573360E+002  0.474533768561535E+000 -0.915930589896253E+001
  0.243048135727015E-018  0.955866782488855E+002  0.223771539599677E+002 -0.302292207125438E+001 -0.839472689233072E+001
  0.641591078361974E-018  0.936188045193366E+002  0.772177276694291E+001 -0.114347084423855E+001  0.147285499288486E+002
  0.956125186916800E-018  0.927944386618832E+002  0.477023127959468E+001 -0.276942799628478E+002  0.714890341647852E+000
  0.151715479859592E-017  0.918445418812076E+002 -0.750221299575778E+001  0.833385529832832E+001  0.473914263391072E+001
  0.201247529052842E-017  0.912529939987173E+002  0.836010945492033E+001 -0.103617357247932E+002 -0.330217978252778E+001
  0.323456812253784E-017  0.902774436146773E+002 -0.170816131278013E+002  0.645789477872944E+001 -0.545249822134219E+001
  0.825056283835970E-017  0.883781811544890E+002 -0.195215365804269E+002  0.750998945194279E+001 -0.462849786523983E+001
  0.168966659418355E-016  0.869180209008544E+002  0.613889640136082E+001 -0.154878862919073E+002  0.430832167624428E+001
  0.181311536912128E-016  0.867504997749572E+002  0.811203875468536E+001  0.130858544899916E+002 -0.104714337125744E+001
  0.179470231490961E-016  0.867444241158806E+002  0.822170092817835E+001 -0.186337524144781E+002 -0.263725342823356E+001
  0.294049802717270E-016  0.857304540681986E+002 -0.101636098973529E+000  0.174839028810389E+002  0.831041873829318E+001
  0.372153079208612E-016  0.852328513689231E+002 -0.403989394021284E+001 -0.805413832960932E+001 -0.740286278363234E+001
  0.518627369744513E-016  0.845426001653272E+002  0.591939848110697E+001 -0.256277722007224E+002 -0.273955872179703E+001
  0.688168244046706E-016  0.839504143100714E+002 -0.719519558921384E+000  0.854880151163404E+001  0.101561377098480E+002
  0.132213557585213E-015  0.826179834166827E+002 -0.273703354823450E+001 -0.127080909444731E+002  0.758066978277047E+001
  0.294927622436647E-015  0.809868699575611E+002 -0.371073688685639E+001  0.706981328719192E+001  0.126284447767703E+002
  0.469969803778309E-015  0.800285025704706E+002  0.503742157461380E+001  0.528421675429756E+001  0.594951645673619E+001
  0.528144404897499E-015  0.797686095268153E+002  0.274984429124127E+002 -0.382400645536478E+000  0.361516435429967E+001
  0.854816510298632E-015  0.787790848780558E+002  0.683340729886628E+001  0.382867338394279E+001  0.126643141389760E+002
  0.877188473314142E-015  0.787009243484092E+002  0.106843542619747E+002 -0.640761599214073E+000 -0.821557595739574E+001
  0.103960353354411E-014  0.783346882437756E+002  0.876291239228291E+001 -0.803308562622456E+001 -0.139601967211378E+001
  0.264104973355620E-014  0.764435237067804E+002  0.476374539044073E+001 -0.234577636083292E+002 -0.560961714709223E+001
  0.388165627300560E-014  0.756468623081537E+002 -0.625605727299997E+001  0.475442354446294E+000 -0.150947271191791E+002
  0.545472235676609E-014  0.749399322867828E+002 -0.624185272643270E+001 -0.248660003075023E+002 -0.140532130913078E+001
  0.984876329705835E-014  0.737317134878193E+002  0.350469822672535E+001  0.704706771761190E+001 -0.112088509242259E+002
  0.114305014859199E-013  0.734073441189701E+002  0.152346477555852E+002  0.332174190394264E+001 -0.543334797459404E+001
  0.117210293429835E-013  0.733306551518422E+002  0.209540821465770E+001 -0.199462912925036E+002  0.765576352082067E+001
  0.288414489195133E-013  0.715033068125610E+002  0.285040572954897E+001 -0.140844065289824E+002 -0.603075522742769E+001
  0.350133640750195E-013  0.710889838225749E+002 -0.894184848650473E+001  0.746176960081706E+001 -0.199122437566879E+001
  0.487046498127516E-013  0.704024039992617E+002  0.266851758129120E+002  0.247579074830586E+001 -0.304219799923083E+001
  0.653521302849456E-013  0.697878824789751E+002  0.705595197723167E+001 -0.660623945918023E+001  0.267841423669325E+001
  0.776514641154129E-013  0.694165112912566E+002 -0.377946746053395E+001 -0.232038408530436E+002 -0.587717797421457E+001
  0.803977741958168E-013  0.693205086638855E+002 -0.581387022926952E+001 -0.467971989584535E+001  0.118147516259065E+002
  0.214622158118437E-012  0.673302330377633E+002 -0.949842990460859E+000  0.252335519663907E+001  0.448881116888934E+000
  0.283001391351634E-012  0.667505971120895E+002  0.529777083329380E+001  0.505933689789195E+001  0.116616292034694E+002
  0.364775229243836E-012  0.662164475795203E+002  0.155034422283362E+001 -0.131809379791223E+001 -0.171936909341696E+002
  0.511632637218157E-012  0.655133061090735E+002 -0.126729154797856E+001  0.316962391239674E+001 -0.165980635524115E+002
  0.650864497596436E-012  0.650054264286649E+002  0.140979103858148E+002 -0.459894849264329E+001  0.409098417347843E+001
  0.708896662997488E-012  0.648081193951187E+002  0.374595291715679E+001 -0.592070339457337E+001 -0.767730595121441E+001
  0.849387968967607E-012  0.644200163654756E+002  0.312553867586291E+001  0.193786310857846E+002 -0.662862015579484E+001
  0.140855266573120E-011  0.633819220632696E+002 -0.233390166584435E+000  0.272378410097949E+001  0.240444235777495E+000
  0.140219100340718E-011  0.633644849763314E+002  0.811614799612322E+000 -0.219610855863310E+002  0.696660533277641E+001
  0.154536875835970E-011  0.631435414334200E+002  0.519210857011582E+001  0.145658441181092E+002  0.224458507160678E+001
  0.160189819499375E-011  0.630451975048933E+002  0.708600073862077E+001  0.185136434485058E+002  0.546091004496169E+000
  0.342459722394007E-011  0.614991179153623E+002  0.633418974632676E+001  0.207710263575998E+002  0.323362902556551E+001
  0.358563980733106E-011  0.613807213417551E+002  0.570090813969369E+001  0.950376279825925E+001  0.427876109526343E+001
  0.363784687825631E-011  0.613253207609189E+002  0.177594164942719E+001 -0.718502056927539E+001  0.631832788915071E+001
  0.386989720801222E-011  0.611751583958572E+002  0.114819425378801E+002  0.110555219190209E+001  0.688697605683811E+001
  0.486070197280735E-011  0.606927581005980E+002 -0.138799852407851E+001  0.304569418460153E+001  0.278440471687503E+000
  0.904716343745914E-011  0.594237308272472E+002  0.388365666005222E+001  0.321262282524693E+001  0.117014730902635E+001
  0.102306317511705E-010  0.591513702606318E+002  0.233725365257820E+002 -0.316775401855762E+001  0.523606553310901E+001
  0.132250247566853E-010  0.586114307733532E+002 -0.455625033231191E+001  0.419880122377059E+000 -0.474291099554485E+001
  0.139683998782442E-010  0.584755667655505E+002 -0.159555278099674E+001 -0.197192837639608E+002  0.674719620506401E+001
  0.223986020594626E-010  0.575046744680528E+002 -0.760815160314849E+001 -0.640815843574443E+001 -0.626844169118556E+000
  0.245961255731125E-010  0.572910032452476E+002  0.189837334129274E+002 -0.249396996808104E+001  0.630174574334441E+001
  0.275741009265274E-010  0.570359367388624E+002  0.628543214266757E+001  0.113708555814523E+002 -0.230731762871670E+001
  0.302581714636454E-010  0.568236676472051E+002 -0.421533070052968E+001 -0.167996875952361E+002  0.429957386505319E+001
  0.330958158373859E-010  0.566178960224684E+002  0.649562915224439E+001  0.112810139080206E+001 -0.572181964015245E+001
  0.124478075157671E-009  0.539419601037692E+002  0.215666277411641E+002  0.252865256223489E+001 -0.589637464804344E+001
  0.205724272396443E-009  0.529106552673442E+002  0.508755340243884E+001  0.151742384291359E+001  0.137945435393255E+002
  0.259955167339464E-009  0.524162200255853E+002  0.151824358306506E+002 -0.119787737306724E+001  0.421250305269048E+001
  0.641932237379152E-009  0.505817824400290E+002  0.188369224424571E+002  0.847010406622289E+000  0.617942445155248E+001
  0.687901448169746E-009  0.504169663167929E+002  0.636041244961000E+001 -0.471086583241282E+001 -0.215680137522651E+001
  0.705899475041035E-009  0.503388213493043E+002 -0.588253988164221E+001  0.110040089653544E+002  0.209766347012177E+001
  0.700777693798660E-009  0.503268951582792E+002 -0.139153248056491E+001 -0.248114699281155E+002 -0.386186092329261E+001
  0.708132991967917E-009  0.502795222881275E+002  0.102017320381523E+001 -0.243798201387231E+002 -0.444180420786221E+001
  0.897198208722020E-009  0.497797420580123E+002 -0.244874018000300E+001 -0.511446880815017E+001  0.127017221443946E+002
  0.108368188761912E-008  0.493755658621092E+002  0.333352661572401E+001  0.306427322804751E+000 -0.472335803304102E+001
  0.107610847605800E-008  0.493631016636186E+002  0.241531463004326E+002 -0.130299396167803E+001 -0.448222761055867E+001
  0.113453281024642E-008  0.492308718612636E+002 -0.250969075906296E+001  0.235551867396717E+002 -0.446840592912084E+001
  0.121521330095722E-008  0.490669840628401E+002 -0.369579791861204E+001  0.381937931649902E+001  0.132394572987654E+002
  0.120152708796057E-008  0.490631462026768E+002 -0.240251705603523E+002  0.468113718880073E+001 -0.788532135413156E+000
  0.689191531113366E-008  0.447338856559849E+002  0.755084909481198E+000  0.172093664248187E+002 -0.540828195955755E+001
  0.146612583097293E-007  0.432241666659035E+002 -0.547589071741588E+001  0.197279279505865E+002 -0.245727112581988E+001
  0.183502581674007E-007  0.427752964302343E+002 -0.171039546909910E+001  0.123660798374426E+002 -0.520815965974666E+001
  0.346127234834225E-007  0.415061410267698E+002 -0.449587434533483E+001  0.231922865747584E+002 -0.199398555445755E+001
  0.142898014056339E-006  0.385677347535931E+002  0.117893823925452E+001  0.802337161003256E+001 -0.511313960875603E+001
  0.349265839036455E-006  0.367803304310377E+002 -0.538839713680288E+001  0.952559574559761E+001 -0.627586169043930E+000
  0.393134559099630E-006  0.365436932427311E+002 -0.414399794637348E+001  0.196478459141804E+002 -0.348143344501401E+001
  0.602274532759638E-006  0.356905703767165E+002  0.420397306309181E+001  0.131188134552543E+002 -0.107870319152349E+001
  0.168237475807898E-005  0.335148246432528E+002 -0.135929037071430E+001  0.175697791590906E+002  0.431678098411280E+001
  0.673104293665361E-005  0.307417771269027E+002 -0.387858964597871E+001  0.199607195999415E+002 -0.292748930044478E+001
  0.825726411161628E-005  0.303330507041756E+002 -0.364390100129131E+001  0.226087663124293E+002 -0.176714221078436E+001
  0.136017436925693E-004  0.293348413323769E+002  0.324051327014146E+001  0.133441661462325E+002 -0.723799048507502E+000
  0.136687809084271E-004  0.293250083934258E+002 -0.648596661603662E+000  0.538367811710526E+001  0.683608152765636E+000
  0.247081144897403E-004  0.281409739037331E+002 -0.431081645350184E+001  0.193297771013449E+002 -0.140785430464495E+001
  0.662753928598177E-004  0.252969638245256E+002 -0.187133294691768E+001  0.193190822782379E+002  0.376893153977814E+001
  0.742848474093001E-004  0.250687871983622E+002 -0.286391289255917E+000  0.578924466928406E+001 -0.360171961271107E+000
  0.813535533699627E-004  0.247579151165403E+002  0.146282200840896E+001  0.125955796169219E+002 -0.295879205244039E+001
  0.118825466506075E-003  0.240002126450408E+002 -0.105223471058576E+001  0.605001688721902E+001  0.405049671845838E+000
  0.149623530379162E-003  0.235392794584056E+002  0.353215266423850E+001  0.217927707420829E+002  0.850039499251800E+000
  0.179726430138427E-003  0.231726524175931E+002 -0.780182381158347E+000  0.163023231334507E+002 -0.132837312009507E+001
  0.183074784256380E-003  0.228274333293512E+002 -0.392361605398828E+001  0.197147565267902E+002 -0.474050229686618E+000
  0.252448377027735E-003  0.220365932772523E+002 -0.288772612303595E+001  0.111882477641572E+002 -0.227136862609344E+001
  0.413072905177100E-003  0.210517586315794E+002 -0.286128989991518E+000  0.168913914589676E+002  0.204447031099441E+001
  0.425252025502623E-003  0.209936428493462E+002 -0.126819997855269E+001  0.211946402250014E+002  0.329113406982940E+001
  0.487726115651798E-003  0.205454760643066E+002 -0.291165092646570E+001  0.122091789109185E+002 -0.246395120305941E+000
  0.500563847232759E-003  0.204935137690337E+002 -0.129358485169278E+001  0.166371125741502E+002  0.620126911118277E+000
  0.661959846102113E-003  0.195699311731566E+002  0.943863498472346E+000  0.216595260429518E+002 -0.296621699327797E+001
  0.911839253753874E-003  0.183091036784931E+002 -0.158110416426707E+001  0.121471690471004E+002  0.201799292675745E+001
  0.160747055620328E-002  0.170372110920406E+002  0.267274851573000E+001  0.202277550587285E+002 -0.164777764457628E+001
  0.169365144440213E-002  0.169327611806437E+002  0.189605761307204E+001  0.104613805611522E+002  0.244913694092109E+001
  0.164644528857965E-002  0.168410816819083E+002 -0.546185674438256E+000  0.185174347096408E+002  0.268666710252815E+001
  0.218382599731248E-002  0.162761621023314E+002  0.285188262478734E+001  0.110043160898192E+002 -0.877146369534216E-001
  0.237360443137639E-002  0.161094995547565E+002 -0.254251644614605E+001  0.115853156776518E+002 -0.728076030557077E-001
  0.394529227439655E-002  0.150932727909223E+002 -0.179361557992614E+001  0.106267799153867E+002  0.208729009700961E+001
  0.406052663268658E-002  0.150356935132562E+002  0.136452562263135E+001  0.116506989084233E+002 -0.182273791895792E+001
  0.437499527308437E-002  0.146757869585704E+002  0.606447641623809E+000  0.854158724302783E+001 -0.224821207093065E+001
  0.490972215903685E-002  0.144451631304104E+002  0.120297913208609E+001  0.186888988980294E+002  0.203775251383118E+001
  0.507221746947877E-002  0.143800416519322E+002  0.267261766750921E+001  0.198608786025645E+002  0.302024437857995E+000
  0.470610992303771E-002  0.140272456845630E+002 -0.300342495509817E+000  0.221836170010398E+002 -0.142908149934209E+001
  0.550919473097143E-002  0.137121320494405E+002 -0.203119635110352E+001  0.878484428062998E+001  0.991557905230273E+000
  0.583573172911338E-002  0.135969696581045E+002  0.167501389484890E+000  0.120483718666403E+002 -0.149883378251896E+001
  0.121018147640840E-001  0.109259865298912E+002  0.194340402970298E+001  0.985553893498687E+001  0.414171094924711E-001
  0.135524040965223E-001  0.106995694622393E+002  0.916749787250041E+000  0.215432018921180E+002 -0.592523652707307E+000
  0.136118301755363E-001  0.106908188126578E+002  0.877700350218916E+000  0.113999817332242E+002  0.913197198615919E+000
  0.137095296724007E-001  0.106765149985212E+002 -0.131271901748063E+001  0.886636035361936E+001  0.735908962343785E+000
  0.212389471075611E-001  0.886101686724293E+001 -0.174545768384169E+001  0.204438119838700E+002  0.322170862906972E+000
  0.282413047897302E-001  0.829111888479874E+001  0.154395746515697E+001  0.193817507701261E+002  0.107008976805893E+000
  0.246573110119565E-001  0.798717907163345E+001 -0.141224503710251E+001  0.198936970292317E+002 -0.683967474365978E+000
  0.250437090873264E-001  0.795608064670940E+001 -0.974872118177743E+000  0.191513584403331E+002 -0.878567757140679E+000
  0.355683152513674E-001  0.725441552916504E+001  0.713929536049875E+000  0.202849518129886E+002 -0.107232989875651E+001
