  0.946496922508970E-001  0.818784353490614E-001 -0.999555935716021E+001 -0.346739911242082E-001  0.273438495253245E+000 -0.464051929506040E+001
  0.182184078388978E+000  0.108614163244852E+000 -0.984527655608730E+001  0.813901806838118E-001 -0.262945527017330E+000 -0.466703873135446E+001
 -0.187536836221085E+000  0.149857581189828E+000 -0.100048545481374E+002  0.138884628143614E+000 -0.883360124422978E-001 -0.463706422464651E+001
  0.307917204863635E+000 -0.682466815825578E-001 -0.997032657829389E+001  0.177125996405429E+000  0.680624648767747E-002 -0.466057820109720E+001
 -0.159749088708892E+000  0.708160679979954E-001 -0.101742432538275E+002  0.191468200787781E+000 -0.136524769621083E+000 -0.465278990750708E+001
  0.296830976778679E-001 -0.249630592137429E+000 -0.989541690859605E+001  0.301282693799578E-001  0.748286202534842E-001 -0.463501325444892E+001
 -0.953594627694585E-001  0.242030417099613E+000 -0.100573875206939E+002  0.197509062851822E-001 -0.548594129430739E-001 -0.463187523150338E+001
 -0.356673235173446E-001 -0.712990762276249E-001 -0.102086653386298E+002  0.174217178570871E+000 -0.148336161631391E+000 -0.464581875699337E+001
  0.110617801150717E+000 -0.204902828415939E+000 -0.975164875078159E+001 -0.111182826679496E+000 -0.726690734277540E-001 -0.466146377862032E+001
 -0.159167903830792E+000  0.142040870515075E+000 -0.100778693642431E+002  0.175519260581510E+000  0.679102594151502E-001 -0.463818890730491E+001
  0.159318243520083E+000  0.811343501341497E-001 -0.102444557942583E+002 -0.164619996326991E+000 -0.505707693781972E-001 -0.465538309939471E+001
 -0.194646763649367E+000  0.121463664523340E+000 -0.101181544268970E+002  0.347093208745548E-001  0.925032834240440E-001 -0.463287408972025E+001
  0.176587733442375E+000 -0.166737316616349E+000 -0.100682575212281E+002 -0.263472098204431E+000  0.803840351908676E-001 -0.466445406062574E+001
  0.261168196692125E-001  0.573898024769477E-001 -0.990376921625278E+001 -0.301942662106718E+000 -0.411043030155867E-002 -0.464690382016133E+001
  0.279120062071314E-001  0.421846816534170E-001 -0.978931776888511E+001  0.133054122667005E+000  0.278063978885868E+000 -0.466567696896175E+001
  0.119702775051536E+000 -0.179195681092637E-002 -0.990511781552031E+001 -0.156812702613358E+000 -0.146680286655233E+000 -0.462941262831839E+001
  0.905758920496780E-001  0.105464510786817E+000 -0.997443777127186E+001 -0.241563097099878E+000  0.137478487204277E+000 -0.464330928958242E+001
