  0.432957199101201E-100  0.464736703629524E+003  0.236635695454782E+002  0.298412211459546E+002
  0.983627424841616E-082  0.380182522987460E+003  0.268459413822315E+002  0.242225967107790E+002
  0.275095474848970E-073  0.341264348598619E+003  0.176053445281241E+002  0.293047907878480E+002
  0.359534011589529E-073  0.340709066812830E+003  0.298296972169530E+002  0.652457014921958E+001
  0.135036421053379E-072  0.338042524471316E+003  0.296628903961340E+002  0.803871609389287E+001
  0.141650427867682E-070  0.328716647999161E+003  0.242815340839848E+002  0.249418658405432E+002
  0.286924667499203E-069  0.322679862247758E+003  0.845487635050875E+001  0.293125288125135E+002
  0.309813938905084E-069  0.322506457143083E+003  0.203938160737273E+002  0.275454698145492E+002
  0.584744819545152E-066  0.307400638671507E+003  0.205485229555316E+002  0.269644484309244E+002
  0.724416317532349E-065  0.302347186413457E+003  0.115041343888945E+002  0.290795967926857E+002
  0.296343032326674E-064  0.299509812715797E+003  0.289987774066830E+002  0.340336371351664E+001
  0.641531409742923E-064  0.297945231115087E+003  0.268616913327055E+002  0.201661915687800E+002
  0.101607783071699E-062  0.292400466098558E+003  0.251698342543908E+002  0.224195611568804E+002
  0.264012670275244E-062  0.290470811520422E+003  0.143530825957112E+002  0.285694036316858E+002
  0.166344733612121E-060  0.282164439990692E+003  0.100800762383632E+002  0.283734436094518E+002
  0.671255139652405E-059  0.274749195224705E+003  0.280160661466276E+002  0.919890311470174E+001
  0.263319030641071E-058  0.271995690299680E+003  0.807150450623451E+001  0.276903019850505E+002
  0.794104784567669E-058  0.269768091474511E+003  0.280607657713018E+002  0.108036650947873E+002
  0.837057178400225E-058  0.269642836895547E+003  0.270458114116318E+002  0.177339095521901E+002
  0.133485473715791E-057  0.268689565489562E+003  0.280717418730702E+002  0.299875641481121E+001
  0.207969752247324E-057  0.267782864854983E+003  0.232037066725549E+002  0.234835162098492E+002
  0.117412055247420E-056  0.264301200127037E+003  0.735327307286045E+001  0.273438856004008E+002
  0.113553017104035E-054  0.255137798590267E+003  0.276169912147768E+002  0.392666438336227E+001
  0.277062995660509E-052  0.244123607431424E+003  0.230061565829151E+002  0.226112886868334E+002
  0.542796814541782E-052  0.242758726453941E+003  0.268227138935005E+002  0.844224548284344E+001
  0.435256454320851E-050  0.233970084723941E+003  0.263721817436801E+002  0.161257483614622E+002
  0.201433076497856E-049  0.230885970291999E+003  0.142586559426665E+002  0.266763676199595E+002
  0.418227954320829E-049  0.229404930771324E+003  0.265398516516257E+002  0.575843577474156E+001
  0.110600580254693E-048  0.227440062510916E+003  0.443312364091607E+000  0.265091258776967E+002
  0.147642579743912E-046  0.217632083445807E+003  0.483350330002772E+001  0.262787139472086E+002
  0.316289043477958E-045  0.211483288320421E+003  0.439411999212464E+001  0.261120884584643E+002
  0.103947329797653E-043  0.204478591613653E+003  0.258950979871833E+002  0.400805080812740E+001
  0.590414425307715E-041  0.191774469820980E+003  0.254672880954282E+002  0.118660445325617E+002
  0.626476740854588E-041  0.191635995275237E+003  0.109794931820050E+002  0.254240785159058E+002
  0.694793636284437E-041  0.191409088159234E+003  0.234529513013404E+001  0.254384438304495E+002
  0.157792496075565E-040  0.189748685354279E+003  0.253878992184674E+002  0.116476326320760E+002
  0.184209677495527E-040  0.189419197079523E+003  0.506156687920850E+001  0.252204561938763E+002
  0.234861042897177E-040  0.188913457673789E+003  0.218760615798057E+002  0.209993437670318E+002
  0.235877916423134E-040  0.188884916341176E+003  0.253581019005418E+002  0.122394845453392E+002
  0.354412810631826E-039  0.183445549498337E+003  0.189768537769119E+002  0.231525953824868E+002
  0.380261580231571E-039  0.183284854797680E+003  0.251033310347062E+002  0.109050600545575E+002
  0.710645840277490E-039  0.182014324524316E+003  0.230464052627968E+002  0.190429097811850E+002
  0.323756102470067E-036  0.169751280761842E+003  0.810873873397507E+001  0.240095387907592E+002
  0.161680439580647E-034  0.161909777068642E+003  0.242925313654958E+002  0.113559715934190E+002
  0.101578924459174E-033  0.158214277650392E+003  0.506331018580364E-001  0.237952039169349E+002
  0.198839704953661E-033  0.156851051148312E+003  0.786169400001054E+001  0.233759610401619E+002
  0.164258230274538E-032  0.152608098766741E+003  0.353939393126882E+001  0.239133738229433E+002
  0.484667549300231E-032  0.150424151252610E+003  0.177865053372017E+002  0.223223945926653E+002
  0.457235680997184E-031  0.145915608843389E+003  0.209724352136393E+002  0.194177043667145E+002
  0.813931205832277E-031  0.144742354426863E+003  0.234816791101598E+002  0.141106257841216E+001
  0.208097756974867E-030  0.142845019367094E+003  0.234896918299527E+002  0.233417426352596E+001
  0.221808270734001E-030  0.142697507888138E+003  0.227726876055915E+002  0.796409966446653E+001
  0.132888390526746E-029  0.139097044553289E+003  0.214285281214559E+002  0.183096136892638E+002
  0.171749787222689E-029  0.138564085721037E+003  0.220881017789484E+002  0.171386390328719E+002
  0.178397959484898E-029  0.138468228879347E+003  0.233170030818565E+002  0.120706612774875E+002
  0.177782481745026E-029  0.138455240201357E+003  0.231624025342538E+002  0.101379224623344E+002
  0.437788171580842E-029  0.136632990786638E+003  0.232098821513287E+002  0.127634499535006E+002
  0.356735517756951E-028  0.132417400951475E+003  0.216415478074570E+002  0.173915934304746E+002
  0.504284942024063E-028  0.131705206672017E+003  0.229020766872938E+002  0.135688382542256E+002
  0.517241131774114E-028  0.131634570606203E+003  0.170280062555146E+002  0.217961751001219E+002
  0.635169510866523E-028  0.131203904468521E+003  0.229817833496594E+002  0.253560596342680E+001
  0.182431162977414E-027  0.129073871614449E+003  0.227429455645087E+002  0.138095068676276E+002
  0.776019973053544E-027  0.126158360261505E+003  0.226437999781119E+002  0.142545080134336E+001
  0.870773957763326E-027  0.125908051270829E+003  0.115215500099994E+002  0.227373395107651E+002
  0.134664159695869E-025  0.120411007136762E+003  0.910021505370412E+001  0.220803560654454E+002
  0.195677811411410E-025  0.119643735446361E+003  0.215231743901820E+002  0.762822061694329E+001
  0.452336843737346E-025  0.117947919495762E+003  0.217076652138977E+002  0.664985329681213E+001
  0.221115221608260E-024  0.114754335050860E+003  0.805277041458307E+001  0.214233118902393E+002
  0.892985489379501E-023  0.107337491401062E+003  0.170088284495511E+002  0.204770544327360E+002
  0.182049564888951E-022  0.105893003247156E+003  0.217723784063168E+002  0.307033080724750E+001
  0.366548679380867E-022  0.104473397884904E+003  0.376618887853266E+001  0.216694195988620E+002
  0.456593783000554E-022  0.104014171656558E+003  0.214772170669068E+002  0.495137162402414E+001
  0.531688287408284E-022  0.103689744447756E+003  0.208878520065662E+002  0.157824798808021E+002
  0.754135287124715E-022  0.102970815013825E+003  0.882574826494362E+001  0.210832965923397E+002
  0.297807146341852E-021  0.100203995487586E+003  0.110308348596664E+002  0.214274088332843E+002
  0.306050173902496E-020  0.955243187630263E+002  0.135333258558555E+002  0.210986017318229E+002
  0.393596493060203E-020  0.950012637018849E+002  0.210768908353016E+002  0.134908518898413E+002
  0.515839001200858E-020  0.944404261434020E+002  0.199196402826017E+002  0.166185546255440E+002
  0.669544303330020E-020  0.938989202155362E+002  0.771432343814530E+001  0.200879270423227E+002
  0.158168031652521E-018  0.875545579364662E+002  0.183145710168637E+002  0.181067236470133E+002
  0.573480939767297E-018  0.849585237913711E+002  0.206162138553716E+002  0.125750699795793E+002
  0.987161992224098E-018  0.838524042281847E+002  0.412938825998264E+001  0.204963644741700E+002
  0.158456224940836E-017  0.828860449404772E+002  0.135547208257661E+002  0.203713924161961E+002
  0.307323254046152E-017  0.815413007456263E+002  0.196211216974974E+002  0.661549796455896E+001
  0.443118639167213E-017  0.807895252753413E+002  0.201569038042276E+002  0.100338442341186E+002
  0.548914724816072E-017  0.803414134965425E+002  0.118428593265362E+002  0.203622989181699E+002
  0.204410192388879E-016  0.776919714073248E+002  0.684966117859195E+001  0.192449387259274E+002
  0.303419607859972E-016  0.768820948057856E+002  0.156249483529405E+002  0.193043252348071E+002
  0.576100022920999E-016  0.755798649348677E+002  0.114290503117754E+002  0.200538937340844E+002
  0.803440080960499E-016  0.748947216465062E+002  0.685522204860360E+001  0.190462284495340E+002
  0.310200799601022E-015  0.721730163616481E+002  0.182825096421405E+002  0.167238132742096E+002
  0.351933380314209E-015  0.719006715623801E+002  0.197968434468105E+002  0.111507493186062E+002
  0.407258810832039E-015  0.715887569307143E+002  0.143521291385074E+002  0.194610701871808E+002
  0.115091410442069E-014  0.694911304753535E+002  0.194790750442192E+002  0.477929476194289E+001
  0.144483739869730E-014  0.690163492369676E+002  0.173259057270426E+001  0.195512479413743E+002
  0.312344718802483E-014  0.674545676322992E+002  0.412798391480685E-001  0.189506737467390E+002
  0.318558525520809E-014  0.673952694388322E+002  0.186086022979618E+002  0.834843412141207E+001
  0.470407715963049E-014  0.665957816017190E+002  0.192730295671578E+002  0.118061949870080E+001
  0.146878658577320E-013  0.642986967647881E+002  0.189160140552669E+002  0.546551602428598E+001
  0.191987036344363E-013  0.637431539897664E+002  0.666610706673865E+001  0.183178505969537E+002
  0.289323354919892E-013  0.629030191538901E+002  0.175777276800496E+002  0.166263696320807E+002
  0.311431330860557E-013  0.627358506332707E+002  0.190416083944320E+002  0.136622047840970E+002
  0.623763813878633E-013  0.613267641194257E+002  0.191059063712554E+002  0.366646954462880E+001
  0.131772565096675E-012  0.598110819686957E+002  0.190147057615144E+002  0.346508917382823E+001
  0.162782581053576E-012  0.593685052929465E+002  0.186575760452540E+002  0.515789466553567E+001
  0.338818858826852E-012  0.578825042853046E+002  0.184096040174460E+002  0.468043539792923E+000
  0.886200549105713E-012  0.559396483164840E+002  0.184854487879624E+002  0.101318658434567E+002
  0.151386881766641E-011  0.548487866434403E+002  0.127363676604700E+002  0.186270560736721E+002
  0.399088736852510E-011  0.528901957832708E+002  0.567411799894393E+001  0.179456380438533E+002
  0.486704220722604E-011  0.524733495242928E+002  0.120915729858493E+002  0.184866236829413E+002
  0.151501346141513E-010  0.501824028337844E+002  0.641074586527933E+001  0.173066608054392E+002
  0.162130520709779E-010  0.500268878042682E+002  0.795122279956732E+001  0.168249128170269E+002
  0.172285003808424E-010  0.498854903222535E+002  0.649963339721897E+001  0.172201173636540E+002
  0.185007806208741E-010  0.497230938295083E+002  0.165319619359292E+002  0.755979403485743E+001
  0.284105048948662E-010  0.488453010867584E+002  0.827358624460906E+001  0.169570512891433E+002
  0.298571346751805E-010  0.487260707021847E+002  0.181899971598364E+002  0.285395632522332E+001
  0.319430893477702E-010  0.485711059750557E+002  0.169264968390071E+002  0.673014951966623E+001
  0.331679236217987E-010  0.484759505306709E+002  0.988003312595959E+001  0.177959480567184E+002
  0.339313274011324E-010  0.484105389752397E+002  0.180436393230872E+002  0.177677246629500E+001
  0.393057289050237E-010  0.480965751492723E+002  0.166721261682983E+002  0.801266223306879E+001
  0.788208950116119E-010  0.466850587977264E+002  0.122311516010469E+002  0.180202118423358E+002
  0.121624768962252E-009  0.457976331078647E+002  0.598466718372531E+001  0.171478850210828E+002
  0.127329501807592E-009  0.456860572700464E+002  0.374832653968823E+001  0.178938431902778E+002
  0.250404376722623E-009  0.443135588302841E+002  0.166269099995293E+002  0.846207224707323E+001
  0.516399875597976E-009  0.428460495684326E+002  0.855470739010538E+001  0.165373430702651E+002
  0.899378924696496E-009  0.417165028599934E+002  0.175853165558563E+002  0.116365928971381E+002
  0.128590440453093E-008  0.409815759481158E+002  0.994831623633896E+001  0.171364864035763E+002
  0.198934382067868E-008  0.400889901694726E+002  0.930914973651312E+001  0.167391600616787E+002
  0.257723551760806E-008  0.395512645604654E+002  0.150611308524409E+002  0.164488274136271E+002
  0.271451687702216E-008  0.394275705546697E+002  0.702791475553043E+001  0.658380837456863E+001
  0.284574919607360E-008  0.393132451349254E+002  0.683910354845090E+001  0.823253328524187E+001
  0.324250276579698E-008  0.390323062342820E+002  0.739924802514716E+001  0.615731878849699E+001
  0.383338295003797E-008  0.386776011727466E+002  0.163789401890082E+002  0.601890876575673E+001
  0.383061646301247E-008  0.386591443979701E+002  0.733997986108771E+001  0.151401009613153E+002
  0.412330858865628E-008  0.384919834363770E+002  0.893732871403617E+001  0.163270493112147E+002
  0.434303447525834E-008  0.383682479845548E+002  0.737460970675810E+001  0.893357756688245E+001
  0.611291089957753E-008  0.376646877553795E+002  0.102374216409868E+002  0.169162310945782E+002
  0.864541238005995E-008  0.369515356052937E+002  0.922079325443230E+001  0.753600210789630E+001
  0.119369316537874E-007  0.362864183936806E+002  0.692148754572190E+001  0.875490645763434E+001
  0.188537436443829E-007  0.353523689290146E+002  0.766520826800246E+001  0.556532916457884E+001
  0.246229197408609E-007  0.347985358473845E+002  0.156547179958851E+002  0.632459712107011E+001
  0.277461418005466E-007  0.345397970049771E+002  0.708231041160489E+001  0.255563563715228E+000
  0.361718585996965E-007  0.339895270763718E+002  0.743817971846947E+001  0.806889223195196E+000
  0.385926595702452E-007  0.338400650905622E+002  0.666121522656892E+001  0.616985119871459E+001
  0.418656044211315E-007  0.336573594266068E+002  0.768973756080088E+001  0.524132551523751E+001
  0.521628647040529E-007  0.331976462756079E+002  0.632955681888151E+001  0.154238974559380E+002
  0.520386308692312E-007  0.331825146008725E+002  0.166592397150709E+002  0.404178825579783E+001
  0.564920014896704E-007  0.329983885042098E+002  0.942758627104353E+001  0.159990497697920E+002
  0.573061112530466E-007  0.329498714223274E+002  0.672085671730797E+001  0.473367479267334E-001
  0.574554250751022E-007  0.329247664417844E+002  0.158447956981508E+002  0.578453510790432E+001
  0.597510640923642E-007  0.328265106427830E+002  0.140241517170840E+002  0.767295957548191E+001
  0.599540722921189E-007  0.327998263659200E+002  0.273877139030924E+001  0.167268286272023E+002
  0.845035955195650E-007  0.320934951508603E+002  0.654591719677206E+000  0.702895834947256E+001
  0.108716634641941E-006  0.315696930271177E+002  0.524813923881655E+001  0.798090849259656E+001
  0.114519416131804E-006  0.314457932317744E+002  0.163775186523368E+002  0.106236110390740E+002
  0.131919883781325E-006  0.311429917391669E+002  0.571279857367600E+001  0.833993431327641E+001
  0.145111719578485E-006  0.309324728207956E+002  0.332726152348659E+001  0.165206963631260E+002
  0.172706484684801E-006  0.305643929437223E+002  0.825568351454384E+001  0.951846143138317E+001
  0.172286608738570E-006  0.305493605087897E+002  0.775512734202317E+001  0.104724090730796E+002
  0.176434940107365E-006  0.304818742926270E+002  0.189089222071177E+001  0.749428561326660E+001
  0.189397573034179E-006  0.303201812917794E+002  0.802370571940850E+001  0.965680160484526E+000
  0.208913065797115E-006  0.301041409388570E+002  0.716625436743959E+001  0.456672005635299E+001
  0.258177912598806E-006  0.296607788397989E+002  0.112892404648228E+002  0.163320806334247E+002
  0.257944683153607E-006  0.296426857289574E+002  0.785924661666428E+001  0.447834896998955E+001
  0.328028212144765E-006  0.291420761437114E+002  0.729759607114490E+001  0.223583970637494E+001
  0.338723207140399E-006  0.290580081651418E+002  0.112841181880929E+002  0.770446945799938E+001
  0.354763592298900E-006  0.289455707940331E+002  0.126480515694963E+002  0.729229242930288E+001
  0.368569974413424E-006  0.288493122263106E+002  0.647279974864461E+001  0.947008097377902E+001
  0.388499574693322E-006  0.287240885813963E+002  0.773332810575943E+001  0.113983591336862E+002
  0.413894428750643E-006  0.285775501932457E+002  0.782290749027856E+001  0.110795352400980E+002
  0.458730559852442E-006  0.283519453638620E+002  0.696841201820033E+001  0.449386240660502E+001
  0.587174967657483E-006  0.278383250536495E+002  0.153950510396688E+002  0.566221788405301E+000
  0.748144675620964E-006  0.273338773329493E+002  0.120422988919801E+002  0.787564301344345E+001
  0.743840756771660E-006  0.273255154723443E+002  0.467395675302261E+001  0.675995568928609E+001
  0.104016892109522E-005  0.266349919551394E+002  0.160244853469890E+002  0.322323202850455E+001
  0.106854438528712E-005  0.265612628721720E+002  0.913727041921417E+000  0.856194935532300E+001
  0.123471920560075E-005  0.262522697192289E+002  0.558557742173216E+001  0.602958506254910E+001
  0.130551026162884E-005  0.261208682793449E+002  0.669418846066539E+001  0.155550030583346E+001
  0.131504962298900E-005  0.260864067544398E+002  0.676652412331445E+001  0.107696581458030E+002
  0.152896896958514E-005  0.257650676304763E+002  0.149547188871071E+002  0.145779889100205E+002
  0.215047221376981E-005  0.250629793284192E+002  0.118625326019691E+002  0.682885898286099E+001
  0.228496120655725E-005  0.249217554778521E+002  0.156787134271051E+002  0.109999270573459E+002
  0.241804249475189E-005  0.247886362569221E+002  0.484641015875560E+000  0.158710094086437E+000
  0.249987280990941E-005  0.247021725388828E+002  0.557935786671235E+001  0.232255703994840E+000
  0.269389830644425E-005  0.245327729280419E+002  0.595038310722644E+001  0.966776135413494E+001
  0.297009321224030E-005  0.243176642507279E+002  0.364620411314539E+001  0.156757866350513E+002
  0.295722212488162E-005  0.243064495501067E+002  0.109081338223093E+002  0.155672959915967E+002
  0.306850898717448E-005  0.242126660577606E+002  0.640087407573543E+001  0.149728724979539E+001
  0.309512271842444E-005  0.241754938276555E+002  0.150601469001846E+002  0.141029307331641E+002
  0.316236469944750E-005  0.241126081370222E+002  0.153183267530131E+002  0.103529910173853E+002
  0.314465119899868E-005  0.241039416610596E+002  0.190459493623196E+001  0.155377043826288E+002
  0.312478940811576E-005  0.240967131712903E+002  0.234773999743172E+001  0.156445291810987E+002
  0.310704252923459E-005  0.240882036555806E+002  0.155520891441668E+002  0.109597167409726E+002
  0.333816370712516E-005  0.239248038958794E+002  0.155500543300263E+002  0.129660440162233E+002
  0.408841547354267E-005  0.234994300087836E+002  0.516187147366574E+001  0.909533723202095E+001
  0.409159490742482E-005  0.234779746135773E+002  0.429448925117446E+000  0.554589173426011E+001
  0.411084083278349E-005  0.234486884662482E+002  0.661030878010606E+001  0.283767976974980E+001
  0.502119611670479E-005  0.230287066329181E+002  0.108902914755110E+002  0.637767058685989E+001
  0.550043152264205E-005  0.228264892267294E+002  0.584140545823044E+001  0.991092656929735E+001
  0.559218293320751E-005  0.227735022251208E+002  0.233282914081513E+001  0.154553882793856E+002
  0.563915191767088E-005  0.227368736289703E+002  0.154862236882007E+002  0.255904544867033E+001
  0.123598356265437E-003  0.158408080782053E+002  0.698882632920013E+000  0.378948148488954E+000
  0.362859326988285E-003  0.136868521100326E+002  0.276830449467037E+000  0.138896133619830E+001
  0.833708295440242E-003  0.120231154193944E+002  0.553355573722499E+000  0.146335028782063E+001
  0.164640536022872E-002  0.106621833288263E+002  0.826799743763576E+000  0.149546357893818E+001
