  0.300741849522112E+001  0.301128126032224E+001 -0.183796821686225E+001
  0.299141068728229E+001  0.300607745149665E+001 -0.183793242226417E+001
  0.297827276223611E+001  0.297725765653112E+001 -0.183837170993300E+001
  0.297334106241196E+001  0.299109355338418E+001 -0.183827207828167E+001
  0.300219890110718E+001  0.303063329840409E+001 -0.183834868347794E+001
  0.303094989388282E+001  0.300708236647825E+001 -0.183838109433249E+001
  0.301525872502739E+001  0.301471067794559E+001 -0.183810168277689E+001
  0.302589533199504E+001  0.299455412570426E+001 -0.183822717929233E+001
  0.297982057566923E+001  0.299273472469567E+001 -0.183810706310513E+001
  0.297483158988828E+001  0.298486338938657E+001 -0.183830834933355E+001
  0.297532833531516E+001  0.299983752198650E+001 -0.183818142512806E+001
  0.298488805584877E+001  0.302709726026425E+001 -0.183835838259427E+001
  0.301514102340689E+001  0.298496963309130E+001 -0.183810464766895E+001
  0.302518174393944E+001  0.300268881593177E+001 -0.183819774138882E+001
  0.302912570601551E+001  0.299131168054439E+001 -0.183833896323228E+001
  0.299935479570939E+001  0.302346293875821E+001 -0.183815252930122E+001
  0.298709747177644E+001  0.297119739628676E+001 -0.183837509901696E+001
  0.299256730055779E+001  0.303185487532289E+001 -0.183841205546076E+001
  0.299556165313350E+001  0.298042208343646E+001 -0.183807856327928E+001
  0.299826635661153E+001  0.299755197328366E+001 -0.183788156558645E+001
  0.302682603663495E+001  0.298372905495857E+001 -0.183836925635639E+001
  0.302227014549599E+001  0.301281819321154E+001 -0.183820719913816E+001
  0.296902300626543E+001  0.300365590112768E+001 -0.183836353628629E+001
  0.298719411051140E+001  0.302385661904087E+001 -0.183824363094817E+001
  0.299160733359583E+001  0.299832481637935E+001 -0.183791368795411E+001
  0.300183272398215E+001  0.303249941790824E+001 -0.183840685193013E+001
  0.301744766745423E+001  0.298338464729708E+001 -0.183816731193186E+001
  0.300694865489598E+001  0.299273923204387E+001 -0.183792756768743E+001
  0.301474992635235E+001  0.300167618133691E+001 -0.183798725136498E+001
  0.301438636753010E+001  0.300071438062324E+001 -0.183798080536454E+001
  0.298078666896097E+001  0.300802075994632E+001 -0.183809380874921E+001
  0.300347953204025E+001  0.301820953064147E+001 -0.183804891348405E+001
  0.300728670347223E+001  0.300470394098274E+001 -0.183791467796348E+001
  0.300555216777480E+001  0.301887885557376E+001 -0.183807068528673E+001
  0.297822258855383E+001  0.300004499826727E+001 -0.183811419524642E+001
  0.301098021349589E+001  0.296851827202035E+001 -0.183843289855185E+001
  0.297416378152846E+001  0.300354077118925E+001 -0.183821709003211E+001
