  0.639268463099057E-001  0.867847755162283E+001  0.420031122631847E+001  0.144976476278821E+002
  0.639268463099057E-001  0.994779266493123E+001  0.905960384649322E+001  0.354988898006452E+001
  0.639268463099057E-001  0.100691953533961E+002  0.381966334139557E+001  0.910209358059847E+001
  0.639268463099057E-001  0.922417657360244E+001  0.120636643968712E+002  0.555968940458423E+001
  0.639268463099057E-001  0.824060680797237E+001  0.140051611397829E+002  0.175427852666792E+001
  0.639268463099057E-001  0.658562955723199E+001  0.138066105720573E+002  0.380850119097415E+001
  0.639268463099057E-001  0.625286209544332E+001  0.114664929692001E+002  0.481662288911018E+001
  0.639268463099057E-001  0.621436502342627E+001  0.104626684560304E+002  0.191240488922065E+001
  0.639268463099057E-001  0.593885143667841E+001  0.102492465499828E+002  0.345343155118576E+001
  0.639268463099057E-001  0.580791694012437E+001  0.102559773984306E+002  0.331335041569595E+001
  0.639268463099057E-001  0.469755579058785E+001  0.129921130049322E+002  0.197767228655586E+001
  0.639268463099057E-001  0.430572983392202E+001  0.125998600654222E+002  0.413039113296131E+001
  0.639268463099057E-001  0.430558858493803E+001  0.107450813929648E+002  0.274969168551787E+001
  0.639268463099057E-001  0.423170909710148E+001  0.121055178316006E+002  0.175402188544121E+001
  0.639268463099057E-001  0.349049042329600E+001  0.115310169657334E+002  0.222383525298439E+001
  0.639268463099057E-001  0.292954147386979E+001  0.124473445358720E+002  0.275238998861332E+001
  0.639268463099057E-001  0.291393481750689E+001  0.115102262731767E+002  0.292290984716446E+001
  0.639268463099057E-001  0.269540530329032E+001  0.118886594130085E+002  0.287795511226433E+001
  0.639268463099057E-001  0.269269941854831E+001  0.120904287832376E+002  0.312809539942624E+001
  0.639268463099057E-001  0.268641038614821E+001  0.121244647256182E+002  0.305296504383730E+001
  0.639268463099057E-001  0.268391734555183E+001  0.120657952877259E+002  0.289287995841768E+001
