  0.160080733433857E-037  0.178623195052771E+003  0.296392536419090E+002  0.288174201987161E+002
  0.409056161412247E-029  0.139865879932981E+003  0.268588237336697E+002  0.292120210379938E+002
  0.334600850963374E-028  0.135622932750015E+003  0.110384435750699E+002  0.120598361742006E+002
  0.945704455903862E-028  0.133505343947448E+003  0.285823119157137E+002  0.127966548874574E+002
  0.335539216415544E-025  0.121722610668325E+003  0.139868158611999E+002  0.288092645471809E+002
  0.354983296447663E-023  0.112360001247631E+003  0.271831250844388E+002  0.272664730062078E+002
  0.561373576356447E-022  0.106798594088446E+003  0.914160991154146E+001  0.108178101055785E+002
  0.119642741866671E-020  0.100640401350417E+003  0.150069975116710E+002  0.112322679444540E+002
  0.499952444458767E-020  0.977407904324738E+002  0.266995965482351E+002  0.267003814223043E+002
  0.151235737487770E-019  0.954873613677998E+002  0.119894373519883E+002  0.248329751739137E+002
  0.285162518000101E-019  0.941793171902513E+002  0.125552144070541E+002  0.144508199363587E+002
  0.121553207393608E-018  0.912399560866408E+002  0.281900301994280E+002  0.702520510037795E+001
  0.110034438533187E-017  0.867942980330363E+002  0.113806396258917E+002  0.170259299407775E+002
  0.256433714810951E-017  0.850625391483315E+002  0.160452325458334E+002  0.121602745650977E+002
  0.102434970422887E-016  0.822530478019184E+002  0.167421260844683E+002  0.120201184798753E+002
  0.157276324571249E-016  0.813558902971512E+002  0.285665923936172E+002  0.200911029076429E+002
  0.154767507430721E-016  0.813484455398051E+002  0.258095541727333E+002  0.929574781379398E+001
  0.155340987309210E-015  0.766962729393021E+002  0.146927803943582E+002  0.936934907803009E+001
  0.324767343009326E-015  0.751816948056215E+002  0.278709908582691E+002  0.529523689314953E+001
  0.105805091687262E-014  0.727799401939527E+002  0.101860642025820E+002  0.236303355425814E+002
  0.191304968591713E-014  0.715557945293034E+002  0.433740310146672E+001  0.278616831629429E+002
  0.202720717046238E-014  0.714002684650916E+002  0.102247506050853E+002  0.635293331892989E+001
  0.255101033776189E-014  0.709010023627357E+002  0.255260420207044E+002  0.869234368508743E+001
  0.106909866471514E-013  0.679955740572159E+002  0.238741967583353E+002  0.132899263628534E+002
  0.356028222458326E-013  0.655499210141559E+002  0.105621653425306E+002  0.236557800666982E+001
  0.517697765531516E-013  0.647615525526136E+002  0.273975350585275E+002  0.214411600506119E+002
  0.566152220378570E-013  0.645430045482408E+002  0.177251304091878E+002  0.271698596620888E+002
  0.596992947670259E-013  0.643973146581847E+002  0.332448807196060E+001  0.275053938491161E+002
  0.173456105116817E-012  0.622245006764885E+002  0.127932457522229E+002  0.452515853936923E+001
  0.871609170592407E-012  0.589560623146104E+002  0.164053415205720E+002  0.917036525757565E+001
  0.573139739731228E-011  0.551497100014642E+002  0.674217613323993E+000  0.946369561259668E+001
  0.138773579437563E-010  0.533415063224406E+002  0.222257029456090E+002  0.935819686714385E+001
  0.270691685221297E-010  0.519656274673980E+002  0.172321673656623E+001  0.950955963538419E+001
  0.498774171757714E-010  0.507036763100030E+002  0.194513286584166E+002  0.265147180100092E+002
  0.536523522318987E-010  0.505181571085566E+002  0.243092275401619E+002  0.151022832057502E+002
  0.737808421137712E-010  0.498414042663393E+002  0.228543350402706E+002  0.258080194924976E+002
  0.134962040833290E-009  0.485940101038764E+002  0.186082341659379E+001  0.137282218233817E+002
  0.134439419015683E-009  0.485621646063916E+002  0.165445927138145E+002  0.146463806846230E+002
  0.134034835975261E-009  0.485285872422083E+002  0.146570495054575E+002  0.165329577539226E+002
  0.166196999967111E-009  0.480588337968364E+002  0.267479344549062E+001  0.136760780227180E+002
  0.191346837758858E-009  0.477374008337181E+002  0.189089153723993E+002  0.137882490511820E+002
  0.193097268873929E-009  0.476795828591888E+002  0.262129435333192E+002  0.405727488950871E+001
  0.562041852063466E-009  0.455032130621278E+002  0.195293818970372E+002  0.138909373596024E+002
  0.551360291564324E-009  0.455019834772074E+002  0.237179941506132E+002  0.248700531469609E+002
  0.681897272595867E-009  0.450373971473009E+002  0.236187631756373E+002  0.151029738711171E+002
  0.935158425557357E-009  0.443661180242517E+002  0.786355010572779E+001  0.164291579320367E+002
  0.266311976792253E-008  0.422334375585001E+002  0.126494340474151E+001  0.255912369696481E+002
  0.310699492542080E-008  0.418855168708981E+002  0.808859922583752E+001  0.583382947100097E+001
  0.425399386928373E-008  0.412175070593551E+002  0.584978212469419E+001  0.801349813824023E+001
  0.112131334659764E-007  0.392394469115921E+002  0.748391464764432E+000  0.148805644259688E+002
  0.140371419742081E-007  0.387505994718236E+002  0.147432362756903E+002  0.217764991696071E+002
  0.706134587000635E-007  0.362856976848864E+002  0.250213136751183E+002  0.222801596327453E+002
  0.762640875805865E-007  0.361317348966839E+002  0.254985046315418E+002  0.201587545383367E+002
  0.540234036994954E-006  0.318514911952325E+002  0.250967315508617E+002  0.200428950291771E+002
  0.555143661947813E-006  0.316230194750582E+002  0.165834726630717E+002  0.237519837047787E+002
  0.701884535838452E-006  0.311539355130018E+002  0.248898640271617E+002  0.188294503006206E+002
  0.647710335121627E-006  0.311239658112420E+002  0.177522984126363E+002  0.155056897442155E+002
  0.143018972320073E-005  0.295397282006222E+002  0.216302040010248E+002  0.154164223137913E+002
  0.203933731544226E-005  0.286193715679614E+002  0.152983619833995E+002  0.191993797287958E+002
  0.277365364439426E-005  0.280042904748383E+002  0.242051684689239E+002  0.221089973714188E+002
  0.537634163117923E-004  0.216291478014305E+002  0.211383625882107E+002  0.161973299237197E+002
  0.760683710412242E-004  0.207243481437689E+002  0.162495333554059E+002  0.191137893131985E+002
  0.132708100642449E-003  0.194005882536115E+002  0.198027365066067E+002  0.236726961019979E+002
  0.204788299979300E-003  0.185329386970714E+002  0.174195056016493E+002  0.224496956233371E+002
  0.516297683585838E-003  0.162372381088767E+002  0.192382066932862E+002  0.231279274858231E+002
  0.602172210711390E-003  0.157187971507699E+002  0.227681253985973E+002  0.185224005217058E+002
  0.162945353594681E-002  0.127062328735071E+002  0.217770356655554E+002  0.224233495381460E+002
  0.644472969111376E-002  0.995619689339362E+001  0.208161304132982E+002  0.223694670094907E+002
  0.776730800913694E-002  0.958287499312725E+001  0.195636834729550E+002  0.223909723437413E+002
  0.918817179629912E-002  0.924688831758055E+001  0.207180263919219E+002  0.222484599808014E+002
