  0.120188073246702E+002  0.119814192569968E+002 -0.183822654614524E+001
  0.119773727657016E+002  0.119801501616333E+002 -0.183833007031694E+001
  0.120189176489679E+002  0.119982738812685E+002 -0.183805749487352E+001
  0.119800115112114E+002  0.119858180965930E+002 -0.183817739944349E+001
  0.119888409767934E+002  0.119797017039856E+002 -0.183814533871935E+001
  0.119876426435038E+002  0.120305127645192E+002 -0.183841893293844E+001
  0.120026342110389E+002  0.120188909530249E+002 -0.183805896999634E+001
  0.120138954406333E+002  0.119921688310594E+002 -0.183800427164803E+001
  0.120317960729784E+002  0.119987446573625E+002 -0.183838334948034E+001
  0.120143872600640E+002  0.119932280930102E+002 -0.183800349239756E+001
  0.119745195076258E+002  0.120058620651832E+002 -0.183821887605927E+001
  0.120113026973129E+002  0.120289718625916E+002 -0.183836062630363E+001
  0.120173217113135E+002  0.120118357293450E+002 -0.183809712949532E+001
  0.120196284812646E+002  0.119906801647950E+002 -0.183811313471185E+001
  0.120107963661608E+002  0.120261972141533E+002 -0.183827849418518E+001
  0.119795051841519E+002  0.119976988920587E+002 -0.183808973269655E+001
  0.120231778098563E+002  0.120086437082662E+002 -0.183818302869051E+001
  0.120180332997455E+002  0.120050079554070E+002 -0.183805220616788E+001
