  0.126194503664982E-099  0.464958871613733E+003  0.236635695454782E+002  0.298412211459546E+002
  0.286698950674193E-081  0.380404690971669E+003  0.268459413822315E+002  0.242225967107790E+002
  0.801823759510550E-073  0.341486516582829E+003  0.176053445281241E+002  0.293047907878480E+002
  0.104793767692070E-072  0.340931234797039E+003  0.298296972169530E+002  0.652457014921958E+001
  0.393592118733739E-072  0.338264692455525E+003  0.296628903961340E+002  0.803871609389287E+001
  0.412870036017490E-070  0.328938815983370E+003  0.242815340839848E+002  0.249418658405432E+002
  0.836302435424764E-069  0.322902030231967E+003  0.845487635050875E+001  0.293125288125135E+002
  0.903018042656025E-069  0.322728625127292E+003  0.203938160737273E+002  0.275454698145492E+002
  0.170436205764352E-065  0.307622806655717E+003  0.205485229555316E+002  0.269644484309244E+002
  0.211146408530882E-064  0.302569354397667E+003  0.115041343888945E+002  0.290795967926857E+002
  0.863754245377476E-064  0.299731980700006E+003  0.289987774066830E+002  0.340336371351664E+001
  0.186987854702656E-063  0.298167399099296E+003  0.268616913327055E+002  0.201661915687800E+002
  0.296157305614753E-062  0.292622634082767E+003  0.251698342543908E+002  0.224195611568804E+002
  0.769520589005456E-062  0.290692979504631E+003  0.143530825957112E+002  0.285694036316858E+002
  0.484846796381797E-060  0.282386607974902E+003  0.100800762383632E+002  0.283734436094518E+002
  0.195651462446761E-058  0.274971363208914E+003  0.280160661466276E+002  0.919890311470174E+001
  0.767498830052412E-058  0.272217858283890E+003  0.807150450623451E+001  0.276903019850505E+002
  0.231458581482278E-057  0.269990259458720E+003  0.280607657713018E+002  0.108036650947873E+002
  0.243977962225166E-057  0.269865004879756E+003  0.270458114116318E+002  0.177339095521901E+002
  0.389071555733891E-057  0.268911733473771E+003  0.280717418730702E+002  0.299875641481121E+001
  0.606171688948998E-057  0.268005032839192E+003  0.232037066725549E+002  0.234835162098492E+002
  0.342222188867455E-056  0.264523368111246E+003  0.735327307286045E+001  0.273438856004008E+002
  0.330974208601981E-054  0.255359966574477E+003  0.276169912147768E+002  0.392666438336227E+001
  0.807558513725947E-052  0.244345775415634E+003  0.230061565829151E+002  0.226112886868334E+002
  0.158209575321147E-051  0.242980894438151E+003  0.268227138935005E+002  0.844224548284344E+001
  0.126864670073685E-049  0.234192252708151E+003  0.263721817436801E+002  0.161257483614622E+002
  0.587119169357346E-049  0.231108138276209E+003  0.142586559426665E+002  0.266763676199595E+002
  0.121901354738767E-048  0.229627098755534E+003  0.265398516516257E+002  0.575843577474156E+001
  0.322368708945709E-048  0.227662230495125E+003  0.443312364091607E+000  0.265091258776967E+002
  0.430335425979284E-046  0.217854251430016E+003  0.483350330002772E+001  0.262787139472086E+002
  0.921891100072557E-045  0.211705456304630E+003  0.439411999212464E+001  0.261120884584643E+002
  0.302976407791503E-043  0.204700759597863E+003  0.258950979871833E+002  0.400805080812740E+001
  0.172088731895504E-040  0.191996637805190E+003  0.254672880954282E+002  0.118660445325617E+002
  0.182599854059297E-040  0.191858163259446E+003  0.109794931820050E+002  0.254240785159058E+002
  0.202512253549595E-040  0.191631256143443E+003  0.234529513013404E+001  0.254384438304495E+002
  0.459919497023098E-040  0.189970853338488E+003  0.253878992184674E+002  0.116476326320760E+002
  0.536917941775620E-040  0.189641365063732E+003  0.506156687920850E+001  0.252204561938763E+002
  0.684552025007959E-040  0.189135625657998E+003  0.218760615798057E+002  0.209993437670318E+002
  0.687515917285640E-040  0.189107084325385E+003  0.253581019005418E+002  0.122394845453392E+002
  0.103301085703258E-038  0.183667717482546E+003  0.189768537769119E+002  0.231525953824868E+002
  0.110835254569747E-038  0.183507022781890E+003  0.251033310347062E+002  0.109050600545575E+002
  0.207132712613571E-038  0.182236492508526E+003  0.230464052627968E+002  0.190429097811850E+002
  0.943655417776551E-036  0.169973448746051E+003  0.810873873397507E+001  0.240095387907592E+002
  0.471251728059329E-034  0.162131945052852E+003  0.242925313654958E+002  0.113559715934190E+002
  0.296073191104327E-033  0.158436445634601E+003  0.506331018580364E-001  0.237952039169349E+002
  0.579560241234242E-033  0.157073219132522E+003  0.786169400001054E+001  0.233759610401619E+002
  0.478765242509313E-032  0.152830266750951E+003  0.353939393126882E+001  0.239133738229433E+002
  0.141266575433873E-031  0.150646319236819E+003  0.177865053372017E+002  0.223223945926653E+002
  0.133270979074017E-030  0.146137776827598E+003  0.209724352136393E+002  0.194177043667145E+002
  0.237237409958022E-030  0.144964522411072E+003  0.234816791101598E+002  0.141106257841216E+001
  0.606544785714529E-030  0.143067187351303E+003  0.234896918299527E+002  0.233417426352596E+001
  0.646506968637407E-030  0.142919675872348E+003  0.227726876055915E+002  0.796409966446653E+001
  0.387331230897062E-029  0.139319212537499E+003  0.214285281214559E+002  0.183096136892638E+002
  0.500600964671073E-029  0.138786253705246E+003  0.220881017789484E+002  0.171386390328719E+002
  0.519978464355802E-029  0.138690396863556E+003  0.233170030818565E+002  0.120706612774875E+002
  0.518184524722480E-029  0.138677408185566E+003  0.231624025342538E+002  0.101379224623344E+002
  0.127602592445015E-028  0.136855158770847E+003  0.232098821513287E+002  0.127634499535006E+002
  0.103978087664244E-027  0.132639568935684E+003  0.216415478074570E+002  0.173915934304746E+002
  0.146984478134472E-027  0.131927374656226E+003  0.229020766872938E+002  0.135688382542256E+002
  0.150760832790986E-027  0.131856738590412E+003  0.170280062555146E+002  0.217961751001219E+002
  0.185133545147949E-027  0.131426072452731E+003  0.229817833496594E+002  0.253560596342680E+001
  0.531734086250397E-027  0.129296039598659E+003  0.227429455645087E+002  0.138095068676276E+002
  0.226187381886488E-026  0.126380528245714E+003  0.226437999781119E+002  0.142545080134336E+001
  0.253805428417539E-026  0.126130219255039E+003  0.115215500099994E+002  0.227373395107651E+002
  0.392507084523852E-025  0.120633175120972E+003  0.910021505370412E+001  0.220803560654454E+002
  0.570344235886966E-025  0.119865903430570E+003  0.215231743901820E+002  0.762822061694329E+001
  0.131843109673014E-024  0.118170087479971E+003  0.217076652138977E+002  0.664985329681213E+001
  0.644486930845683E-024  0.114976503035069E+003  0.805277041458307E+001  0.214233118902393E+002
  0.260279447590249E-022  0.107559659385271E+003  0.170088284495511E+002  0.204770544327360E+002
  0.530621838169686E-022  0.106115171231365E+003  0.217723784063168E+002  0.307033080724750E+001
  0.106838340509295E-021  0.104695565869113E+003  0.376618887853266E+001  0.216694195988620E+002
  0.133083884369838E-021  0.104236339640767E+003  0.214772170669068E+002  0.495137162402414E+001
  0.154971760888289E-021  0.103911912431965E+003  0.208878520065662E+002  0.157824798808021E+002
  0.219808628780209E-021  0.103192982998035E+003  0.882574826494362E+001  0.210832965923397E+002
  0.868021714352214E-021  0.100426163471795E+003  0.110308348596664E+002  0.214274088332843E+002
  0.892047756045757E-020  0.957464867472357E+002  0.135333258558555E+002  0.210986017318229E+002
  0.114721996052089E-019  0.952234316860944E+002  0.210768908353016E+002  0.134908518898413E+002
  0.150352152274452E-019  0.946625941276114E+002  0.199196402826017E+002  0.166185546255440E+002
  0.195152803131241E-019  0.941210881997457E+002  0.771432343814530E+001  0.200879270423227E+002
  0.461014074635863E-018  0.877767259206756E+002  0.183145710168637E+002  0.181067236470133E+002
  0.167153110528018E-017  0.851806917755806E+002  0.206162138553716E+002  0.125750699795793E+002
  0.287729174856708E-017  0.840745722123941E+002  0.412938825998264E+001  0.204963644741700E+002
  0.461854074734120E-017  0.831082129246866E+002  0.135547208257661E+002  0.203713924161961E+002
  0.895758416526468E-017  0.817634687298357E+002  0.196211216974974E+002  0.661549796455896E+001
  0.129156269604700E-016  0.810116932595508E+002  0.201569038042276E+002  0.100338442341186E+002
  0.159992769253793E-016  0.805635814807519E+002  0.118428593265362E+002  0.203622989181699E+002
  0.595796601283660E-016  0.779141393915343E+002  0.684966117859195E+001  0.192449387259274E+002
  0.884380416715603E-016  0.771042627899950E+002  0.156249483529405E+002  0.193043252348071E+002
  0.167916497530994E-015  0.758020329190771E+002  0.114290503117754E+002  0.200538937340844E+002
  0.234179550430958E-015  0.751168896307156E+002  0.685522204860360E+001  0.190462284495340E+002
  0.904145629715763E-015  0.723951843458575E+002  0.182825096421405E+002  0.167238132742096E+002
  0.102578403463645E-014  0.721228395465895E+002  0.197968434468105E+002  0.111507493186062E+002
  0.118704166607768E-014  0.718109249149237E+002  0.143521291385074E+002  0.194610701871808E+002
  0.335458180323390E-014  0.697132984595629E+002  0.194790750442192E+002  0.477929476194289E+001
  0.421128321191388E-014  0.692385172211770E+002  0.173259057270426E+001  0.195512479413743E+002
  0.910394534228440E-014  0.676767356165087E+002  0.412798391480685E-001  0.189506737467390E+002
  0.928505983958747E-014  0.676174374230417E+002  0.186086022979618E+002  0.834843412141207E+001
  0.137110246369322E-013  0.668179495859284E+002  0.192730295671578E+002  0.118061949870080E+001
  0.428108816682624E-013  0.645208647489975E+002  0.189160140552669E+002  0.546551602428598E+001
  0.559586693832189E-013  0.639653219739758E+002  0.666610706673865E+001  0.183178505969537E+002
  0.843293915624902E-013  0.631251871380995E+002  0.175777276800496E+002  0.166263696320807E+002
  0.907732272503166E-013  0.629580186174801E+002  0.190416083944320E+002  0.136622047840970E+002
  0.181809114295829E-012  0.615489321036352E+002  0.191059063712554E+002  0.366646954462880E+001
  0.384078922432929E-012  0.600332499529052E+002  0.190147057615144E+002  0.346508917382823E+001
  0.474464151745398E-012  0.595906732771559E+002  0.186575760452540E+002  0.515789466553567E+001
  0.987558996842022E-012  0.581046722695141E+002  0.184096040174460E+002  0.468043539792923E+000
  0.258301833701332E-011  0.561618163006934E+002  0.184854487879624E+002  0.101318658434567E+002
  0.441248983631419E-011  0.550709546276498E+002  0.127363676604700E+002  0.186270560736721E+002
  0.116322826297702E-010  0.531123637674803E+002  0.567411799894393E+001  0.179456380438533E+002
  0.141860206258833E-010  0.526955175085022E+002  0.120915729858493E+002  0.184866236829413E+002
  0.441582614184376E-010  0.504045708179939E+002  0.641074586527933E+001  0.173066608054392E+002
  0.472563584400265E-010  0.502490557884776E+002  0.795122279956732E+001  0.168249128170269E+002
  0.502160966249282E-010  0.501076583064629E+002  0.649963339721897E+001  0.172201173636540E+002
  0.539244256178835E-010  0.499452618137177E+002  0.165319619359292E+002  0.755979403485743E+001
  0.828084062702292E-010  0.490674690709678E+002  0.827358624460906E+001  0.169570512891433E+002
  0.870249137562517E-010  0.489482386863942E+002  0.181899971598364E+002  0.285395632522332E+001
  0.931048684289440E-010  0.487932739592652E+002  0.169264968390071E+002  0.673014951966623E+001
  0.966749061510045E-010  0.486981185148804E+002  0.988003312595959E+001  0.177959480567184E+002
  0.989000074134152E-010  0.486327069594491E+002  0.180436393230872E+002  0.177677246629500E+001
  0.114564833675407E-009  0.483187431334817E+002  0.166721261682983E+002  0.801266223306879E+001
  0.229740116230181E-009  0.469072267819359E+002  0.122311516010469E+002  0.180202118423358E+002
  0.354501031150941E-009  0.460198010920742E+002  0.598466718372531E+001  0.171478850210828E+002
  0.371128677750966E-009  0.459082252542558E+002  0.374832653968823E+001  0.178938431902778E+002
  0.729856348425457E-009  0.445357268144936E+002  0.166269099995293E+002  0.846207224707323E+001
  0.150515630942343E-008  0.430682175526420E+002  0.855470739010538E+001  0.165373430702651E+002
  0.262142949105447E-008  0.419386708442029E+002  0.175853165558563E+002  0.116365928971381E+002
  0.374803949275523E-008  0.412037439323253E+002  0.994831623633896E+001  0.171364864035763E+002
  0.579836197644264E-008  0.403111581536821E+002  0.930914973651312E+001  0.167391600616787E+002
  0.751189627167514E-008  0.397734325446749E+002  0.150611308524409E+002  0.164488274136271E+002
  0.791203173655896E-008  0.396497385388791E+002  0.702791475553043E+001  0.658380837456863E+001
  0.829453599799364E-008  0.395354131191349E+002  0.683910354845090E+001  0.823253328524187E+001
  0.945095792405220E-008  0.392544742184915E+002  0.739924802514716E+001  0.615731878849699E+001
  0.111732027956137E-007  0.388997691569561E+002  0.163789401890082E+002  0.601890876575673E+001
  0.111651392859226E-007  0.388813123821796E+002  0.733997986108771E+001  0.151401009613153E+002
  0.120182521940565E-007  0.387141514205864E+002  0.893732871403617E+001  0.163270493112147E+002
  0.126586896151147E-007  0.385904159687642E+002  0.737460970675810E+001  0.893357756688245E+001
  0.178173675948083E-007  0.378868557395889E+002  0.102374216409868E+002  0.169162310945782E+002
  0.251988770840551E-007  0.371737035895032E+002  0.922079325443230E+001  0.753600210789630E+001
  0.347927039545648E-007  0.365085863778900E+002  0.692148754572190E+001  0.875490645763434E+001
  0.549532107646891E-007  0.355745369132241E+002  0.766520826800246E+001  0.556532916457884E+001
  0.717686908066502E-007  0.350207038315939E+002  0.156547179958851E+002  0.632459712107011E+001
  0.808719799649263E-007  0.347619649891865E+002  0.708231041160489E+001  0.255563563715228E+000
  0.105430507960251E-006  0.342116950605812E+002  0.743817971846947E+001  0.806889223195196E+000
  0.112486442763607E-006  0.340622330747716E+002  0.666121522656892E+001  0.616985119871459E+001
  0.122026130562721E-006  0.338795274108163E+002  0.768973756080088E+001  0.524132551523751E+001
  0.152039666616864E-006  0.334198142598174E+002  0.632955681888151E+001  0.154238974559380E+002
  0.151677560913199E-006  0.334046825850820E+002  0.166592397150709E+002  0.404178825579783E+001
  0.164657848485486E-006  0.332205564884192E+002  0.942758627104353E+001  0.159990497697920E+002
  0.167030743028673E-006  0.331720394065368E+002  0.672085671730797E+001  0.473367479267334E-001
  0.167465949642716E-006  0.331469344259938E+002  0.158447956981508E+002  0.578453510790432E+001
  0.174157073545465E-006  0.330486786269925E+002  0.140241517170840E+002  0.767295957548191E+001
  0.174748783743636E-006  0.330219943501295E+002  0.273877139030924E+001  0.167268286272023E+002
  0.246303544937837E-006  0.323156631350698E+002  0.654591719677206E+000  0.702895834947256E+001
  0.316877552267251E-006  0.317918610113272E+002  0.524813923881655E+001  0.798090849259656E+001
  0.333790982313221E-006  0.316679612159838E+002  0.163775186523368E+002  0.106236110390740E+002
  0.384508313798374E-006  0.313651597233763E+002  0.571279857367600E+001  0.833993431327641E+001
  0.422958700448798E-006  0.311546408050051E+002  0.332726152348659E+001  0.165206963631260E+002
  0.503389461123814E-006  0.307865609279317E+002  0.825568351454384E+001  0.951846143138317E+001
  0.502165644156562E-006  0.307715284929992E+002  0.775512734202317E+001  0.104724090730796E+002
  0.514256830518853E-006  0.307040422768364E+002  0.189089222071177E+001  0.749428561326660E+001
  0.552039157081077E-006  0.305423492759889E+002  0.802370571940850E+001  0.965680160484526E+000
  0.608921175167599E-006  0.303263089230664E+002  0.716625436743959E+001  0.456672005635299E+001
  0.752513957622239E-006  0.298829468240084E+002  0.112892404648228E+002  0.163320806334247E+002
  0.751834161232713E-006  0.298648537131668E+002  0.785924661666428E+001  0.447834896998955E+001
  0.956107382107427E-006  0.293642441279208E+002  0.729759607114490E+001  0.223583970637494E+001
  0.987280199835726E-006  0.292801761493512E+002  0.112841181880929E+002  0.770446945799938E+001
  0.103403328415617E-005  0.291677387782425E+002  0.126480515694963E+002  0.729229242930288E+001
  0.107427489561265E-005  0.290714802105200E+002  0.647279974864461E+001  0.947008097377902E+001
  0.113236391736316E-005  0.289462565656057E+002  0.773332810575943E+001  0.113983591336862E+002
  0.120638257348116E-005  0.287997181774552E+002  0.782290749027856E+001  0.110795352400980E+002
  0.133706693032742E-005  0.285741133480715E+002  0.696841201820033E+001  0.449386240660502E+001
  0.171144523666231E-005  0.280604930378589E+002  0.153950510396688E+002  0.566221788405301E+000
  0.218062538758066E-005  0.275560453171587E+002  0.120422988919801E+002  0.787564301344345E+001
  0.216808070870409E-005  0.275476834565538E+002  0.467395675302261E+001  0.675995568928609E+001
  0.303179161815192E-005  0.268571599393488E+002  0.160244853469890E+002  0.322323202850455E+001
  0.311449789090574E-005  0.267834308563815E+002  0.913727041921417E+000  0.856194935532300E+001
  0.359884943915651E-005  0.264744377034384E+002  0.558557742173216E+001  0.602958506254910E+001
  0.380518489674746E-005  0.263430362635544E+002  0.669418846066539E+001  0.155550030583346E+001
  0.383298937660426E-005  0.263085747386493E+002  0.676652412331445E+001  0.107696581458030E+002
  0.445650241262903E-005  0.259872356146857E+002  0.149547188871071E+002  0.145779889100205E+002
  0.626800464862100E-005  0.252851473126286E+002  0.118625326019691E+002  0.682885898286099E+001
  0.666000117225996E-005  0.251439234620615E+002  0.156787134271051E+002  0.109999270573459E+002
  0.704789464407853E-005  0.250108042411315E+002  0.484641015875560E+000  0.158710094086437E+000
  0.728640634979655E-005  0.249243405230923E+002  0.557935786671235E+001  0.232255703994840E+000
  0.785193456562007E-005  0.247549409122514E+002  0.595038310722644E+001  0.966776135413494E+001
  0.865696284841767E-005  0.245398322349374E+002  0.364620411314539E+001  0.156757866350513E+002
  0.861944735071423E-005  0.245286175343161E+002  0.109081338223093E+002  0.155672959915967E+002
  0.894381637334826E-005  0.244348340419700E+002  0.640087407573543E+001  0.149728724979539E+001
  0.902138770401869E-005  0.243976618118650E+002  0.150601469001846E+002  0.141029307331641E+002
  0.921737863426005E-005  0.243347761212316E+002  0.153183267530131E+002  0.103529910173853E+002
  0.916574890268503E-005  0.243261096452691E+002  0.190459493623196E+001  0.155377043826288E+002
  0.910785752571818E-005  0.243188811554997E+002  0.234773999743172E+001  0.156445291810987E+002
  0.905613050566491E-005  0.243103716397900E+002  0.155520891441668E+002  0.109597167409726E+002
  0.972978190563968E-005  0.241469718800888E+002  0.155500543300263E+002  0.129660440162233E+002
  0.119165488535824E-004  0.237215979929930E+002  0.516187147366574E+001  0.909533723202095E+001
  0.119258159839483E-004  0.237001425977868E+002  0.429448925117446E+000  0.554589173426011E+001
  0.119819122910025E-004  0.236708564504577E+002  0.661030878010606E+001  0.283767976974980E+001
  0.146353346951509E-004  0.232508746171276E+002  0.108902914755110E+002  0.637767058685989E+001
  0.160321673224056E-004  0.230486572109388E+002  0.584140545823044E+001  0.991092656929735E+001
  0.162995961523433E-004  0.229956702093302E+002  0.233282914081513E+001  0.154553882793856E+002
  0.164364971599789E-004  0.229590416131798E+002  0.154862236882007E+002  0.255904544867033E+001
  0.785381337860518E-004  0.202090787702824E+002  0.153061808098547E+002  0.108521931953434E+002
  0.911479697782530E-004  0.198182388591871E+002  0.115297023460442E+002  0.858878566826279E+001
  0.107107236635267E-003  0.190683980252593E+002  0.132685349183523E+002  0.150819523721442E+002
  0.108769204671455E-003  0.190376026153992E+002  0.137150606319614E+002  0.148522592592680E+002
  0.179010431926654E-003  0.178810855320428E+002  0.151144688355664E+002  0.115305507031498E+002
  0.210341752439964E-003  0.175585064971271E+002  0.108376837677669E+002  0.912828595162578E+001
  0.252552642090086E-003  0.171110902881056E+002  0.119167915634842E+002  0.897619721556670E+001
  0.278171326449474E-003  0.169178552970090E+002  0.970555595513245E+001  0.139216126208878E+002
  0.343506792680225E-003  0.164959159363814E+002  0.145905508741610E+002  0.133506203547814E+002
  0.345298058514123E-003  0.163114909915999E+002  0.128944305910298E+002  0.925214657762077E+001
  0.429724604729580E-003  0.157888986275264E+002  0.129928093914642E+002  0.146158060665370E+002
  0.449738253697748E-003  0.156127369873008E+002  0.147632696034918E+002  0.121276374698266E+002
  0.992129253665649E-003  0.137851570636261E+002  0.144123107677967E+002  0.119283965002042E+002
  0.997766793986697E-003  0.137738247019970E+002  0.122169170130335E+002  0.959875345664750E+001
  0.103092059058551E-002  0.137084489346679E+002  0.135801240411499E+002  0.101969830318906E+002
  0.140751471634142E-002  0.128404975778651E+002  0.101845939878289E+002  0.132585753163349E+002
  0.145939403911777E-002  0.127681060354063E+002  0.124162139468841E+002  0.141526925520869E+002
  0.148029513768552E-002  0.127396656806390E+002  0.128177002676688E+002  0.997262603565321E+001
  0.177963769759057E-002  0.122862098164870E+002  0.114812799991407E+002  0.998596111865625E+001
  0.220099500850783E-002  0.115405250527262E+002  0.102078474957563E+002  0.126065704347363E+002
  0.221347404522595E-002  0.115292176272518E+002  0.115194085140728E+002  0.101731276210522E+002
  0.223737019761075E-002  0.115077418076651E+002  0.102033144843506E+002  0.114353087537777E+002
  0.225778019161294E-002  0.114895798931645E+002  0.101278423998573E+002  0.118456657799305E+002
  0.231012258586058E-002  0.113586237121181E+002  0.101780274785835E+002  0.122797375222852E+002
  0.230520848087345E-002  0.112777634252918E+002  0.124599426252100E+002  0.137622228703520E+002
  0.226729079605966E-002  0.112258151620094E+002  0.109160507157358E+002  0.105542882897549E+002
  0.249543157162954E-002  0.107888584137616E+002  0.114246911563852E+002  0.104197812220414E+002
  0.259919860530576E-002  0.107073754538805E+002  0.106005175837552E+002  0.111122851479847E+002
  0.269653265110053E-002  0.106338483026168E+002  0.136104390317179E+002  0.122820419573776E+002
  0.288476418631814E-002  0.104988954739045E+002  0.129029695637404E+002  0.106874625038314E+002
  0.311826766993660E-002  0.103432265641993E+002  0.110402652128648E+002  0.132088626640553E+002
  0.320739784852266E-002  0.102868618528401E+002  0.127321662959009E+002  0.106620883414916E+002
  0.320912584318331E-002  0.102857846373349E+002  0.123478634604552E+002  0.105154162575983E+002
  0.311134970435010E-002  0.102450819615140E+002  0.112885274236716E+002  0.106665450991382E+002
  0.294546920817603E-002  0.101544920294208E+002  0.113575580364952E+002  0.133345312251625E+002
  0.286006550298869E-002  0.101157589018011E+002  0.108786128605683E+002  0.110526547496803E+002
  0.307597725421622E-002  0.969067875843966E+001  0.125329521909256E+002  0.107975633244896E+002
  0.303778786534985E-002  0.954164216917276E+001  0.130470656132205E+002  0.113039331865627E+002
  0.293398770717261E-002  0.952605710980346E+001  0.107510951787960E+002  0.119257901936248E+002
  0.298457431122273E-002  0.949186783492017E+001  0.130478554717854E+002  0.113419118728054E+002
  0.295421020796245E-002  0.942341588046688E+001  0.114948752355866E+002  0.130988530797282E+002
  0.297971860863241E-002  0.931731730052454E+001  0.130939201747516E+002  0.116001635462080E+002
  0.303780125460780E-002  0.927870707493436E+001  0.131459062691416E+002  0.120694199917980E+002
  0.308620215543128E-002  0.924709252124700E+001  0.116771864990900E+002  0.109127570635492E+002
  0.301327139085039E-002  0.919734205225456E+001  0.123254648762783E+002  0.130633098817131E+002
  0.275583022177838E-002  0.909643333003509E+001  0.109773702120683E+002  0.122997914022364E+002
  0.267935925008985E-002  0.906381194084487E+001  0.112577478268914E+002  0.112569745022239E+002
  0.247727840404407E-002  0.904662346746731E+001  0.111649818533723E+002  0.126233629763265E+002
  0.249099179983605E-002  0.903558265844897E+001  0.129269766133490E+002  0.115357691794614E+002
  0.239357340823439E-002  0.902646622360647E+001  0.121484585984733E+002  0.130215867589837E+002
  0.234924144544928E-002  0.897495252312611E+001  0.122204289991640E+002  0.129826376837057E+002
  0.220353122185722E-002  0.892899239408092E+001  0.111795729282567E+002  0.125432357241719E+002
  0.221976286419034E-002  0.891431399840974E+001  0.115034873258712E+002  0.128408343480283E+002
  0.229247337713855E-002  0.884985211879200E+001  0.128628362939205E+002  0.116197646956548E+002
  0.220226583846269E-002  0.883710119777743E+001  0.128729235741248E+002  0.123381107355580E+002
  0.221722879953172E-002  0.882355845638510E+001  0.113845295410141E+002  0.126956779488281E+002
  0.200020245279451E-002  0.875005402321426E+001  0.111135216706172E+002  0.119414898920368E+002
  0.192738220716187E-002  0.873532187600275E+001  0.123219777462862E+002  0.111809362388164E+002
  0.187644269360371E-002  0.869998817630635E+001  0.115176140002918E+002  0.127116917602282E+002
  0.189599344442699E-002  0.867925788410693E+001  0.112181010327753E+002  0.116727308032448E+002
  0.189639489148859E-002  0.867883446010333E+001  0.128412900327338E+002  0.121013843129434E+002
  0.182011431752212E-002  0.866336482637744E+001  0.116578076287647E+002  0.112348317535138E+002
  0.173779084590364E-002  0.865835376437361E+001  0.119679100198836E+002  0.128345880633790E+002
  0.172169316608345E-002  0.857938638056616E+001  0.114059567491408E+002  0.125154728263058E+002
  0.174377926256748E-002  0.855389329588777E+001  0.127349544646250E+002  0.122301053428332E+002
  0.166545912929518E-002  0.854321452530777E+001  0.114199919174955E+002  0.124960024067705E+002
  0.160368801775628E-002  0.851621763827140E+001  0.127345485793670E+002  0.118740267456712E+002
  0.152557124584130E-002  0.851350517054548E+001  0.112834031135245E+002  0.121980083604903E+002
  0.150720500456119E-002  0.843514254594128E+001  0.113113624499728E+002  0.120115805275673E+002
  0.143902200011808E-002  0.842514241517686E+001  0.113229412144141E+002  0.119228828551964E+002
  0.137254968750275E-002  0.841714306706391E+001  0.115527303506437E+002  0.125062668918797E+002
  0.130785077450792E-002  0.841112635063900E+001  0.113375270363708E+002  0.118929058307642E+002
  0.130842062629163E-002  0.841025510801096E+001  0.115909330358910E+002  0.125311615242754E+002
  0.132692740924774E-002  0.838216456825529E+001  0.122384409651743E+002  0.126037579915554E+002
  0.965006174668149E-003  0.832945725566104E+001  0.125160498478797E+002  0.123199422575237E+002
  0.968292755800544E-003  0.832265730507580E+001  0.114102097831681E+002  0.118816021824944E+002
  0.906205444676722E-003  0.828117142062726E+001  0.122551862025688E+002  0.125052372320313E+002
  0.909481265388033E-003  0.827395470367386E+001  0.125199132754732E+002  0.122070220462789E+002
  0.911223657372873E-003  0.827012675221404E+001  0.117785449133875E+002  0.114898062771727E+002
  0.872672579651258E-003  0.826354260320038E+001  0.121366978769097E+002  0.114670182633207E+002
  0.872997597365091E-003  0.826279786293531E+001  0.121192129456179E+002  0.114635306397218E+002
  0.126136034045176E-002  0.755891230467858E+001  0.117890649292055E+002  0.124846038447894E+002
  0.126257976090393E-002  0.755697973813885E+001  0.116725489384290E+002  0.124125260309509E+002
  0.126281378657129E-002  0.755660906218101E+001  0.114887753958268E+002  0.121252224103991E+002
  0.116983749624033E-002  0.753554140428843E+001  0.115085285797860E+002  0.118799190556399E+002
  0.117075402837735E-002  0.753397507855542E+001  0.115234121072389E+002  0.118348902037245E+002
  0.107556148738378E-002  0.751296506066854E+001  0.116304128508409E+002  0.116888849318304E+002
  0.107623710972842E-002  0.751170913947267E+001  0.119310178585824E+002  0.124768362291555E+002
  0.109535399029306E-002  0.747649555913860E+001  0.115574790976784E+002  0.120330604891713E+002
  0.111110933951896E-002  0.744793289635451E+001  0.118660939948360E+002  0.123878456702513E+002
  0.880497669904155E-003  0.741055787700387E+001  0.117148488118911E+002  0.117771348777374E+002
  0.181508770125891E-002  0.527050509246492E+001  0.118762189390051E+002  0.122348384646761E+002
  0.508569250151373E-003  0.521651447303048E+001  0.119540815311621E+002  0.121198821518725E+002
  0.463059363392366E-003  0.521338637508902E+001  0.119374331494515E+002  0.120971469371055E+002
  0.463238048907310E-003  0.521261476322964E+001  0.119448985330422E+002  0.120976952130672E+002
  0.321092289334398E-003  0.521019016086833E+001  0.119796611990069E+002  0.120987028729572E+002
  0.296578758228280E-003  0.520893630143161E+001  0.119766721491636E+002  0.120914214192325E+002
  0.254309884330597E-003  0.520815348000817E+001  0.119166427358919E+002  0.119657829046221E+002
  0.206723156646493E-003  0.520722085009005E+001  0.119169365735582E+002  0.120169434460876E+002
  0.182410617978132E-003  0.520713496835714E+001  0.119187689420773E+002  0.120224108606131E+002
  0.171710814622091E-003  0.520678279883837E+001  0.119383830979896E+002  0.119456684317130E+002
  0.171738148459549E-003  0.520646445357658E+001  0.120620289938234E+002  0.120508194902508E+002
  0.171740353841239E-003  0.520643877066862E+001  0.119218038787157E+002  0.120170264609427E+002
  0.171817020431173E-003  0.520554615014061E+001  0.119385469341450E+002  0.119583414603576E+002
  0.159553623912507E-003  0.520543022590606E+001  0.120105091018121E+002  0.120727017728304E+002
  0.138312289348779E-003  0.520496048062452E+001  0.120700773514237E+002  0.120039253699803E+002
  0.138312581386111E-003  0.520495625776009E+001  0.119298526118467E+002  0.119988317607801E+002
  0.138313325095928E-003  0.520494550374466E+001  0.119353939992854E+002  0.120271538487851E+002
  0.118570545401410E-003  0.520467110400017E+001  0.120551973020674E+002  0.120398763705991E+002
  0.118577894376618E-003  0.520454714830024E+001  0.120651837913620E+002  0.119837523930555E+002
  0.203319398212983E-003  0.367984394239933E+001  0.120170563637760E+002  0.120616351363703E+002
  0.174332043899005E-003  0.367917529029545E+001  0.119790217813833E+002  0.120545991924888E+002
  0.174385107379215E-003  0.367856661956703E+001  0.119925813964542E+002  0.120525114375139E+002
  0.174396176971476E-003  0.367843966788974E+001  0.119891769696262E+002  0.120506793556053E+002
  0.174415342653960E-003  0.367821988521141E+001  0.120418785710260E+002  0.120266821603612E+002
  0.174435942707630E-003  0.367798368079355E+001  0.120177099920612E+002  0.120437710424374E+002
  0.174518154369839E-003  0.367704130281985E+001  0.120294302060699E+002  0.120205190879876E+002
