  0.988131291682493E-323  0.150155410181229E+004 -0.300986472450423E+002  0.377386525890072E+002  0.163574065195802E+002
  0.469362363549184E-321  0.149327414772933E+004 -0.288577362778157E+002 -0.448762403517912E+002 -0.531760082168492E+001
  0.826849788988763E-312  0.145067303515910E+004  0.309884114224442E+002  0.218614374625282E+002  0.289586672609715E+002
  0.149457423356696E-311  0.144946259749206E+004  0.473484364448212E+002  0.201127040601022E+002  0.168405393261582E+002
  0.107941745165952E-308  0.143627143622797E+004  0.342125374077265E+002  0.343828693207529E+002 -0.675063166587369E+001
  0.212490252026088E-308  0.143489033691545E+004  0.104284514690090E+002 -0.535750909305714E+002  0.136180032959071E+002
  0.121297985836322E-303  0.141295928733900E+004  0.359337307188136E+002 -0.336602378196393E+002 -0.355849835382155E+001
  0.165986361758559E-301  0.140309514568172E+004  0.322251259959014E+002  0.374816455237411E+002 -0.675481146308001E+001
  0.219231184823844E-291  0.135646051099917E+004 -0.255060116480732E+002 -0.387267931297167E+002  0.184881071982454E+002
  0.301969136294705E-287  0.133737294379578E+004 -0.393786521333650E+002  0.307585929835502E+002 -0.153256349023636E+001
  0.650906922838239E-285  0.132660002928658E+004  0.333320029976375E+002 -0.103748393597995E+002 -0.320596232277520E+002
  0.166643456396361E-276  0.128785202739495E+004  0.420255070611961E+002  0.967347253500559E+001 -0.263771113485943E+002
  0.178513695565976E-276  0.128768791937005E+004 -0.408833675161285E+002  0.570050416036722E+000  0.289455856905510E+002
  0.310932066303799E-276  0.128655161066083E+004 -0.223871861431079E+002 -0.247663353092250E+002 -0.273723686016427E+002
  0.436768844666802E-275  0.128124029073418E+004 -0.301057986553105E+002 -0.343784140469330E+002 -0.124395094535332E+002
  0.353930172054827E-273  0.127242406882067E+004 -0.525599677984412E+001 -0.251277892455505E+002  0.347147272582280E+002
  0.459382346360552E-273  0.127187601192252E+004 -0.485598113098374E+002 -0.830228551590202E+001  0.193360868060460E+002
  0.388204783414547E-272  0.126758105102148E+004 -0.127660746209558E+002 -0.519080489258758E+002  0.854890703113993E+001
  0.358065267529903E-270  0.125850585561875E+004 -0.878240016137462E+001  0.541008780722647E+002 -0.225929759311848E+001
  0.203617078367693E-269  0.125500314321566E+004 -0.873046534103149E+001  0.212974673650313E+002 -0.366795616506274E+002
  0.714874825745534E-267  0.124325457979947E+004 -0.270994308497251E+000  0.513842017879035E+002 -0.156464701421720E+002
  0.102600362606215E-262  0.122408477039918E+004 -0.264619326848903E+002  0.425931282706700E+002  0.212559183491692E-001
  0.299099261596058E-254  0.118507705039782E+004 -0.482963074492983E+002  0.117485668734274E+002 -0.152632309634201E+002
  0.522161782093390E-254  0.118393615600359E+004  0.386776322078155E+002 -0.106058519876545E+002 -0.266307552018079E+002
  0.409005438168092E-253  0.117979299339418E+004 -0.405426118749073E+002 -0.637158565325360E+001  0.265291536786201E+002
  0.337618716278066E-249  0.116172944470035E+004 -0.395103440200043E+002 -0.150331002902703E+002 -0.232740375627779E+002
  0.541719942627497E-249  0.116075729033388E+004  0.290976329925404E+002  0.231090257962691E+002  0.230339379808097E+002
  0.332603341115908E-242  0.112947020566791E+004  0.920543987832215E+001  0.143141941394070E+002  0.387477466307078E+002
  0.822953205919780E-242  0.112763181775647E+004  0.130281965527983E+002  0.172322006245264E+002 -0.354469680288968E+002
  0.305211943692079E-236  0.110195809200404E+004 -0.172717366568510E+002  0.451356624563185E+002 -0.125874018618594E+002
  0.280108374509726E-233  0.108828775069762E+004  0.177411937314079E+001  0.498832434277109E+002 -0.133690321742876E+002
  0.993492289328553E-232  0.108112399061666E+004 -0.237409743453583E+002  0.324507860060046E+002  0.186833365187236E+002
  0.246909096594079E-229  0.107006640172907E+004  0.123652731302839E+002 -0.489503896465133E+002 -0.810187443417271E+001
  0.456770044894776E-229  0.106880959159294E+004  0.141804862693932E+002  0.385341626322723E+002 -0.226010447582955E+002
  0.849865434932105E-228  0.106293613506368E+004 -0.107620693092329E+002 -0.809719434356214E+001  0.394643589935200E+002
  0.143585934780858E-227  0.106186076306518E+004 -0.443365081950118E+002  0.127890390685052E+002  0.171065665617930E+002
  0.144129878233847E-225  0.105261636999841E+004  0.129819004002412E+002  0.408430468951831E+002 -0.208866712525313E+002
  0.295308112095973E-225  0.105115527067729E+004 -0.497732140743296E+002 -0.115290448980837E+002  0.428848761090671E+001
  0.353527729947376E-217  0.101392753340154E+004 -0.372817189378179E+002  0.185421884641934E+002 -0.189223671564536E+002
  0.120145257254472E-215  0.100684922345281E+004 -0.446647777028859E+002 -0.113074788480876E+002 -0.160386375453024E+002
  0.307718380695559E-215  0.100494176594242E+004 -0.184800425210658E+002  0.307933793278084E+002 -0.230983065383061E+002
  0.150349868611331E-213  0.997137375078471E+003 -0.437371952861801E+001 -0.276553841257734E+002  0.300998680119998E+002
  0.224058953572504E-209  0.977892315546477E+003 -0.394782837422954E+001 -0.174480048993622E+002  0.353864747374548E+002
  0.547301160147286E-206  0.962264134504827E+003  0.391252651113050E+002  0.218475986777506E+002 -0.102844449939008E+002
  0.802532389130351E-206  0.961472098058198E+003 -0.426959554395702E+001  0.410757876532184E+002  0.220375324080343E+002
  0.720255393403620E-203  0.947846429751338E+003  0.562035270541331E+001  0.352141413622443E+002  0.259111361332774E+002
  0.323101210443330E-200  0.935607709225891E+003 -0.441465418190269E+002 -0.135833982129340E+002  0.124355349014923E+002
  0.177511359805579E-199  0.932173910613190E+003  0.483553517156496E+002  0.365625543462387E+001 -0.100687011963448E+002
  0.409342972798910E-195  0.912055701889393E+003 -0.751490382591295E+001 -0.240919542801920E+002 -0.287304166422102E+002
  0.382961702966529E-191  0.893741767445977E+003 -0.300718576149055E+002 -0.412368518588266E+001 -0.276024216330429E+002
  0.740082608942764E-191  0.892397623348982E+003 -0.341195434631067E+002  0.260590536011586E+002 -0.748898553783725E+000
  0.163602550161886E-190  0.890784606313174E+003 -0.247245286966219E+002  0.320056846378701E+002  0.110428633654773E+002
  0.428055706577458E-189  0.884229319012020E+003  0.382337012529258E+002  0.221695981677164E+002 -0.684612171981714E+001
  0.263363870474797E-183  0.857543240900129E+003 -0.209621274296810E+002  0.235672219824229E+002 -0.197991512378576E+002
  0.154114813376977E-179  0.840167747198384E+003 -0.232942099896560E+002 -0.171144688085644E+002  0.228694095470917E+002
  0.591085787829682E-178  0.832847559963097E+003  0.108403712708296E+002 -0.300445838163321E+002  0.245161019438214E+002
  0.273070255915379E-177  0.829760363431992E+003  0.302912911704262E+002 -0.236002170932564E+002  0.123886419965290E+002
  0.268294643155693E-171  0.802138138499354E+003  0.327591082565744E+002 -0.114075771739187E+002  0.222667798728724E+002
  0.770510787715493E-171  0.800001712317386E+003 -0.302872492308838E+002 -0.199463119893469E+002  0.168201623503520E+002
  0.185043144629808E-170  0.798222980964873E+003  0.361243940976293E+002 -0.211108456644945E+002  0.889708374517193E+001
  0.976493768019603E-170  0.794869731798900E+003  0.342912061427365E+001  0.398146441463606E+002  0.194187988519954E+002
  0.133961977490955E-167  0.785000555504878E+003 -0.376263573773933E+002 -0.621091581988689E+001 -0.205508056697801E+002
  0.586169277090903E-167  0.782021959837379E+003  0.217859348169801E+002  0.219427113791782E+002 -0.170383391361249E+002
  0.438841335557020E-165  0.773364070394489E+003  0.444697888017234E+002  0.118966834863602E+002  0.443412181930134E+001
  0.331999444880108E-159  0.746264568081976E+003 -0.179121210922620E+002  0.130830858071904E+001  0.302560564425860E+002
  0.164149101650822E-156  0.733831283321848E+003  0.455410471705118E+002  0.718544088727207E+000  0.822003011172028E+001
  0.406940133942489E-152  0.713568330299647E+003 -0.196467917347851E+002 -0.233161098127557E+002  0.174119019187701E+002
  0.349806607581377E-148  0.695423730365333E+003  0.182261515914213E+002 -0.101580410060983E+002  0.257049144964175E+002
  0.146925327524643E-147  0.692526981666469E+003  0.893632535130475E+001 -0.421096284076769E+002  0.105086826218151E+002
  0.380013563371540E-147  0.690599926286020E+003 -0.186220929443187E+002 -0.316816125612757E+002  0.139268272236327E+002
  0.686508949107820E-145  0.680180270828940E+003  0.102364212290545E+002 -0.194290044449418E+001 -0.336266818872770E+002
  0.322040551924519E-144  0.677062493760852E+003  0.153474810976007E+002  0.386686895023536E+002 -0.892167909498248E+001
  0.389489447015200E-143  0.672050514529355E+003  0.201463350294261E+002 -0.385348202585843E+001 -0.254383962294953E+002
  0.790380493734498E-141  0.661398328312126E+003 -0.163035481763825E+001  0.384733214269295E+002 -0.174377657636399E+002
  0.487257796377410E-138  0.648523769556892E+003  0.134818940567446E+002  0.288671807993297E+002  0.193580581350791E+002
  0.233818577516232E-135  0.636150264213716E+003  0.174050166607191E+002  0.132958486086776E+002  0.219597272928505E+002
  0.132230231934925E-134  0.632658605414820E+003  0.361510514689071E+002  0.187578603235719E+002  0.255809027096348E+001
  0.735303255139170E-133  0.624595467932227E+003 -0.385576826530482E+002 -0.130757701178545E+001  0.162818037308133E+002
  0.375109530978426E-131  0.616704766987180E+003 -0.358352583870590E+001 -0.357165171620783E+002 -0.185324905432082E+002
  0.164069005725289E-130  0.613726968267667E+003  0.433233422407831E+001  0.334231675276903E+002  0.200343562375137E+002
  0.290925011814820E-130  0.612554920940845E+003  0.305261448937518E+001 -0.621164580806031E+000  0.342785837349123E+002
  0.297234788331991E-127  0.598670006295390E+003 -0.313097034901870E+002 -0.213113867002022E+002 -0.178449378350928E+001
  0.204477969264093E-126  0.594786469895264E+003  0.175892618451345E+002  0.224655566524311E+002 -0.163071878606248E+002
  0.104155776605926E-125  0.591503954474695E+003 -0.386575987224472E+002  0.120091470225971E+001  0.151180281834048E+002
  0.736675926068549E-123  0.578354602759961E+003  0.125622180162770E+002 -0.203230634111871E+002  0.201752303380490E+002
  0.618827670424121E-118  0.555650903858772E+003 -0.342715059141375E+002 -0.166820828830683E+002 -0.776415747994874E+001
  0.309631834826960E-117  0.552404128963014E+003  0.137902957227818E+002  0.157774270843083E+002 -0.199951826061393E+002
  0.727317547967023E-116  0.546064509898883E+003  0.169904604874518E+002 -0.341591800924959E+002  0.659586152985231E+001
  0.242677206564503E-115  0.543628111223773E+003 -0.208556564078437E+002  0.119321895761503E+002 -0.196753099885058E+002
  0.802861822825493E-114  0.536603549722830E+003 -0.225022761681154E+002  0.229696610034602E+002  0.283397472025335E+001
  0.229577598140814E-113  0.534475772148033E+003  0.214896630755159E+002 -0.216321037548963E+002  0.753113500405601E+001
  0.273136455205017E-113  0.534101820863308E+003  0.529933997613064E+000 -0.355069199122430E+001 -0.325346973597258E+002
  0.297090456112975E-113  0.533907200105320E+003 -0.259685843173956E+002  0.989366172135254E+001 -0.196722562758927E+002
  0.963100673934590E-113  0.531528467072113E+003  0.396853125233074E+002  0.709894321116543E+000  0.114066645376365E+002
  0.339503893194970E-112  0.528982151500528E+003 -0.118898275465200E+002  0.393192988942612E+002 -0.988863255581670E+000
  0.377561461079039E-112  0.528743165143285E+003  0.186612162393438E+000 -0.423693900484427E+002  0.386234874063202E+001
  0.595951579672334E-112  0.527803822579060E+003  0.689168654540623E+001  0.295516226109490E+002 -0.193823113308612E+002
  0.138561267349892E-111  0.526089855600080E+003  0.906732837205369E+001  0.386363360302565E+001 -0.303849148898026E+002
  0.919551682187558E-109  0.513067877458699E+003  0.109746209985509E+002  0.305720966466605E+001 -0.292322138182954E+002
  0.608659203982745E-105  0.495445961736444E+003 -0.173996052757574E+002  0.864625155264932E+001  0.202258934778722E+002
  0.427480494857188E-104  0.491521000797822E+003  0.287730408724517E+002 -0.473419031361914E+001  0.194612744858101E+002
  0.654302936184196E-104  0.490643186768093E+003 -0.239021191273087E+002 -0.149275334217204E+002  0.154655878296721E+002
  0.716537927414376E-102  0.481224634481086E+003  0.180826544627723E+002  0.317018698958796E+002 -0.197673743589588E+001
  0.344494275311591E-101  0.478057681256034E+003  0.207767239701642E+002 -0.133557409440699E+002 -0.169019990786474E+002
  0.149248806268863E-099  0.470493775868339E+003 -0.361438866232222E+001  0.621798854400478E+001  0.301336930745985E+002
  0.183119705103923E-098  0.465453064606445E+003 -0.131167906998112E+002  0.153659658591214E+002  0.166248953999271E+002
  0.657208927279315E-095  0.449055339785711E+003  0.139980197189273E+002 -0.341774989165207E+002 -0.622160076634503E+001
  0.443839318583654E-093  0.440603587696294E+003  0.831487057811918E+001  0.305937753113346E+002  0.156792043008526E+002
  0.159633793532869E-092  0.438017087457447E+003 -0.128092539422939E+002  0.156888815020131E+002 -0.155549328720152E+002
  0.528638978380864E-092  0.435595750330310E+003  0.192558982052114E+002 -0.243715429699236E+002 -0.568284740182704E+001
  0.887837724553488E-092  0.434532293386161E+003 -0.407506160485644E+001  0.931199603326490E+001  0.278272797719882E+002
  0.364093146575516E-090  0.427078221063858E+003 -0.175849875389018E+002 -0.126589112672546E+002 -0.157352124006599E+002
  0.980279855491909E-090  0.425070873879077E+003  0.112159674650674E+002 -0.355666157003776E+002 -0.659942658326330E+001
  0.155520386934333E-089  0.424121335777617E+003 -0.234347878963770E+002 -0.163522941069098E+002  0.114684372612461E+002
  0.298329907740843E-089  0.422791999087326E+003  0.686895153501122E+001  0.390062850873440E+002 -0.984702475419006E+000
  0.392794685682889E-088  0.417610164247918E+003 -0.916622236720036E+001  0.156078711369054E+002 -0.187512226703601E+002
  0.249103886570812E-086  0.409284167467381E+003  0.140625823707450E+002  0.633262806703947E+000  0.240615052764821E+002
  0.368554345651689E-086  0.408474240705519E+003 -0.170692199573963E+002 -0.212692939807366E+002  0.101046460319748E+002
  0.138742407764883E-085  0.405796518358954E+003 -0.207387470278526E+002 -0.107792921042209E+002  0.166029106125754E+002
  0.266721211935021E-085  0.404462858044410E+003  0.319859860276862E+002  0.871231623699349E+001 -0.130955546146254E+002
  0.153357147813169E-082  0.391727725957464E+003 -0.318651882680150E+002 -0.608494944600432E+001  0.141604177710650E+002
  0.261115857808940E-081  0.386031675902178E+003 -0.100670832858589E+002 -0.347683326127064E+002 -0.729252149449888E+001
  0.465738437339123E-081  0.384847865499081E+003  0.249043867258378E+002  0.155004097176457E+002 -0.103504184851202E+002
  0.152020416130842E-080  0.382455423569195E+003 -0.889526347080847E+001  0.186526249194779E+001 -0.269248194991771E+002
  0.116056860466059E-079  0.378363632091779E+003 -0.344449009555249E+002  0.124787903778876E+002 -0.766333524708436E+000
  0.166972460420231E-079  0.377609644350851E+003 -0.252739053263207E+001 -0.896716818719980E-001 -0.289159432311841E+002
  0.207315793744321E-079  0.377150325270852E+003  0.907667106102306E+001  0.731204039362281E+001 -0.250962724171354E+002
  0.262675150449431E-079  0.376650485027494E+003  0.285753612055742E+002 -0.977178149473176E+001 -0.139364615139619E+002
  0.514669419333013E-076  0.361463270634002E+003  0.449052674896416E+001  0.146698282145017E+001 -0.280484184748112E+002
  0.102602782166784E-074  0.355451759291211E+003  0.187366041663347E+002 -0.183734703347414E+002 -0.169457604498944E+001
  0.106350139477092E-073  0.350748355043459E+003  0.348250514286457E+001 -0.371097021335275E+002 -0.569891338457096E+001
  0.148880746151276E-073  0.350049047048063E+003 -0.153263197818011E+002  0.583337890898673E+001 -0.182294390688390E+002
  0.201547815052927E-073  0.349416794545163E+003  0.156877544805413E+002 -0.218387693063042E+002 -0.930210133416679E+001
  0.670837679802123E-070  0.333169792431644E+003  0.242652860167599E+001  0.349772983392468E+002 -0.946368288371833E+001
  0.219856599761866E-068  0.326164064976668E+003 -0.795967165661075E+001 -0.789897640979540E+001  0.236752649576748E+002
  0.179081044879980E-067  0.321942678430170E+003  0.324784982750572E+002  0.580110814981393E+001  0.109167720207589E+002
  0.266193101442751E-067  0.321123420931434E+003  0.951497871684776E+001  0.190212742876405E+002  0.147047510967997E+002
  0.570477759033930E-066  0.314967255906313E+003  0.288028750723278E+002 -0.149689835931018E+002  0.720030988744824E-001
  0.126313618880623E-065  0.313351007927506E+003 -0.509730376077579E+001  0.234435729247518E+002  0.161897904773132E+002
  0.415906518250078E-065  0.310941132141799E+003 -0.331816209525435E+000  0.702902964579550E+000 -0.272318300089334E+002
  0.708284654531842E-065  0.309849870592197E+003  0.166283650779583E+002 -0.219968994680084E+002 -0.399483990048363E+001
  0.179654096349415E-063  0.303356665271084E+003 -0.273403539029194E+002  0.599388340610358E+001 -0.141473757091028E+002
  0.433316242512489E-063  0.301569305820555E+003 -0.178524277863293E+002 -0.117147925671354E+002  0.120962755592831E+002
  0.204275465328279E-062  0.298441642001926E+003 -0.122051042854370E+002  0.152570368302742E+002  0.106643247980163E+002
  0.181993680445500E-061  0.294040976241580E+003  0.611644683859794E+001  0.149019153210239E+002  0.148514334679974E+002
  0.513759988694186E-060  0.287333747112716E+003 -0.348457155523788E+001  0.727761180461215E+001 -0.244508436604929E+002
  0.400424867995509E-058  0.278595376397123E+003  0.113794746681558E+002 -0.102146504089131E+002  0.156002551358945E+002
  0.615579235629480E-058  0.277708810908211E+003  0.176997598251551E+002  0.141600929028512E+002 -0.764908379600871E+001
  0.397762964060460E-057  0.273950565090569E+003  0.160462623839751E+002  0.153501669757538E+002 -0.304794433707494E+001
  0.126900457962188E-056  0.271603811004320E+003 -0.132503280538123E+002 -0.247365623583192E+002  0.775864694298726E+001
  0.300680419623224E-056  0.269852030574155E+003 -0.145886070714041E+002  0.108038518743331E+002  0.108951792510784E+002
  0.422446738601860E-056  0.269145509311694E+003  0.801793619589633E+001  0.166640946835700E+002 -0.134286615936997E+002
  0.548855025709522E-056  0.268595476937151E+003 -0.156898454636911E+002 -0.127798661026084E+002 -0.856119692386222E+001
  0.334163139704919E-054  0.260351056153541E+003 -0.318228348627115E+002 -0.910106350017850E+001  0.493368858135673E+001
  0.738609976873327E-054  0.258738284311670E+003 -0.141911706663980E+002 -0.215530485150014E+002 -0.644484349138006E+001
  0.865625829533941E-054  0.258394428383094E+003  0.221218247300761E+002 -0.115739816363792E+002  0.103215427707385E+002
  0.126698470163897E-053  0.257606053213413E+003 -0.391460838766638E+001 -0.953122152773926E+001  0.217489028621093E+002
  0.156729288306638E-053  0.257154142707933E+003 -0.299185699164060E+002  0.674857592472408E+001 -0.999158868243838E+001
  0.976273636946688E-053  0.253469206506285E+003 -0.152996341439702E+002  0.145929661595281E+002  0.226223756326958E+001
  0.101950710744130E-052  0.253356052755494E+003  0.223235487481872E+002 -0.152700813844696E+002  0.117507292176425E+001
  0.161961650800529E-052  0.252403822071470E+003  0.806551867887045E+001  0.118243535337308E+002  0.158425081866529E+002
  0.262885071961797E-052  0.251408616889617E+003  0.429467611475089E+001 -0.281976737216384E+002  0.123434811703207E+002
  0.302658491765301E-052  0.251100350172016E+003  0.200996400301461E+002  0.662104974361185E+000 -0.154029557854598E+002
  0.746964825369627E-051  0.244661863500161E+003 -0.252866935081498E+002 -0.135191374161787E+002  0.453262249288657E+001
  0.172381993820028E-050  0.242962813235853E+003 -0.444047425951737E+001 -0.595506533151665E+001 -0.232053476430301E+002
  0.239281770657726E-049  0.237675294785047E+003  0.554073532467868E+000 -0.343939254130251E+002  0.409661035484592E+001
  0.451631148903043E-049  0.236378356351139E+003 -0.104562467109999E+002  0.128737431163499E+002 -0.102657620010308E+002
  0.144054580846805E-048  0.234032042797690E+003 -0.329423015122814E+002  0.648733041065285E+001 -0.332301465470778E+001
  0.474687627493185E-048  0.231620622944281E+003 -0.274282860198896E+002  0.629003733462777E+001  0.111119587818476E+002
  0.508876228157800E-047  0.226849866586947E+003 -0.131845152475755E+002  0.140475246073594E+002 -0.482031949061816E+001
  0.107425656326441E-045  0.220723847323529E+003 -0.530480417227769E+001 -0.156183681894327E+002  0.126486098829716E+002
  0.175081495582154E-045  0.219720451839434E+003  0.195833472887010E+001 -0.185277730166675E+000 -0.242284945437434E+002
  0.171277700254471E-044  0.215132721874331E+003 -0.635672554876365E+000 -0.216460085683505E+002 -0.140932006996183E+002
  0.176485682527353E-044  0.215046324347060E+003 -0.248312702821066E+001 -0.180213405097510E+002  0.138406762486511E+002
  0.209014464555228E-044  0.214681506486139E+003  0.368841953149824E+001 -0.146373364138795E+002 -0.128927771369938E+002
  0.442142590344772E-043  0.208551387897302E+003  0.134788208986401E+002 -0.128300776902307E+001  0.135515935108099E+002
  0.833835263082384E-043  0.207256090595952E+003 -0.242634255132228E+002  0.752004008274281E+001  0.109145452737432E+002
  0.316730428451592E-042  0.204560399612274E+003 -0.945088227470153E+001  0.762153918656274E+001  0.166145575936105E+002
  0.806078124063774E-041  0.198060479698255E+003 -0.153928985028652E+002  0.127163728403669E+002  0.132925194965895E+001
  0.526752012972006E-040  0.194279720642281E+003 -0.325137248455389E+002  0.216759741940785E+001 -0.442571355255809E+001
  0.891745917102145E-040  0.193200327445712E+003  0.529587684312094E+001 -0.177512887267943E+002  0.121118256843245E+002
  0.797650760380906E-038  0.184186517395601E+003  0.961549609065443E+001 -0.256294698770994E+002 -0.682911627654245E+001
  0.521484012729753E-037  0.180404841236854E+003  0.243805578055790E+001  0.163552871415688E+002 -0.121563071661396E+002
  0.337517433921581E-036  0.176643303502586E+003 -0.107839045551931E+002 -0.172894465357520E+002  0.629306076994715E+001
  0.599863964298805E-036  0.175466641572488E+003 -0.248560499516721E+002 -0.886755449829084E+001 -0.773633670083531E+001
  0.664249857187072E-036  0.175236240186388E+003 -0.126240874285396E+002 -0.201926806505430E+002 -0.155901855004338E+001
  0.116593828229210E-033  0.164874163231453E+003  0.127506003497777E+002 -0.105944114767517E+002 -0.562723860336737E+001
  0.177215452029089E-033  0.164010332989833E+003  0.123872270615415E+002  0.117080156365686E+002  0.279912515193908E+001
  0.631319295760983E-033  0.161442951507151E+003 -0.117187477122479E+002 -0.219610722126798E+002 -0.262051659601419E+001
  0.167301327594009E-032  0.159467321280976E+003 -0.198803098639494E+002  0.646875527534604E+001  0.102081932108227E+002
  0.674139748761192E-032  0.156653549050627E+003 -0.905944148491611E+001  0.389048936851792E+001  0.167855117268304E+002
  0.416322324247854E-031  0.152985843718433E+003  0.267475580499316E+002 -0.908481374519474E+001  0.339432926892082E+001
  0.472898024029950E-031  0.152704513278767E+003 -0.291772139960543E+001 -0.273922234042541E+002 -0.872613638124831E+001
  0.815436840766885E-031  0.151588334426560E+003  0.109594391067015E+002 -0.224899037596783E+002 -0.344650780502485E+001
  0.116870060866806E-030  0.150841996274736E+003  0.288316545271007E+002 -0.266214940454262E+000  0.770532361965755E+001
  0.132602876713040E-030  0.150562913730371E+003  0.517878020362372E+001 -0.180642321330864E+002  0.103244835216028E+002
  0.312349475877687E-030  0.148822895469359E+003 -0.819955580484111E+001  0.186453419208464E+002  0.814580195258485E+001
  0.493693613370024E-030  0.147880820149892E+003 -0.234340419563378E+001 -0.878857082668608E+001  0.171936991624335E+002
  0.564080264845521E-030  0.147587766804385E+003  0.126370816923551E+001 -0.482261015123257E+001 -0.204562061803561E+002
  0.108267916317801E-029  0.146257281550959E+003 -0.290700883364663E+002 -0.500001346886610E+001 -0.505862158303136E+001
  0.458929577286879E-029  0.143342215277454E+003  0.237749482367751E+001 -0.120593804363579E+002  0.109566293286477E+002
  0.616124519525893E-029  0.142726620197367E+003  0.179922225349446E+002 -0.924744335618652E+001  0.630707928535870E+001
  0.650252870813605E-029  0.142592305275738E+003  0.255223472244474E+002 -0.985597268856235E+001  0.124691485683068E+001
  0.948380879687915E-029  0.141811025073975E+003 -0.212285198711848E+002  0.110820039510350E+002 -0.202236503105118E+001
  0.110926938729229E-028  0.141471133271363E+003 -0.231423917997848E+002 -0.783221883617571E+001  0.754001744293465E+001
  0.201386085295659E-028  0.140251938591754E+003  0.477456238517142E+001  0.102052917688714E+002  0.104040800595563E+002
  0.276834404724123E-028  0.139589056893178E+003 -0.626087511722965E+000  0.212642349809200E+002  0.111444061808316E+002
  0.557140104946072E-028  0.138163771974345E+003 -0.897779890847852E+001 -0.134502143426210E+002 -0.567960632303068E+001
  0.741518766754794E-028  0.137565514066395E+003 -0.702810087424105E+001 -0.277820680064348E+002  0.376958056030213E+001
  0.785567987602105E-027  0.132818440353314E+003 -0.298772600211175E+001  0.105498728342099E+002 -0.105761410057520E+002
  0.216358558190746E-026  0.130765719682199E+003 -0.102076016067140E+002  0.341262138297583E+001  0.112343750554501E+002
  0.240386733637454E-026  0.130528605241584E+003  0.577009247322989E+001 -0.160036698444424E+002 -0.823790500038513E+001
  0.263513947800327E-026  0.130318400222470E+003 -0.579701904394334E+001 -0.288446971913627E+002 -0.225461968172593E+001
  0.489548206573345E-026  0.129053156491039E+003 -0.302722920748607E+001 -0.929788148108770E+001 -0.144763207737521E+002
  0.910427220620851E-026  0.127785803989183E+003 -0.666345711172572E+001 -0.221015346858138E+002 -0.809732691467947E+001
  0.978947148905410E-026  0.127614186148191E+003 -0.228386635358546E+002 -0.765190246586248E+001  0.689953418868437E+001
  0.201508574657870E-025  0.126143816952071E+003  0.346777039931486E+001 -0.259385109520394E+002 -0.809020895723406E+001
  0.273814633325882E-025  0.125504087654327E+003  0.265897967590364E+002 -0.841940075693145E+000  0.824431993116225E+001
  0.416836602604060E-025  0.124637111304837E+003 -0.262470174115339E+002  0.739680900098716E+001 -0.418307413958218E+001
  0.471282721933274E-025  0.124365093115170E+003  0.359974848558313E+001 -0.143245291947192E+002 -0.890543028113753E+001
  0.207789106428056E-024  0.121371301513428E+003 -0.252604615189511E+002 -0.646501007656932E+001  0.620495759215292E+001
  0.686985663846113E-024  0.118953231519330E+003  0.710278502600620E+001 -0.270039696917868E+002  0.245908373987148E+001
  0.148379434662236E-023  0.117386652246950E+003 -0.612529810689566E+001  0.278655852728717E+002  0.214451662462422E+001
  0.332647163985632E-023  0.115745542553561E+003  0.874352522673333E+001 -0.411599464436335E+001 -0.129923076613389E+002
  0.839551886505266E-023  0.113867480259231E+003 -0.500232629512806E+001 -0.196085647585507E+002  0.867698094025502E+001
  0.260820171731467E-022  0.111573893836520E+003 -0.296811659935113E+001  0.151260786870893E+002 -0.813063038167007E+001
  0.324210033856189E-022  0.111112282611515E+003 -0.577973823134171E+001  0.366739645322043E+001  0.171313476800030E+002
  0.331666767142472E-022  0.111040313771970E+003  0.284059062832328E+002  0.478597276098802E+001  0.201854550358794E+001
  0.490735547971162E-022  0.110230274053613E+003  0.917191091370725E+001  0.275693610777844E+001  0.122593440268702E+002
  0.330279484291962E-021  0.106390545745605E+003 -0.328356935450635E+001  0.278228003458765E+001 -0.186294057581262E+002
  0.113924147261439E-020  0.103887697838289E+003 -0.616427142507120E+001 -0.648826915502951E+001  0.132234805564373E+002
  0.201484560753150E-020  0.102720847575101E+003 -0.700490420451410E+001 -0.573148851201088E+001 -0.127205168602429E+002
  0.335852907297250E-020  0.101672436058938E+003 -0.206495013548325E+002  0.262042670408866E+001 -0.899905305168294E+001
  0.383183134893578E-020  0.101382266114079E+003 -0.244580945127612E+002  0.197728723390256E+001  0.801230319655400E+001
  0.511202951302799E-020  0.100779268375697E+003  0.154050114881668E+002  0.775346895538055E+001 -0.248648682990662E+001
  0.102897705383259E-019  0.993536704026527E+002  0.890424776369186E+001 -0.220102121509506E+002  0.162052373111542E+001
  0.135304703678047E-019  0.987795920366167E+002 -0.188772653573360E+002  0.474533768561535E+000 -0.915930589896253E+001
  0.141656461067742E-019  0.986613505055915E+002  0.223771539599677E+002 -0.302292207125438E+001 -0.839472689233072E+001
  0.373940418598705E-019  0.966934767760426E+002  0.772177276694291E+001 -0.114347084423855E+001  0.147285499288486E+002
  0.557261259837390E-019  0.958691109185893E+002  0.477023127959468E+001 -0.276942799628478E+002  0.714890341647852E+000
  0.884247801441387E-019  0.949192141379136E+002 -0.750221299575778E+001  0.833385529832832E+001  0.473914263391072E+001
  0.117293690317677E-018  0.943276662554233E+002  0.836010945492033E+001 -0.103617357247932E+002 -0.330217978252778E+001
  0.188521286925600E-018  0.933521158713833E+002 -0.170816131278013E+002  0.645789477872944E+001 -0.545249822134219E+001
  0.480869984870718E-018  0.914528534111950E+002 -0.195215365804269E+002  0.750998945194279E+001 -0.462849786523983E+001
  0.984793359555984E-018  0.899926931575604E+002  0.613889640136082E+001 -0.154878862919073E+002  0.430832167624428E+001
  0.105674337278492E-017  0.898251720316632E+002  0.811203875468536E+001  0.130858544899916E+002 -0.104714337125744E+001
  0.104601163814615E-017  0.898190963725866E+002  0.822170092817835E+001 -0.186337524144781E+002 -0.263725342823356E+001
  0.171381912912018E-017  0.888051263249047E+002 -0.101636098973529E+000  0.174839028810389E+002  0.831041873829318E+001
  0.216903075674550E-017  0.883075236256292E+002 -0.403989394021284E+001 -0.805413832960932E+001 -0.740286278363234E+001
  0.302273118002416E-017  0.876172724220332E+002  0.591939848110697E+001 -0.256277722007224E+002 -0.273955872179703E+001
  0.401087125310645E-017  0.870250865667774E+002 -0.719519558921384E+000  0.854880151163404E+001  0.101561377098480E+002
  0.770584173241034E-017  0.856926556733887E+002 -0.273703354823450E+001 -0.127080909444731E+002  0.758066978277047E+001
  0.171893535165490E-016  0.840615422142671E+002 -0.371073688685639E+001  0.706981328719192E+001  0.126284447767703E+002
  0.273913885464695E-016  0.831031748271766E+002  0.503742157461380E+001  0.528421675429756E+001  0.594951645673619E+001
  0.307819959641820E-016  0.828432817835213E+002  0.274984429124127E+002 -0.382400645536478E+000  0.361516435429967E+001
  0.498215225346088E-016  0.818537571347618E+002  0.683340729886628E+001  0.382867338394279E+001  0.126643141389760E+002
  0.511254342467631E-016  0.817755966051152E+002  0.106843542619747E+002 -0.640761599214073E+000 -0.821557595739574E+001
  0.605915190564490E-016  0.814093605004816E+002  0.876291239228291E+001 -0.803308562622456E+001 -0.139601967211378E+001
  0.153929079785118E-015  0.795181959634864E+002  0.476374539044073E+001 -0.234577636083292E+002 -0.560961714709223E+001
  0.226235716258680E-015  0.787215345648597E+002 -0.625605727299997E+001  0.475442354446294E+000 -0.150947271191791E+002
  0.317919190309873E-015  0.780146045434888E+002 -0.624185272643270E+001 -0.248660003075023E+002 -0.140532130913078E+001
  0.574018373102082E-015  0.768063857445253E+002  0.350469822672535E+001  0.704706771761190E+001 -0.112088509242259E+002
  0.666207286010063E-015  0.764820163756761E+002  0.152346477555852E+002  0.332174190394264E+001 -0.543334797459404E+001
  0.683140206705009E-015  0.764053274085482E+002  0.209540821465770E+001 -0.199462912925036E+002  0.765576352082067E+001
  0.168097466527913E-014  0.745779790692670E+002  0.285040572954897E+001 -0.140844065289824E+002 -0.603075522742769E+001
  0.204069421479308E-014  0.741636560792809E+002 -0.894184848650473E+001  0.746176960081706E+001 -0.199122437566879E+001
  0.283866745547358E-014  0.734770762559678E+002  0.266851758129120E+002  0.247579074830586E+001 -0.304219799923083E+001
  0.380893746488199E-014  0.728625547356811E+002  0.705595197723167E+001 -0.660623945918023E+001  0.267841423669325E+001
  0.452578316242380E-014  0.724911835479626E+002 -0.377946746053395E+001 -0.232038408530436E+002 -0.587717797421457E+001
  0.468584716201834E-014  0.723951809205915E+002 -0.581387022926952E+001 -0.467971989584535E+001  0.118147516259065E+002
  0.125088864783258E-013  0.704049052944693E+002 -0.949842990460859E+000  0.252335519663907E+001  0.448881116888934E+000
  0.164942534762524E-013  0.698252693687955E+002  0.529777083329380E+001  0.505933689789195E+001  0.116616292034694E+002
  0.212603021641334E-013  0.692911198362263E+002  0.155034422283362E+001 -0.131809379791223E+001 -0.171936909341696E+002
  0.298196357434660E-013  0.685879783657795E+002 -0.126729154797856E+001  0.316962391239674E+001 -0.165980635524115E+002
  0.379345272854515E-013  0.680800986853710E+002  0.140979103858148E+002 -0.459894849264329E+001  0.409098417347843E+001
  0.413168330802362E-013  0.678827916518247E+002  0.374595291715679E+001 -0.592070339457337E+001 -0.767730595121441E+001
  0.495051292607365E-013  0.674946886221816E+002  0.312553867586291E+001  0.193786310857846E+002 -0.662862015579484E+001
  0.820950900356311E-013  0.664565943199756E+002 -0.233390166584435E+000  0.272378410097949E+001  0.240444235777495E+000
  0.817243113959870E-013  0.664391572330374E+002  0.811614799612322E+000 -0.219610855863310E+002  0.696660533277641E+001
  0.900691826740700E-013  0.662182136901260E+002  0.519210857011582E+001  0.145658441181092E+002  0.224458507160678E+001
  0.933639044853599E-013  0.661198697615993E+002  0.708600073862077E+001  0.185136434485058E+002  0.546091004496169E+000
  0.199596809033184E-012  0.645737901720683E+002  0.633418974632676E+001  0.207710263575998E+002  0.323362902556551E+001
  0.208982901370875E-012  0.644553935984611E+002  0.570090813969369E+001  0.950376279825925E+001  0.427876109526343E+001
  0.212025701468010E-012  0.643999930176250E+002  0.177594164942719E+001 -0.718502056927539E+001  0.631832788915071E+001
  0.225550359208955E-012  0.642498306525632E+002  0.114819425378801E+002  0.110555219190209E+001  0.688697605683811E+001
  0.283297725248239E-012  0.637674303573040E+002 -0.138799852407851E+001  0.304569418460153E+001  0.278440471687503E+000
  0.527298492300054E-012  0.624984030839533E+002  0.388365666005222E+001  0.321262282524693E+001  0.117014730902635E+001
  0.596274924727604E-012  0.622260425173378E+002  0.233725365257820E+002 -0.316775401855762E+001  0.523606553310901E+001
  0.770798014542058E-012  0.616861030300592E+002 -0.455625033231191E+001  0.419880122377059E+000 -0.474291099554485E+001
  0.814124365781439E-012  0.615502390222565E+002 -0.159555278099674E+001 -0.197192837639608E+002  0.674719620506401E+001
  0.130546432340129E-011  0.605793467247588E+002 -0.760815160314849E+001 -0.640815843574443E+001 -0.626844169118556E+000
  0.143354323383013E-011  0.603656755019536E+002  0.189837334129274E+002 -0.249396996808104E+001  0.630174574334441E+001
  0.160710944878992E-011  0.601106089955684E+002  0.628543214266757E+001  0.113708555814523E+002 -0.230731762871670E+001
  0.176354592274478E-011  0.598983399039111E+002 -0.421533070052968E+001 -0.167996875952361E+002  0.429957386505319E+001
  0.192893318586879E-011  0.596925682791744E+002  0.649562915224439E+001  0.112810139080206E+001 -0.572181964015245E+001
  0.725499233088753E-011  0.570166323604752E+002  0.215666277411641E+002  0.252865256223489E+001 -0.589637464804344E+001
  0.119902883830996E-010  0.559853275240503E+002  0.508755340243884E+001  0.151742384291359E+001  0.137945435393255E+002
  0.151510436117647E-010  0.554908922822913E+002  0.151824358306506E+002 -0.119787737306724E+001  0.421250305269048E+001
  0.374139257313880E-010  0.536564546967350E+002  0.188369224424571E+002  0.847010406622289E+000  0.617942445155248E+001
  0.400931627883578E-010  0.534916385734989E+002  0.636041244961000E+001 -0.471086583241282E+001 -0.215680137522651E+001
  0.411421470914724E-010  0.534134936060103E+002 -0.588253988164221E+001  0.110040089653544E+002  0.209766347012177E+001
  0.408436328062313E-010  0.534015674149852E+002 -0.139153248056491E+001 -0.248114699281155E+002 -0.386186092329261E+001
  0.412723238166098E-010  0.533541945448335E+002  0.102017320381523E+001 -0.243798201387231E+002 -0.444180420786221E+001
  0.522916675512488E-010  0.528544143147184E+002 -0.244874018000300E+001 -0.511446880815017E+001  0.127017221443946E+002
  0.631605507543388E-010  0.524502381188152E+002  0.333352661572401E+001  0.306427322804751E+000 -0.472335803304102E+001
  0.627191473768766E-010  0.524377739203246E+002  0.241531463004326E+002 -0.130299396167803E+001 -0.448222761055867E+001
  0.661243100606447E-010  0.523055441179696E+002 -0.250969075906296E+001  0.235551867396717E+002 -0.446840592912084E+001
  0.708266348726058E-010  0.521416563195461E+002 -0.369579791861204E+001  0.381937931649902E+001  0.132394572987654E+002
  0.700289572879890E-010  0.521378184593828E+002 -0.240251705603523E+002  0.468113718880073E+001 -0.788532135413156E+000
  0.196975145147988E-009  0.502889568953961E+002  0.111168536373403E+001  0.153597711746363E+001 -0.158592351182114E+002
  0.222314072678069E-009  0.499962941397390E+002 -0.180359378069710E+000 -0.163702966636019E+001 -0.409063050449712E+001
  0.229867893712249E-009  0.498294460088269E+002 -0.221530673944710E+001  0.409766006942823E+001  0.139708680842857E+002
  0.244401469052649E-009  0.496574458448649E+002  0.785530555242504E+001 -0.341539220147610E+001 -0.458580167581417E+001
  0.475677269140684E-009  0.482280107562434E+002 -0.660011442139805E+000 -0.113362216120727E+002 -0.580031523146074E+001
  0.638088867852713E-009  0.476405348628926E+002  0.319265980894939E+001 -0.740577465475640E+001 -0.428418048099113E+001
  0.120980829124346E-008  0.463116703895126E+002 -0.139877756490102E+001  0.560228561785688E+001 -0.107786121613448E+002
  0.130727112809838E-008  0.461073252720600E+002  0.316192430805251E+001 -0.242626478429144E+002 -0.236138574525671E+001
  0.166880977347231E-008  0.455696024356174E+002  0.674603159142072E+001  0.445266014131840E+001  0.167088570109295E+001
  0.173330647685356E-008  0.454937620739332E+002  0.227919493112325E+002  0.889920528951293E-001  0.503265445469493E+001
  0.196438931645029E-008  0.452434609261126E+002  0.130146171889998E+002 -0.447576485126326E+000  0.485715644724675E+001
  0.312914806395408E-008  0.442603512195532E+002 -0.158826338461218E+000 -0.736000419564836E+001 -0.499022012493135E+001
  0.462882961270144E-008  0.433252928671050E+002 -0.142765716223865E+001 -0.122527796094670E+002 -0.488352549433129E+001
  0.799778037123198E-008  0.420869315501912E+002 -0.483390169005430E+001 -0.213085458694827E+002 -0.215517587146365E+001
  0.849567060719184E-008  0.418731062312782E+002  0.556483672715217E+001 -0.211161003562387E+001  0.231954421391582E+001
  0.886681830091730E-008  0.417416085244839E+002  0.494660174029202E+001 -0.382791568961061E+000  0.192223684711187E+001
  0.985908262322494E-008  0.415294543335546E+002  0.983111688390733E+001  0.456631434751515E+001  0.287862040476486E+001
  0.113128341231434E-007  0.412073038981498E+002  0.245609638897692E+002  0.137522970374677E+001 -0.248000098481863E+001
  0.133230149218485E-007  0.408331326220360E+002  0.412333612730296E+001  0.198054617652588E-002 -0.133864401971907E+002
  0.157921145847839E-007  0.404460361201034E+002  0.306388720733020E+001 -0.121687874052315E+002 -0.374055367829013E+001
  0.198576477718015E-007  0.399878791749657E+002  0.226709298084869E+001 -0.356544605585893E+001  0.687389821945764E+001
  0.287083594289455E-007  0.392024857947134E+002  0.898970930085015E+001  0.477639418434272E+001 -0.173338005702717E+001
  0.289698836013341E-007  0.391361538031283E+002 -0.178578400284830E+001 -0.148537297242918E+002 -0.664702941459758E+000
  0.320900834777031E-007  0.388833781747489E+002 -0.114857017811701E+000 -0.510921037408078E+001 -0.936525223750579E+001
  0.439853417688931E-007  0.382045643109549E+002  0.246250966823401E+002  0.196901436353605E+001 -0.756820159977451E+000
  0.490359588287166E-007  0.379389743161552E+002  0.490583310937106E+001 -0.902418894318687E+001 -0.745867232792101E+000
  0.911623203013447E-007  0.365126179210254E+002  0.462854514142026E+001  0.164967564715275E+001  0.100671370423030E+002
  0.962046736169760E-007  0.363599996459798E+002  0.479595419528486E+001  0.318471989475739E-001 -0.900272466839579E+001
  0.112923499075131E-006  0.359945886316335E+002  0.193751591058915E+002  0.240882776409057E+001 -0.417593829217189E+001
  0.182091081609027E-006  0.349500922661202E+002 -0.612269284049802E+000 -0.165451922888572E+002 -0.320566248795932E+001
  0.180095982920979E-006  0.349281685788357E+002  0.245135457137468E+001 -0.163767974830032E+002 -0.185153565745526E+001
  0.212131824554412E-006  0.345137624586707E+002  0.168735336178223E+000  0.465971316322344E+001  0.936038026150256E+001
  0.250386070177705E-006  0.341391578241567E+002  0.122281082352498E+002  0.177519729487882E+001 -0.369595933538550E+001
  0.366209952607686E-006  0.332936329902410E+002  0.105916349379650E+002  0.448457469955534E+001 -0.684792072768097E+000
  0.385430761946288E-006  0.331913234680625E+002  0.278334163290985E+001 -0.164859192871216E+002  0.855756740352213E+000
  0.407214283440057E-006  0.330813675264517E+002  0.188873664448104E+002  0.220668404067175E+001  0.382239571098549E+001
  0.411514574287574E-006  0.330603577362013E+002 -0.302203584060422E+001 -0.816968929721099E+000 -0.669894437935787E+001
  0.437596642226418E-006  0.328925057425683E+002  0.943449715247550E+001  0.445833036887701E+001  0.576846532759546E+000
  0.473542915547420E-006  0.326896701001967E+002 -0.128791357903106E+001 -0.192181795988042E+001  0.613033415258850E+001
  0.480396029115104E-006  0.326159878262364E+002 -0.132894061028666E+001 -0.971427285498967E+001 -0.429010652636615E+001
  0.533864859253079E-006  0.324049240062580E+002  0.988188701072325E+000 -0.382678070278715E+000 -0.143495647966500E+002
  0.534505368491469E-006  0.323565468898229E+002  0.335656876527791E+001 -0.202670201503515E+002 -0.294201335508317E+001
  0.711989077994721E-006  0.317371262593050E+002  0.375531397381225E+001 -0.216870774554708E+002  0.155732533692725E+001
  0.717550471895657E-006  0.317215648235732E+002  0.218865988635605E+002  0.119724481935373E+001 -0.379020629023194E+001
  0.734226714975803E-006  0.316756156882816E+002  0.703124674108821E+000  0.422828525999654E+001  0.109693216542690E+002
  0.739331310092097E-006  0.316135640136188E+002  0.122440121084340E+002  0.364944830035751E+001  0.946704865434810E+000
  0.899607922650327E-006  0.312211382451347E+002  0.328281884053259E+001  0.182238613568924E+001  0.781828122659577E+001
  0.101790141664487E-005  0.309246743693843E+002  0.162324763507293E+001 -0.160419724959557E+002 -0.510459367159811E+000
  0.101887744178820E-005  0.309227575678347E+002  0.215970491536335E+002 -0.396719318653449E+001 -0.519922222861659E+000
  0.153732091500429E-004  0.248829573270772E+002  0.222651008988362E+002  0.286565598086648E+001 -0.158459585073301E+001
  0.168565604962060E-004  0.246987301288455E+002  0.233311540158169E+002  0.178127035242539E+001  0.118316184395455E+001
  0.224991366673289E-004  0.238856900372229E+002  0.216091276839802E+002  0.909220033966484E+000  0.338236160535396E+001
  0.422957696982872E-004  0.226232697656524E+002  0.175085556633567E+002  0.260147146621723E+001  0.786749044620151E+000
  0.432729698894392E-004  0.225775875372773E+002  0.170938522768899E+002 -0.906643312153136E+000  0.206894751517468E+001
  0.179197017618183E-003  0.185234005910555E+002  0.224035344812173E+002  0.116350201171725E+001  0.153731539478794E+001
  0.284050299251928E-002  0.113137650839621E+002  0.193094134339760E+002  0.182887026541005E+001  0.140657656452121E+001
  0.467014719140324E-002  0.103193461976564E+002  0.192994313582894E+002  0.169957244281556E+001  0.119430820490444E+001
  0.943334078012966E-002  0.891322676624048E+001  0.197301388744308E+002  0.168315475400783E+001  0.702681018656271E+000
