  0.138617074522439E-114  0.538789817814916E+003  0.292978985431844E+002  0.272654403069934E+002
  0.712084297526190E-083  0.392746604910593E+003  0.257342377890945E+002  0.260562605704706E+002
  0.268374282109980E-082  0.390083087078706E+003  0.217014848871765E+002  0.290125078111476E+002
  0.920690485839810E-080  0.378397288952947E+003  0.287545076416968E+002  0.215469841625005E+002
  0.374686964324012E-079  0.375580209686065E+003  0.195838668326644E+002  0.296501081444915E+002
  0.449173178651894E-076  0.361392088852327E+003  0.297251343247934E+002  0.183775266351558E+002
  0.511931851951593E-073  0.347305037206166E+003  0.270552366112640E+002  0.226820424894674E+002
  0.489017796188215E-071  0.338176307016544E+003  0.299847764845794E+002  0.586099048630892E+001
  0.467629108549799E-070  0.333650608553960E+003  0.298898655323444E+002  0.342094104306563E+000
  0.672102491827347E-070  0.332915162735195E+003  0.700821863390177E+001  0.296163069863754E+002
  0.171256952039355E-069  0.331034509014835E+003  0.708782238746277E+001  0.295451915290946E+002
  0.632063999285702E-067  0.319202542396749E+003  0.253424898300558E+002  0.236035189271777E+002
  0.227363295560589E-066  0.316632280116875E+003  0.295244033506033E+002  0.127121103543429E+001
  0.344801210527483E-066  0.315789467252954E+003  0.198650072934084E+002  0.277287085130774E+002
  0.545161332995589E-066  0.314863264719716E+003  0.295575704271731E+002  0.122369163910283E+002
  0.216879597293746E-065  0.312091598303364E+003  0.232128030762375E+002  0.254099138490390E+002
  0.211232636535377E-064  0.307529217593212E+003  0.898156232982797E+001  0.290844783011685E+002
  0.257279435501669E-063  0.302519666878315E+003  0.130378526198540E+002  0.291727596145623E+002
  0.347228945267391E-063  0.301910048685033E+003  0.291123802403094E+002  0.140700434468009E+001
  0.646594589691245E-063  0.300656603300171E+003  0.562179258401718E+001  0.289482728028399E+002
  0.897904246536558E-063  0.299989940347173E+003  0.290481580419299E+002  0.103232794847270E+002
  0.942002156572070E-063  0.299884077002144E+003  0.287581047419365E+002  0.846284136146333E+001
  0.231556693967709E-061  0.293470127191218E+003  0.625427291174593E+001  0.286235076323615E+002
  0.181769104026279E-060  0.289339156961090E+003  0.287562577859355E+002  0.442412286483071E+001
  0.275871411154618E-060  0.288494786611895E+003  0.286050797942369E+002  0.144954469741284E+002
  0.349415136239999E-059  0.283406989619109E+003  0.284980648870714E+002  0.983620967643958E+001
  0.192644111249496E-058  0.279982676777926E+003  0.251498443350181E+002  0.220262363180051E+002
  0.205624607556451E-058  0.279842286275972E+003  0.206399357379745E+002  0.260945003700525E+002
  0.717675543637491E-058  0.277332380463243E+003  0.132078324172140E+002  0.284114187466208E+002
  0.184729595169903E-056  0.270826313947710E+003  0.884838491728852E+001  0.279485043502982E+002
  0.196610222817574E-056  0.270691678672054E+003  0.220043377953092E+002  0.248088269529714E+002
  0.881180133560688E-056  0.267681625858028E+003  0.414177848259269E+001  0.281195257906826E+002
  0.169717185118317E-055  0.266360737859350E+003  0.275525739515942E+002  0.773849341451847E+001
  0.334939523044280E-055  0.264991129671228E+003  0.123769789603233E+002  0.280720303787812E+002
  0.532166310827814E-055  0.264055142453157E+003  0.112577448118331E+002  0.280301386035980E+002
  0.108190851479677E-054  0.262626115672011E+003  0.861237694705933E+001  0.276400562484358E+002
  0.375186928056841E-054  0.260129085457594E+003  0.260252505870827E+002  0.195420537911696E+002
  0.487561607903003E-054  0.259595125812477E+003  0.278843164084690E+002  0.213700404990283E+001
  0.871780562449190E-054  0.258422908557387E+003  0.273881933118249E+002  0.158842707316897E+002
  0.108969830769978E-053  0.257966696651740E+003  0.273521422671629E+002  0.803057037403428E+001
  0.525432112691502E-053  0.254810421701006E+003  0.225239869653762E+002  0.237267755165418E+002
  0.570204936318890E-053  0.254636896942454E+003  0.273129031486130E+002  0.668976956337662E+001
  0.106339526982491E-052  0.253380469220859E+003  0.239759610005206E+002  0.221694626847554E+002
  0.181606946235476E-052  0.252300078826384E+003  0.161287440606276E+001  0.276152843513909E+002
  0.791904648800340E-052  0.249344911191349E+003  0.231805849931871E+002  0.228535973005835E+002
  0.149171897051966E-051  0.248068449280679E+003  0.437404731001084E+001  0.274803613404952E+002
  0.215551993196054E-051  0.247322268526243E+003  0.274264269305379E+002  0.132406305465190E+001
  0.150768688859776E-050  0.243422033952663E+003  0.244288062195244E+001  0.273809231164138E+002
  0.203576488572145E-050  0.242811468871595E+003  0.257347380486394E+002  0.189014189532745E+002
  0.455660711881711E-050  0.241190080428180E+003  0.262451634065924E+002  0.176326320587649E+002
  0.731692641417141E-050  0.240232881230498E+003  0.154185414757680E+002  0.268999194417526E+002
  0.121194719670722E-049  0.239213660024280E+003  0.185435938446081E+002  0.257788309947852E+002
  0.956081451925440E-048  0.230467625546133E+003  0.414995952668752E+001  0.269199987464771E+002
  0.176559766142881E-047  0.229230847622628E+003  0.268035007858895E+002  0.488370806301887E+001
  0.234902376595112E-047  0.228649851396283E+003  0.269029899523912E+002  0.289097781430245E+001
  0.470273089240096E-047  0.227251589197638E+003  0.268560876127900E+002  0.119030773477996E+002
  0.821594463548028E-047  0.226125747408480E+003  0.267833430862829E+002  0.130196364859579E+002
  0.894336126366473E-047  0.225946102795824E+003  0.254491168156547E+002  0.182071332865071E+002
  0.287929025138118E-046  0.223597692877843E+003  0.267215677564428E+002  0.242183079287163E+001
  0.550800561105754E-046  0.222290400242235E+003  0.260555838933649E+002  0.730133572454110E+001
  0.614841238846976E-046  0.222060442557814E+003  0.320551299008702E+001  0.266792149289560E+002
  0.179875666343795E-045  0.219903493721966E+003  0.216819595718574E+002  0.229372892680339E+002
  0.235155331104300E-045  0.219357557819883E+003  0.885122661950605E+001  0.262444353500073E+002
  0.646415123209499E-044  0.212720021303325E+003  0.234565142612651E+002  0.206561796565528E+002
  0.871630095528317E-044  0.212112199763210E+003  0.262629507674984E+002  0.134634135194443E+002
  0.340707306270137E-043  0.209375737218636E+003  0.189298343251145E+002  0.244424385635159E+002
  0.571903321835181E-043  0.208329869755597E+003  0.255400024723337E+002  0.765042725576475E+001
  0.129679549272499E-042  0.206682531601773E+003  0.171715452204526E+002  0.251680976453075E+002
  0.157886898004040E-042  0.206278931439659E+003  0.248782767168639E+002  0.178215173456158E+002
  0.805591635024389E-042  0.203009560323560E+003  0.256639372278363E+002  0.887469486481974E+001
  0.218945947437887E-041  0.200999919202180E+003  0.255692489655778E+002  0.152150498711703E+002
  0.539204511205552E-041  0.199187404035074E+003  0.257790205456284E+002  0.133052678967543E+001
  0.893125260496213E-041  0.198168165123432E+003  0.150695745279086E+002  0.254984081025435E+002
  0.106807794840236E-040  0.197800411716610E+003  0.117468332271015E+001  0.257087481086342E+002
  0.195835620028403E-040  0.196577947184059E+003  0.257811542596057E+002  0.123447874979964E+002
  0.329946123842672E-040  0.195524664608984E+003  0.240523615373210E+002  0.186125932843669E+002
  0.413699762727514E-040  0.195062267286201E+003  0.251563426341163E+002  0.806987645466315E+001
  0.313831063998485E-039  0.190999693360283E+003  0.255086939194151E+002  0.105942881114510E+002
  0.349816629978809E-039  0.190772609728336E+003  0.254959574291029E+002  0.105533187075429E+002
  0.400494382354292E-039  0.190492053371348E+003  0.247698193047747E+002  0.165700013409754E+002
  0.507125888002522E-039  0.190009959222829E+003  0.157275055750414E+002  0.250221659247849E+002
  0.749666314837605E-039  0.189218246297008E+003  0.162237078900757E+002  0.248389906892281E+002
  0.303870819581900E-038  0.186409152064932E+003  0.134375470166076E+002  0.253343074286496E+002
  0.533719399240125E-038  0.185272641870400E+003  0.969409320786183E+001  0.251687729004432E+002
  0.110210291712566E-037  0.183812456496761E+003  0.252853484457136E+002  0.111207292029747E+002
  0.353023817006084E-037  0.181474190931039E+003  0.153298785684825E+001  0.251447027453895E+002
  0.413567167110640E-037  0.181147647024179E+003  0.250141261823262E+002  0.142893909007498E+002
  0.361389813652770E-036  0.176802227244939E+003  0.250467769301651E+002  0.321209182260684E+001
  0.832520302796080E-036  0.175123251327243E+003  0.248994519534634E+002  0.152063034055142E+001
  0.943113719241664E-036  0.174863817726005E+003  0.191328943640267E+002  0.228372865459674E+002
  0.115965804482305E-035  0.174440455476407E+003  0.242624541636707E+002  0.779670460204671E+001
  0.117940290817008E-035  0.174396714138041E+003  0.236894397918369E+002  0.175870256355976E+002
  0.141283593049317E-034  0.169420387504483E+003  0.194022750915478E+002  0.223965309086877E+002
  0.149300456879114E-034  0.169300029229393E+003  0.822754578734638E+001  0.241873962174910E+002
  0.171887119496641E-033  0.164403129531007E+003  0.670014125259239E+001  0.240072779061767E+002
  0.272974235517000E-033  0.163468075576053E+003  0.243658618846228E+002  0.996333513717863E+000
  0.310029293320566E-033  0.163203521748508E+003  0.626608127716235E+001  0.240829387512659E+002
  0.331752831182490E-033  0.163058099826160E+003  0.241262940420017E+002  0.607770078346676E+001
  0.161833421941760E-032  0.159878599878486E+003  0.699140098486612E+001  0.237230081631801E+002
  0.656235560588602E-031  0.152463550081158E+003  0.690465049684204E+001  0.234318762980092E+002
  0.989540549984560E-031  0.151632133130677E+003  0.288151754416268E+001  0.240448843498018E+002
  0.122516932199418E-030  0.151194970865689E+003  0.230079942392411E+002  0.168456349074491E+002
  0.476499673554396E-030  0.148468560191598E+003  0.234942292323586E+002  0.613247626341754E+001
  0.591939785449200E-030  0.148024709352698E+003  0.185223355133087E+001  0.238392772369673E+002
  0.155008551986182E-029  0.146089413336570E+003  0.382666959078219E+001  0.237841917281590E+002
  0.261267575062595E-029  0.145035308684585E+003  0.161098635306465E+002  0.230274872208410E+002
  0.405020727630648E-029  0.144148547259265E+003  0.140284093643679E+001  0.236214789999685E+002
  0.171611009504172E-027  0.136645647608640E+003  0.758150399041739E+001  0.225531061699752E+002
  0.192690437958735E-027  0.136403963305904E+003  0.452513267318703E+001  0.232933200431428E+002
  0.198780113385034E-027  0.136331759616598E+003  0.809015720460776E+001  0.227012092073335E+002
  0.123722334412932E-026  0.132664933227165E+003  0.850203078517253E+001  0.226719506602969E+002
  0.276806505317783E-026  0.131044400325779E+003  0.195957690735488E+002  0.201737284313136E+002
  0.335323467770556E-026  0.130650871410649E+003  0.229288881483638E+002  0.516134662060815E+001
  0.753512300656117E-026  0.129021596925158E+003  0.227494235528784E+002  0.367010412526177E+000
  0.804006253620070E-026  0.128881898432822E+003  0.169873195239838E+002  0.218726737189212E+002
  0.100070484772677E-025  0.128434217687525E+003  0.226471888784056E+002  0.789161879797390E-001
  0.107684332540864E-025  0.128277583974512E+003  0.216326603155725E+002  0.173805746143951E+002
  0.126078143946347E-025  0.127952213282807E+003  0.226169314753389E+002  0.514201227488642E-001
  0.210531514964569E-025  0.126916771295887E+003  0.212440316888933E+002  0.179098048523101E+002
  0.103852134752482E-024  0.123714960527851E+003  0.227952306489464E+002  0.379943713052716E+001
  0.202951219810501E-024  0.122364990349948E+003  0.682867885313664E+001  0.220584343231082E+002
  0.216404684385360E-024  0.122226646187017E+003  0.221398513760844E+002  0.658772179988528E+001
  0.380333800565324E-024  0.121088872911888E+003  0.438590163907673E+001  0.226126949226132E+002
  0.534826647725098E-024  0.120397111065322E+003  0.223595230156942E+002  0.145570564941726E+002
  0.687898919518326E-024  0.119883737509521E+003  0.219686894711172E+002  0.673794215185770E+001
  0.734663934029206E-024  0.119742219918096E+003  0.199175324883394E+002  0.191074639060604E+002
  0.134542623810487E-023  0.118522138864175E+003  0.221530585524413E+002  0.598306674598000E+001
  0.166527384514704E-023  0.118085606355224E+003  0.688304254440574E+001  0.218222436598773E+002
  0.215694901850139E-023  0.117558220971628E+003  0.141374405670533E+002  0.223174954691392E+002
  0.356786711296435E-023  0.116541699412317E+003  0.165372141326870E+002  0.214560314766940E+002
  0.805167343704769E-023  0.114903900368685E+003  0.215647415182850E+002  0.788381198225060E+001
  0.301742647142390E-022  0.112251706387464E+003  0.219943253645360E+002  0.958622476791248E+001
  0.104704033941986E-021  0.109753434811628E+003  0.168394504562721E+002  0.209327654203321E+002
  0.195887587467550E-021  0.108490653097291E+003  0.844370866142522E+001  0.214501321986903E+002
  0.202681219450731E-021  0.108412491142565E+003  0.220584797618697E+002  0.216296954392992E+001
  0.250753884813178E-021  0.107976841014991E+003  0.219998653069049E+002  0.179971719144380E+001
  0.907074448433453E-021  0.105395360713338E+003  0.217223210737490E+002  0.140815805567020E+002
  0.144073936575051E-020  0.104460011269463E+003  0.297250929834479E+001  0.218954736871234E+002
  0.182703481400851E-020  0.103974960381952E+003  0.173134756427950E+002  0.203188389176099E+002
  0.189137249387632E-020  0.103895768458409E+003  0.213947041028964E+002  0.898396777094302E+001
  0.551093705582026E-020  0.101746929534344E+003  0.210535366780140E+002  0.156388936664823E+002
  0.674282023055681E-020  0.101333467259409E+003  0.201572423075853E+002  0.173154500427070E+002
  0.104193547152745E-019  0.100453118501084E+003  0.644705213394668E+001  0.210571655224728E+002
  0.125072627556227E-019  0.100077854639781E+003  0.210316784252765E+002  0.154594484277037E+002
  0.133456892899141E-019  0.999381116826790E+002  0.146145428439601E+002  0.213039465476507E+002
  0.431333471420880E-019  0.975819306387194E+002  0.205274154545433E+002  0.732444756805573E+001
  0.525748369601192E-019  0.971760731417918E+002  0.215128800658992E+002  0.262273357507533E+001
  0.616305155891503E-019  0.968482590381176E+002  0.206853043406604E+002  0.685759632038181E+001
  0.112245674486664E-018  0.956392182342529E+002  0.114035859891543E+002  0.214204380218589E+002
  0.180607587033167E-018  0.946779698332089E+002  0.212961698817487E+002  0.431161706478790E+001
  0.202761178297006E-018  0.944365904009356E+002  0.195549445240223E+001  0.213170136054284E+002
  0.207680144615212E-018  0.943786747079621E+002  0.203061566113902E+002  0.747101487754006E+001
  0.267652474297007E-018  0.938613190820020E+002  0.546466885725905E+001  0.210137600639238E+002
  0.404621717635695E-018  0.930248176014242E+002  0.212914229463781E+002  0.123942349486135E+002
  0.509975312618227E-018  0.925520230827687E+002  0.501525528478412E+001  0.210527295984179E+002
  0.512784536880972E-018  0.925310611338512E+002  0.183205012702914E+002  0.187855337879832E+002
  0.764113905604811E-018  0.917233638142375E+002  0.219303777400327E+001  0.211942003318297E+002
  0.311509534868434E-017  0.889027923889689E+002  0.702629033200336E+001  0.201351628970359E+002
  0.418096974656415E-017  0.883042503957172E+002  0.153235818626251E+002  0.204094707300705E+002
  0.723174761373785E-017  0.871984002976496E+002  0.271908440234254E+001  0.209766714703395E+002
  0.135059260576092E-016  0.859391295497900E+002  0.709404935376904E+001  0.199177125330503E+002
  0.158145640554345E-016  0.856135489972434E+002  0.115740879381530E+002  0.208821895878540E+002
  0.193629845796273E-016  0.851987100321844E+002  0.190120644714500E+002  0.174305437888096E+002
  0.255126613007549E-016  0.846371117123642E+002  0.808527634911504E+001  0.199236027800703E+002
  0.529015058974021E-016  0.831686227197579E+002  0.442892542606856E+001  0.206364309068191E+002
  0.153386518213921E-015  0.810295892502120E+002  0.201246574059650E+002  0.878401060937684E-001
  0.290321423592989E-015  0.797435588315244E+002  0.187731134463363E+002  0.172277755342352E+002
  0.289538528672031E-015  0.797389843311334E+002  0.202363131304386E+002  0.684125584090695E+000
  0.412045483821622E-015  0.790233185165640E+002  0.994866746580710E+001  0.202629593556442E+002
  0.747272827772281E-015  0.778227502158242E+002  0.178835095664553E+002  0.180554280904836E+002
  0.120168879899607E-014  0.768626694744656E+002  0.474137942396256E+001  0.202031342265054E+002
  0.167324714206193E-014  0.761906179213345E+002  0.159032508874374E+002  0.193767468705940E+002
  0.209718949391650E-014  0.757289788840196E+002  0.191073129576031E+001  0.202464305330094E+002
  0.238859087474096E-014  0.754587928254382E+002  0.132370822015437E+002  0.202091147155968E+002
  0.512108943968978E-014  0.739234905470179E+002  0.201481792677431E+002  0.110041038560651E+002
  0.569069683717488E-014  0.737025844439479E+002  0.201864730800747E+002  0.338129636101700E+001
  0.105608083369234E-013  0.724559751313747E+002  0.468762596984300E+001  0.199416017074059E+002
  0.147815379354973E-013  0.717735417625991E+002  0.193766522420977E+002  0.152893293273127E+002
  0.205460544647236E-013  0.711049867588258E+002  0.507881035209151E+001  0.197617445359478E+002
  0.459509464898828E-013  0.694852006334278E+002  0.197527660942287E+002  0.468551549485331E+001
  0.147153491319285E-012  0.671474220427800E+002  0.138994050111288E+002  0.195498891785406E+002
  0.240099933835955E-012  0.661582889057587E+002  0.142318781684478E+002  0.193917624900108E+002
  0.306508891019057E-012  0.656599307517049E+002  0.192607548968799E+002  0.946968122938604E+001
  0.317880245302812E-012  0.655770997455207E+002  0.144322410366688E+002  0.192885147490302E+002
  0.477167831512012E-012  0.647547375579336E+002  0.194751906621106E+002  0.104711422287217E+002
  0.667960154539462E-012  0.640720419832582E+002  0.420122397000499E+000  0.191328407733921E+002
  0.972665085841433E-012  0.633104443156360E+002  0.173447692402077E+002  0.173108408040847E+002
  0.155535307021572E-011  0.623616331556604E+002  0.191921141320035E+002  0.502392475899691E+001
  0.255519583175533E-010  0.567536353015726E+002  0.168267960583149E+002  0.171881421602317E+002
  0.297056510066920E-010  0.564424135443442E+002  0.675070149424257E+001  0.179864973908365E+002
  0.300011980913798E-010  0.564126384214245E+002  0.183146273603640E+002  0.883783689807024E+001
  0.335002408119199E-010  0.561820327184492E+002  0.166985829594659E+002  0.172503804484276E+002
  0.413357208071474E-010  0.557517088164044E+002  0.107774691048918E+002  0.189078412683469E+002
  0.490956098754432E-010  0.553976485690513E+002  0.508823450734476E+001  0.186706873089585E+002
  0.569386615578301E-010  0.550912635730470E+002  0.183751571637053E+002  0.918756703550700E+001
  0.641742834859903E-010  0.548420325174167E+002  0.175248589111737E+002  0.723789327767011E+001
  0.740460128275134E-010  0.545458891679078E+002  0.826548733568487E+001  0.178363074225957E+002
  0.877334185904489E-010  0.541966817096417E+002  0.153595613320779E+002  0.180308517911995E+002
  0.107157373092781E-009  0.537867153307411E+002  0.171225791130767E+002  0.165833440327753E+002
  0.134288676808989E-009  0.533253537340961E+002  0.100183272984766E+002  0.185467145195270E+002
  0.135053897451755E-009  0.533040143473987E+002  0.142305903230357E+002  0.184644895482894E+002
  0.271444189724886E-009  0.518978740315988E+002  0.183242883350664E+002  0.684315425558263E+000
  0.612021960351398E-009  0.502618757300564E+002  0.186042612699708E+002  0.332673042372196E+001
  0.710749833544416E-009  0.499527959439576E+002  0.371789994859983E+001  0.185496991968733E+002
  0.789144570842046E-009  0.497335628194692E+002  0.159181544182335E+002  0.172766251274950E+002
  0.896181562391516E-009  0.494692007524923E+002  0.185139970962045E+002  0.370582330996950E+001
  0.949123331699902E-009  0.493444342279443E+002  0.852314433315527E+001  0.175423147926016E+002
  0.276024519828025E-008  0.471993870550938E+002  0.445829591138098E+001  0.182075682881231E+002
  0.310007068967068E-008  0.469572011748496E+002  0.651700420572943E+001  0.172961603231734E+002
  0.520600567019865E-008  0.459104501290531E+002  0.849729732101533E+001  0.172060465724341E+002
  0.549951502181938E-008  0.457907810165078E+002  0.170567969268897E+002  0.669894692561257E+001
  0.609437872786169E-008  0.455753921018927E+002  0.103429392632925E+001  0.179306437842440E+002
  0.667790543720556E-008  0.453825419093134E+002  0.179772377044275E+002  0.102346911613290E+002
  0.835737211874893E-008  0.449238875128027E+002  0.172327621693962E+002  0.868288089637542E+001
  0.858818342307355E-008  0.448594260297089E+002  0.181668125733596E+002  0.114605626296521E+002
  0.858673891317758E-008  0.448497873697276E+002  0.224001653482444E+001  0.181427482826625E+002
  0.861264423059205E-008  0.448337875736592E+002  0.179342551652332E+002  0.124513613937504E+001
  0.954276379924533E-008  0.446187089565058E+002  0.742715260621356E+001  0.163950461691912E+002
  0.996958487947394E-008  0.445212222810434E+002  0.147926710042620E+001  0.179724147286472E+002
  0.113924323719523E-007  0.442444264744121E+002  0.167289148677116E+002  0.808163774735964E+001
  0.175004967246311E-007  0.433758914777035E+002  0.176004354363899E+002  0.660735508263992E+000
  0.184574920821303E-007  0.432594341983186E+002  0.146687447265147E+002  0.174404392970406E+002
  0.230622467646436E-007  0.428040059585506E+002  0.812790403198284E+001  0.166129207085154E+002
  0.247202162146047E-007  0.426551820000263E+002  0.178287187064289E+002  0.153631827123596E+001
  0.287283753442889E-007  0.423446790306180E+002  0.172891969202297E+002  0.920174708477212E+001
  0.323005258467047E-007  0.421003075718160E+002  0.179469809069250E+002  0.255855960056828E+001
  0.410677733338772E-007  0.416100520888867E+002  0.179217723202776E+002  0.306171415920196E+001
  0.415971708496100E-007  0.415744601130680E+002  0.172773844270951E+002  0.146804510224005E+002
  0.450639383499624E-007  0.414043846760367E+002  0.535850984092884E+001  0.174132208505259E+002
  0.758696963170392E-007  0.403525395667536E+002  0.164865161615319E+002  0.830049432328595E+001
  0.814834734856059E-007  0.401997987363320E+002  0.159141989202819E+002  0.732692199497565E+001
  0.887991453427848E-007  0.400178700431759E+002  0.772838345151666E+001  0.159336065582029E+002
  0.105277699116729E-006  0.396674457861333E+002  0.132027995276610E+001  0.175051912147372E+002
  0.126219638027501E-006  0.392946268312757E+002  0.172591205705312E+002  0.974225297672681E+001
  0.190167824210071E-006  0.384648849097574E+002  0.880571983397243E+001  0.166607530344057E+002
  0.232892848964221E-006  0.380495668177540E+002  0.168774027805245E+002  0.577878629450214E+001
  0.273862305101884E-006  0.377154977910328E+002  0.835085255110897E+001  0.162262642175841E+002
  0.120781685242333E-005  0.347376340863744E+002  0.799480800888944E+001  0.154900374694322E+002
  0.152260059790836E-005  0.342644483697664E+002  0.159230105267637E+002  0.848775623109675E+001
  0.168795904015035E-005  0.340482726107711E+002  0.168465629422369E+002  0.999494533245936E+001
  0.206652276347498E-005  0.336336030481162E+002  0.169195420627684E+002  0.102991611179900E+002
  0.208568988465163E-005  0.336051633449563E+002  0.889572439388960E+001  0.718903357780470E+001
  0.217635650229411E-005  0.335100833241375E+002  0.171145605646011E+002  0.110986135584946E+002
  0.239716750603950E-005  0.333068368707225E+002  0.148956232950110E+002  0.733489799032717E+001
  0.296665782444349E-005  0.328705654417101E+002  0.128012756012911E+001  0.168346404410305E+002
  0.307571442074906E-005  0.327883879613208E+002  0.978369065003871E+001  0.166192537049540E+002
  0.339483169497491E-005  0.325809789199470E+002  0.161217905150498E+002  0.600881518210574E+001
  0.339106608899998E-005  0.325732235027562E+002  0.141916460631343E+002  0.166077168965193E+002
  0.339617015000029E-005  0.325602403841905E+002  0.161380941467929E+002  0.149828780025730E+002
  0.363639174289830E-005  0.324135782205160E+002  0.732514060498668E+001  0.925325576431212E+001
  0.385232740048592E-005  0.322882319881433E+002  0.737491133654306E+001  0.146779536956540E+002
  0.389071599383014E-005  0.322584254740294E+002  0.767768677438060E+001  0.927874022220124E+001
  0.422654032228210E-005  0.320828692572359E+002  0.168640823618796E+002  0.106271504103312E+002
  0.467341422903632E-005  0.318718819038864E+002  0.165224755579276E+002  0.142091266812022E+002
  0.465128847724532E-005  0.318713980803768E+002  0.734863104712100E+001  0.562257872456388E+001
  0.628355484407633E-005  0.312598397869417E+002  0.157048513049287E+002  0.631588715532011E+001
  0.724796871050051E-005  0.309642939570320E+002  0.114460339620810E+002  0.169110650115458E+002
  0.732014703621795E-005  0.309345005481318E+002  0.167840355574679E+002  0.107717295514505E+002
  0.757979087286180E-005  0.308548150745998E+002  0.127919933990020E+002  0.168671044258678E+002
  0.884344907713033E-005  0.305364572761600E+002  0.744513449654898E+000  0.163486068641736E+002
  0.900758972259885E-005  0.304897010795037E+002  0.740454476747642E+000  0.746902522439154E+001
  0.962176132604338E-005  0.303478063695285E+002  0.658411413224183E+000  0.767561468033527E+001
  0.105122771681229E-004  0.301607983059440E+002  0.120034544750991E+002  0.168602397404152E+002
  0.133511131911597E-004  0.296727113464213E+002  0.154644246362723E+002  0.633641632135034E+001
  0.143784639368833E-004  0.295144727419958E+002  0.910696564957288E+001  0.158217757650141E+002
  0.162269098578224E-004  0.292626187803912E+002  0.120771260371164E+002  0.167663208365106E+002
  0.171941238617350E-004  0.291368502513003E+002  0.295869617107084E+000  0.159096896405445E+002
  0.172240964770684E-004  0.291233918245591E+002  0.147870461500511E+002  0.814997894125095E+001
  0.185177029090718E-004  0.289685810871863E+002  0.495847358210041E+001  0.737868154252996E+001
  0.188920013550384E-004  0.289185831337211E+002  0.902981051789799E+001  0.668225147970776E+001
  0.207841465038268E-004  0.287177042806602E+002  0.163628909015215E+002  0.122685837456602E+001
  0.261209952675957E-004  0.282506314005114E+002  0.126003673117222E+001  0.759814717533437E+001
  0.268970317508594E-004  0.281821032588031E+002  0.165607650457139E+002  0.129179702709581E+002
  0.274531361761658E-004  0.281311992252970E+002  0.512729866136190E+001  0.714054949689991E+001
  0.353935541884912E-004  0.276131255291508E+002  0.544254627900451E+001  0.688797211676608E+001
  0.356571074648671E-004  0.275883128933721E+002  0.997935090886093E+001  0.712736587919537E+001
  0.463507162556554E-004  0.270537613099075E+002  0.374315990474439E-002  0.153966675168252E+002
  0.462278501994594E-004  0.270490948477914E+002  0.103479439919379E+002  0.723815906965714E+001
  0.473382100053141E-004  0.269916490502264E+002  0.892167597735004E+000  0.799590768066065E+001
  0.523846981189768E-004  0.267790804949182E+002  0.121805880991322E+001  0.161309696260994E+002
  0.524013940322402E-004  0.267684680787133E+002  0.143383522037972E+002  0.815719996097357E+001
  0.534813279521177E-004  0.267176942194891E+002  0.637868657801866E+001  0.596030402815822E+001
  0.549487402150872E-004  0.266535827928233E+002  0.163329782208919E+002  0.131575951329654E+002
  0.575871141221819E-004  0.265498115598952E+002  0.934330171175810E+001  0.155990151224622E+002
  0.594122624873310E-004  0.264774328474215E+002  0.387123391921187E+001  0.163794438308079E+002
  0.625901234548981E-004  0.263632440661412E+002  0.851281237439919E+000  0.690083016408206E+001
  0.639288414360927E-004  0.263109427454005E+002  0.673617409466798E+001  0.588536431877567E+000
  0.800543959620556E-004  0.258510961805652E+002  0.163012988793927E+002  0.129005931892179E+002
  0.979990339705284E-004  0.254366185614636E+002  0.883651515261255E+001  0.149816334592070E+002
  0.104204098380750E-003  0.253038557999687E+002  0.653606913169547E+001  0.949768980012101E+001
  0.107548263575130E-003  0.252307042171695E+002  0.880971892090927E+001  0.591787102575436E+001
  0.112124684169183E-003  0.251373855475527E+002  0.794794545731049E+001  0.134881422138956E+002
  0.119366907274021E-003  0.250022294636642E+002  0.770552628545313E+001  0.244052582097305E+001
  0.128426202350546E-003  0.248459495115351E+002  0.694060810008908E+001  0.103291685787017E+002
  0.141641618188619E-003  0.246400832020142E+002  0.832150156213667E+001  0.141380146137138E+002
  0.150016434003112E-003  0.245152185264343E+002  0.824245065834186E+001  0.139646094425321E+002
  0.150149449774225E-003  0.245034708798132E+002  0.722325044508469E+001  0.114633809624091E+002
  0.158656917864657E-003  0.243832698133293E+002  0.753302193310478E+000  0.842267450546812E+001
  0.173396270016169E-003  0.241956238670976E+002  0.781050849138842E+001  0.115271175864759E+002
  0.172761377817255E-003  0.241929852438049E+002  0.122396949410386E+002  0.721201830759862E+001
  0.182304104572708E-003  0.240754804137254E+002  0.124607361668895E+002  0.161622525824379E+002
  0.195233053422138E-003  0.239284697431331E+002  0.166353749588771E+001  0.695194212853787E+001
  0.200103370981072E-003  0.238692144656515E+002  0.673019194238628E+001  0.115122069331751E+001
  0.201725656189712E-003  0.238430902852459E+002  0.636492141032166E+001  0.955426670530276E+001
  0.207505789191022E-003  0.237766139974725E+002  0.161075440829121E+002  0.360484672948706E+001
  0.233320001004337E-003  0.235321355800651E+002  0.538787196978232E+001  0.636027040423772E+001
  0.247939635200292E-003  0.234006116892502E+002  0.482044176484621E+001  0.668089722085870E+001
  0.281910562699568E-003  0.231338274922276E+002  0.794234739258321E+001  0.115908400294000E+002
  0.283466187367321E-003  0.231128464483605E+002  0.704630039638303E+001  0.251536990885145E+001
  0.287411623496089E-003  0.230752262274646E+002  0.707098535172761E+001  0.307141463373187E+001
  0.287876561269228E-003  0.230620184142271E+002  0.154616575141661E+002  0.869251391972746E+000
  0.303925939535338E-003  0.229435387907595E+002  0.150343411369585E+002  0.931719237086551E+001
  0.321870709169571E-003  0.228188319301028E+002  0.835923600142142E+001  0.473945087701917E+001
  0.344058224060322E-003  0.226755349301874E+002  0.109657353517688E+001  0.653751219019455E+001
  0.364452946454519E-003  0.225503867403342E+002  0.100622502933495E+002  0.849901359875549E+001
  0.374689540609067E-003  0.224850109794850E+002  0.200456022141432E+001  0.158672024240347E+002
  0.376816832609660E-003  0.224637130507314E+002  0.805326074750864E+001  0.126015116757003E+002
  0.406567333454850E-003  0.223017572817279E+002  0.100808448040839E+002  0.647562120523350E+001
  0.410781801682551E-003  0.222711569584151E+002  0.804649780940879E+001  0.116584028213531E+002
  0.469258881639936E-003  0.219949970249421E+002  0.813802173330811E+001  0.374004731075307E+001
  0.607461884173655E-003  0.214687522848231E+002  0.879659199146760E+001  0.141605764234769E+002
  0.651199319845658E-003  0.213197245236423E+002  0.139688261306064E+002  0.153022101921061E+002
  0.657658145166640E-003  0.212900104608723E+002  0.666291030286250E+001  0.415555685592919E+001
  0.687784785157832E-003  0.211904539445940E+002  0.843687779748270E+001  0.133986399262511E+002
  0.686492452255438E-003  0.211842403537895E+002  0.148701290708766E+001  0.848481333051339E+001
  0.685490042078472E-003  0.211771877872266E+002  0.125400220761162E+002  0.678814017464115E+001
  0.684578091640501E-003  0.211698752012007E+002  0.595013398180935E+001  0.543469308531799E+001
  0.806258850275486E-003  0.208326958756881E+002  0.798607594044374E-001  0.540138015847684E+001
  0.815840775883022E-003  0.207990920662774E+002  0.157668618801274E+002  0.117335650096439E+002
  0.817712164037276E-003  0.207845346059667E+002  0.111030206653283E+001  0.873277630635691E+001
  0.841151593689308E-003  0.207180365212557E+002  0.154614985071827E+002  0.134822984071343E+002
  0.916231715836085E-003  0.205370666387301E+002  0.545107342139567E+001  0.582673845263086E+001
  0.935050508588610E-003  0.204864290554278E+002  0.866109744792227E+001  0.132687099488704E+001
  0.951263308073955E-003  0.204420732694890E+002  0.852760708944080E+001  0.106413619998278E+002
  0.953351674246034E-003  0.204277122774441E+002  0.355419140967255E+001  0.156853396208022E+002
  0.957191676260071E-003  0.204096975816409E+002  0.152000287528854E+001  0.154176673410752E+002
  0.981127066002904E-003  0.203503258623732E+002  0.221114601059216E+001  0.663180221092591E+001
  0.102068388056880E-002  0.202612984302208E+002  0.117138597469208E+002  0.830649569738757E+001
  0.106574300086253E-002  0.201649246761393E+002  0.876665214080095E+001  0.478088535653936E+001
  0.106871174505616E-002  0.201493861186727E+002  0.910440834387621E+001  0.713937858928243E+000
  0.108526809187778E-002  0.201086648371897E+002  0.256233102014480E+001  0.665776918982165E+001
  0.130499951672489E-002  0.197299385047883E+002  0.841553634555654E+001  0.241414117175434E+001
  0.135700672511633E-002  0.196418060892419E+002  0.110841287225148E+002  0.155020179688409E+002
  0.139898322524663E-002  0.195709022694816E+002  0.658397014571903E+001  0.115667221708512E+002
  0.146902540787861E-002  0.194632202104610E+002  0.646612093714012E+001  0.204577163862019E+001
  0.147015947629803E-002  0.194517017492298E+002  0.491841488314854E+001  0.603850850335113E+001
  0.155775974688478E-002  0.193259709716750E+002  0.939435105294957E+001  0.544902196728696E+001
  0.160319176431376E-002  0.192585003578227E+002  0.889835575337587E+001  0.123947333688696E+001
  0.160999265715470E-002  0.192400590281064E+002  0.146659930186629E+002  0.963490291460207E+001
  0.163606224418397E-002  0.191979586134613E+002  0.897028371166373E+001  0.101345441923836E+002
  0.167036153268178E-002  0.191464879192180E+002  0.114644667168743E+002  0.651014335571900E+001
  0.170734465329766E-002  0.190927143568873E+002  0.149290061609900E+002  0.499368533822536E+001
  0.172716857118372E-002  0.190596511251305E+002  0.353377276058622E+001  0.649801717639234E+001
  0.182107757826826E-002  0.189437860457161E+002  0.877724953262711E+001  0.442085530198014E+001
  0.188196916863217E-002  0.188680304488126E+002  0.141402387482560E+002  0.147836221925832E+002
  0.187455181322558E-002  0.188659534875706E+002  0.967887486952204E+001  0.146342884398047E+002
  0.211279567548707E-002  0.186166935299894E+002  0.142849326482514E+002  0.381427815638919E+000
  0.216672686481968E-002  0.185563071741118E+002  0.641705415127917E+001  0.241578338237661E+001
  0.217816965483584E-002  0.185357976017917E+002  0.864364510512122E+001  0.385550636110117E+001
  0.225524490251195E-002  0.184562752087369E+002  0.444964999194626E+001  0.613304056004185E+001
  0.227676429585488E-002  0.184273067352499E+002  0.114913119108511E+002  0.858975115749298E+001
  0.235785498737938E-002  0.183473375810817E+002  0.860274738844275E+001  0.114830337223571E+002
  0.272153819174778E-002  0.180504726379454E+002  0.558031586450817E+001  0.979691427676111E+001
  0.291028988513561E-002  0.179063866329861E+002  0.863034572691551E+001  0.311417985739859E+001
  0.305428257533392E-002  0.177998274785368E+002  0.150434439518254E+002  0.105863450377122E+002
  0.307607483235562E-002  0.177756330948332E+002  0.611621614804793E+001  0.107646936497497E+002
  0.311792057882963E-002  0.177386341731745E+002  0.867969985812389E+001  0.124188485162918E+002
  0.324159819901725E-002  0.176508587281368E+002  0.151253080426012E+002  0.415950520859303E+001
  0.345940691060272E-002  0.175108222815776E+002  0.595680919714433E+001  0.105069335333463E+002
  0.347457477820026E-002  0.174920973099799E+002  0.562374581032894E+001  0.982774358854045E+000
  0.371113083454437E-002  0.173503931633858E+002  0.484318776753153E+001  0.927709783405506E+001
  0.401732109521581E-002  0.171818607824902E+002  0.152094249572936E+002  0.358531716851341E+001
  0.402291716796173E-002  0.171691016657286E+002  0.145779718903703E+002  0.100039272156855E+002
  0.408402275439826E-002  0.171289762452135E+002  0.344186536869376E+001  0.877588836879477E+001
  0.409009280730543E-002  0.171160307838173E+002  0.446542474755327E+001  0.590339563342970E+001
  0.414282888010016E-002  0.170804333052090E+002  0.454404422107609E+001  0.585613470647067E+001
  0.416509011099477E-002  0.170597401185579E+002  0.497056689306738E+001  0.145763831626002E+002
  0.432494254401751E-002  0.169744431455403E+002  0.146647516139295E+002  0.117388775170703E+001
  0.441045613130161E-002  0.169253095433805E+002  0.950290134812828E+001  0.503738848973748E+001
  0.451580462312253E-002  0.168681239266618E+002  0.132124963593086E+002  0.235725328692216E-001
  0.471986808280350E-002  0.167697539065282E+002  0.100546800806427E+002  0.145390211263107E+002
  0.474336736797019E-002  0.167498459274725E+002  0.111164413578073E+002  0.892911752026490E+001
  0.482907620972439E-002  0.167040550648904E+002  0.138543490761722E+002  0.940643322795426E+001
  0.491438774343449E-002  0.166590560050508E+002  0.100404560247609E+002  0.550607011241220E+001
  0.512433792781961E-002  0.165654126120091E+002  0.600157750793875E+001  0.400850970185374E+001
  0.516722708931281E-002  0.165387677961664E+002  0.136359581976474E+002  0.570620633513778E+001
  0.515039952861893E-002  0.165353165296140E+002  0.893265234185719E+001  0.112332902359601E+002
  0.520277586980693E-002  0.165051054181257E+002  0.604392008402384E+001  0.216285964547991E+001
  0.524630880146159E-002  0.164784654558739E+002  0.101413704864174E+002  0.945341291228841E+001
  0.541900740296344E-002  0.164037145352351E+002  0.506271939783628E+001  0.536855381883480E+001
  0.544871666766776E-002  0.163828045633552E+002  0.130904144757886E+002  0.149419287544248E+002
  0.551827607373424E-002  0.163474586825249E+002  0.534811409833916E+001  0.927570789330898E+000
  0.550793184396295E-002  0.163412361979966E+002  0.550017914410657E+001  0.101154617441492E+002
  0.549807359880704E-002  0.163348439762927E+002  0.582033651369651E+000  0.498731645070712E+001
  0.555829101349828E-002  0.163030830668334E+002  0.654744299203991E-001  0.192632094779320E+001
  0.598925822186628E-002  0.161437542257404E+002  0.184207669701072E+001  0.125263175193228E+000
  0.610687351809221E-002  0.160948843933631E+002  0.890926319856120E+001  0.119418572107804E+002
  0.616034662898352E-002  0.160674731026472E+002  0.136562694401590E+002  0.560487786360315E+001
  0.632687674070928E-002  0.160041506964270E+002  0.124314257989890E+002  0.895382689383010E+001
  0.661835806244921E-002  0.159040944056757E+002  0.132492259500300E+002  0.147936844655782E+002
  0.667211869231821E-002  0.158779390383548E+002  0.605593476497796E+001  0.119812850747346E+002
  0.313454823241939E-001  0.125766226435522E+002  0.101922613643916E+002  0.962661643515671E+001
  0.323307821392766E-001  0.124766269903911E+002  0.909793940694201E+001  0.126155634065144E+002
  0.344570770386877E-001  0.123492377467342E+002  0.124988611171696E+002  0.909748000178390E+001
  0.365030605292696E-001  0.122338743436373E+002  0.944836556173757E+001  0.134308326082286E+002
  0.396910183069095E-001  0.119879752857580E+002  0.941418836727722E+001  0.132750683977548E+002
  0.403810205343930E-001  0.118765727983972E+002  0.126699368366185E+002  0.921575796780749E+001
  0.429986166054746E-001  0.117509566836349E+002  0.133531345371777E+002  0.144988456285079E+002
  0.446879857422670E-001  0.115969506280956E+002  0.109581083909190E+002  0.146145092025471E+002
  0.439096829932637E-001  0.115939938882947E+002  0.958800505035378E+001  0.105506828738487E+002
  0.475157661720788E-001  0.113980440777577E+002  0.145289332221941E+002  0.131518622758916E+002
  0.579699876356367E-001  0.109622199944505E+002  0.146913140959778E+002  0.117919271799992E+002
  0.578213389735020E-001  0.109292586607572E+002  0.145956058610937E+002  0.127185643616230E+002
  0.645555096129094E-001  0.105607075686483E+002  0.943598772155134E+001  0.125574894850897E+002
  0.644686336460923E-001  0.105273638824037E+002  0.938811596937268E+001  0.121722545892445E+002
  0.639046001531578E-001  0.105089017849770E+002  0.120146066520968E+002  0.938601178601671E+001
  0.656058516883285E-001  0.104563546932408E+002  0.119495370780679E+002  0.146034696184001E+002
  0.663932374128822E-001  0.103957957947715E+002  0.127276960480769E+002  0.951192842729045E+001
  0.803063286515534E-001  0.100152893440911E+002  0.117299393835454E+002  0.949668170100245E+001
  0.841081758498254E-001  0.992277864884747E+001  0.135957177021270E+002  0.139237228311655E+002
  0.827812109940572E-001  0.991648758447992E+001  0.127421554559228E+002  0.143853592456704E+002
  0.861797695487109E-001  0.983601889880874E+001  0.100575013382182E+002  0.135449801665936E+002
  0.922166935021791E-001  0.966177129996228E+001  0.103680308739598E+002  0.101771741885533E+002
  0.110798170305055E+000  0.925579695024095E+001  0.139703910547138E+002  0.133029205305490E+002
  0.111473564988809E+000  0.924364251663234E+001  0.141832100066928E+002  0.111047444775428E+002
  0.113338042086667E+000  0.917086246521259E+001  0.965798327161160E+001  0.118996706239838E+002
  0.116254019106971E+000  0.912005698335163E+001  0.104984890862666E+002  0.137859921126579E+002
  0.121908605607852E+000  0.898466354312260E+001  0.141009512714852E+002  0.129459985016629E+002
  0.119646874504596E+000  0.898171200368952E+001  0.141258827176715E+002  0.128868937600279E+002
  0.119897881084611E+000  0.897752060870339E+001  0.121445473768802E+002  0.142980149111182E+002
  0.124629271168360E+000  0.881847039899090E+001  0.992588458231615E+001  0.110830695222877E+002
  0.134733604840168E+000  0.858254766659639E+001  0.141496335541455E+002  0.125346672953056E+002
  0.136786648470173E+000  0.855230192643344E+001  0.142037945802067E+002  0.121408447438364E+002
  0.137455006216353E+000  0.854255345740251E+001  0.134840391150725E+002  0.103676926669494E+002
  0.137212674781985E+000  0.846443855480370E+001  0.140036518550888E+002  0.111201911198537E+002
  0.138440339712979E+000  0.844662379518224E+001  0.125158399563487E+002  0.141224464190640E+002
  0.133576442343267E+000  0.843651091982136E+001  0.106409474861269E+002  0.137069660370197E+002
  0.138883614793721E+000  0.835858619389086E+001  0.141010077432662E+002  0.125182649166284E+002
  0.159271691076652E+000  0.808463576563961E+001  0.124848599565491E+002  0.995701383855534E+001
  0.163511861514551E+000  0.798998086261206E+001  0.135764490394186E+002  0.106475817378079E+002
  0.159209142094381E+000  0.795996914624691E+001  0.111201089610519E+002  0.101264987928705E+002
  0.163222107494851E+000  0.791018274830831E+001  0.127107083088366E+002  0.139311453376792E+002
  0.164748260802771E+000  0.784946248832060E+001  0.112381276326770E+002  0.101044106848941E+002
  0.166450685843021E+000  0.778679473455613E+001  0.997286013460620E+001  0.119582319703525E+002
  0.168651880608266E+000  0.776051947861306E+001  0.133790530845217E+002  0.105225095818014E+002
  0.175725404354414E+000  0.763533534472262E+001  0.136503267363399E+002  0.108882433381240E+002
  0.177555899607898E+000  0.761460951955923E+001  0.105210358206606E+002  0.133234501664115E+002
  0.175075728608423E+000  0.751366622024139E+001  0.107216586907368E+002  0.105154948351529E+002
  0.175320585891154E+000  0.742752562312497E+001  0.100688630846556E+002  0.118500609967942E+002
  0.175465148786844E+000  0.734423318730247E+001  0.134064023479993E+002  0.133001967120500E+002
  0.211503617059279E+000  0.689061919907398E+001  0.137927850611036E+002  0.119719502060801E+002
  0.207990491601021E+000  0.688451341463248E+001  0.110524039161189E+002  0.135201384619919E+002
  0.208243115356941E+000  0.688208570305209E+001  0.133711527139761E+002  0.108483612523062E+002
  0.210297714850717E+000  0.678243904278582E+001  0.104309415778232E+002  0.111970426052584E+002
  0.218829143689957E+000  0.670290495674566E+001  0.110857238180456E+002  0.134802870961533E+002
  0.220993890409034E+000  0.660320669472202E+001  0.103020678170195E+002  0.117890998721559E+002
  0.227740052518558E+000  0.654306709059735E+001  0.130236644936690E+002  0.133488602456074E+002
  0.234864676442877E+000  0.644105238522650E+001  0.130166077494165E+002  0.106840186413802E+002
  0.227715883310100E+000  0.642286327059255E+001  0.118625604620876E+002  0.136517322758826E+002
  0.230001980788699E+000  0.640288488069305E+001  0.103550728059566E+002  0.118538997803399E+002
  0.234909016516367E+000  0.636066417188127E+001  0.108874002494108E+002  0.132029263626887E+002
  0.229024557711241E+000  0.629015300564541E+001  0.134409797478605E+002  0.127334686353775E+002
  0.225829662922049E+000  0.623980803035545E+001  0.122682767548748E+002  0.135786327883110E+002
  0.225889504049057E+000  0.620044196191129E+001  0.119629099711136E+002  0.135884936760497E+002
  0.229911629064283E+000  0.608821129214244E+001  0.116684642788965E+002  0.104825873254251E+002
  0.230192183235250E+000  0.608577224079587E+001  0.128412219953619E+002  0.106952534106206E+002
  0.227437540637620E+000  0.607101383959470E+001  0.106695600561183E+002  0.112093108939028E+002
  0.226566727643771E+000  0.600175357639617E+001  0.116862414282369E+002  0.105075004180147E+002
  0.233715387678831E+000  0.593962441982883E+001  0.121711337139461E+002  0.105051476531226E+002
  0.234458110502282E+000  0.593327870868183E+001  0.127508168098050E+002  0.106985397839434E+002
  0.239103600963724E+000  0.585443346175698E+001  0.120549918200114E+002  0.134750102469712E+002
  0.239851628892094E+000  0.584818629300352E+001  0.116508813228187E+002  0.134319735714838E+002
  0.241244904708079E+000  0.583660209221338E+001  0.110559768360448E+002  0.131267955561284E+002
  0.243610097987480E+000  0.581708935518913E+001  0.109452952471545E+002  0.109856366002779E+002
  0.243954441787250E+000  0.581426434369685E+001  0.117593473323737E+002  0.105575727039311E+002
  0.244850312319595E+000  0.580693322403881E+001  0.134514401379986E+002  0.121565267294317E+002
  0.245328267563263E+000  0.575907515534935E+001  0.133774781052269E+002  0.124311323371672E+002
  0.234816211842421E+000  0.563594222489845E+001  0.114824334930950E+002  0.106991106876407E+002
  0.231573227282704E+000  0.562335079192578E+001  0.127283946652731E+002  0.131903939980984E+002
  0.233043699584761E+000  0.561069109636325E+001  0.109330044433923E+002  0.111075553542521E+002
  0.229350522314421E+000  0.560140150083194E+001  0.117501603514270E+002  0.133650009223492E+002
  0.224814173020311E+000  0.560011759669322E+001  0.113583346488996E+002  0.132298898491620E+002
  0.225494735543993E+000  0.559407229730965E+001  0.130751908795053E+002  0.111269119533978E+002
  0.228523717871636E+000  0.556738591709840E+001  0.124701442475373E+002  0.132925154431523E+002
  0.229406453310717E+000  0.555967525212793E+001  0.127661463330402E+002  0.108611668622320E+002
  0.229681020626833E+000  0.555728296425740E+001  0.127511105759225E+002  0.131477637972057E+002
  0.230987704889426E+000  0.554593695620754E+001  0.109967257484255E+002  0.110706864901893E+002
  0.234412517200780E+000  0.551650100863568E+001  0.106947305420298E+002  0.123701601246864E+002
  0.233905159523234E+000  0.525377167395878E+001  0.112084184581233E+002  0.110245943389029E+002
  0.235197069853711E+000  0.524275562231142E+001  0.127126623664945E+002  0.130291325672017E+002
  0.227955543383852E+000  0.522018265958998E+001  0.121600234572447E+002  0.132324045682740E+002
  0.242904774932002E+000  0.505103810310084E+001  0.108273976120286E+002  0.119830409314482E+002
  0.245353631467120E+000  0.503097596356872E+001  0.129008558662710E+002  0.127373469596839E+002
  0.239537315898885E+000  0.499383943747389E+001  0.130226866940746E+002  0.125217252441832E+002
  0.239825688988749E+000  0.499143313476207E+001  0.131451035522378E+002  0.120664594357170E+002
  0.242659676333735E+000  0.496793795633109E+001  0.108637630613940E+002  0.119660965656621E+002
  0.243520598760157E+000  0.496085479503977E+001  0.131033376769451E+002  0.117397181664918E+002
  0.243690678745520E+000  0.495945843990495E+001  0.112716917411935E+002  0.111320879150279E+002
  0.240756662571477E+000  0.493770537641933E+001  0.125966830798298E+002  0.129517985847045E+002
  0.220761106623729E+000  0.489111473234695E+001  0.111246005354942E+002  0.113298982337948E+002
  0.226831544360021E+000  0.475351634892106E+001  0.112145349960461E+002  0.113211723755870E+002
  0.225413210709148E+000  0.472482264792895E+001  0.124407479506969E+002  0.129245592242073E+002
  0.226214855114475E+000  0.467648402542730E+001  0.128490687193161E+002  0.114710272195211E+002
  0.232098935754129E+000  0.462512703747501E+001  0.120632822698837E+002  0.129723004982898E+002
  0.233355696743884E+000  0.461432672349282E+001  0.125542179736000E+002  0.112053837225347E+002
  0.224780235786209E+000  0.460408887448878E+001  0.113290424193016E+002  0.113085156064137E+002
  0.225157859524980E+000  0.460073175641968E+001  0.117523375072512E+002  0.110706771748814E+002
  0.218066087464574E+000  0.457961969504991E+001  0.118263581974357E+002  0.110652732556338E+002
  0.196990515297563E+000  0.450523198228802E+001  0.110895379848016E+002  0.119768317383000E+002
  0.197811210063721E+000  0.449691696342592E+001  0.111086204908562E+002  0.118368883778335E+002
  0.198033686022438E+000  0.449466885075006E+001  0.118744760559011E+002  0.111038089169216E+002
  0.194791231304048E+000  0.448885022162503E+001  0.126538453623819E+002  0.126209527606010E+002
  0.185145679930303E+000  0.447610419810090E+001  0.114330880361373E+002  0.126920700040542E+002
  0.185418243700568E+000  0.447316204640142E+001  0.127497221525982E+002  0.124851026772614E+002
  0.185929216979398E+000  0.446765805183652E+001  0.118488097220574E+002  0.128769523469799E+002
  0.184203120025025E+000  0.440937946115220E+001  0.128104142611344E+002  0.117227743632282E+002
  0.178411809718963E+000  0.439778809717289E+001  0.113313690109031E+002  0.125243725438785E+002
  0.178723181597040E+000  0.439430065444626E+001  0.118380506329389E+002  0.111679429562007E+002
  0.176221077909672E+000  0.438440187657265E+001  0.113834556885524E+002  0.114268326110327E+002
  0.172617467531254E+000  0.435024393130532E+001  0.114349478915924E+002  0.114040084620812E+002
  0.173141658378505E+000  0.434417969514117E+001  0.127860614517731E+002  0.122247953655192E+002
  0.170664940194333E+000  0.433489905264396E+001  0.117618465869480E+002  0.112238377285149E+002
  0.171432705777995E+000  0.432592188625022E+001  0.114281498752043E+002  0.114315325970623E+002
  0.172329167407284E+000  0.431549066939474E+001  0.112660872752064E+002  0.116820241377681E+002
  0.172910486273738E+000  0.430875541277348E+001  0.113937465468846E+002  0.125152261935698E+002
  0.169678594748425E+000  0.430608602165738E+001  0.126632456315526E+002  0.124363910185431E+002
  0.169736903426860E+000  0.430539885587593E+001  0.115172415521900E+002  0.126297531295081E+002
  0.169830112544824E+000  0.430430087973667E+001  0.127329670538689E+002  0.116978310987862E+002
  0.171149463764124E+000  0.428882361487705E+001  0.115995392504108E+002  0.126728303427290E+002
  0.168412711621783E+000  0.427805050081115E+001  0.123103288724819E+002  0.127113313987844E+002
  0.168978271368617E+000  0.427134539836242E+001  0.113797646150158E+002  0.124592377736611E+002
  0.155060881696928E+000  0.423252898691249E+001  0.114097361340394E+002  0.124564684245762E+002
  0.152423703222598E+000  0.422643089392865E+001  0.112852105164955E+002  0.121993809303353E+002
  0.152804782359147E+000  0.422143687334990E+001  0.113978207575582E+002  0.115721414947632E+002
  0.150152622629818E+000  0.421521612573592E+001  0.120547855845424E+002  0.112675653389936E+002
  0.151400354238306E+000  0.419866528625035E+001  0.113361481553691E+002  0.117132738557233E+002
  0.138974087565806E+000  0.416775342328616E+001  0.126985179040381E+002  0.120638124455394E+002
  0.139861068967828E+000  0.415502928326264E+001  0.114410123091607E+002  0.115915787567546E+002
  0.137530562391475E+000  0.414903083072678E+001  0.126798400592368E+002  0.118946710307420E+002
  0.138413175598846E+000  0.413623668328649E+001  0.120751329800649E+002  0.126744164779825E+002
  0.138579284810731E+000  0.413383792872758E+001  0.124550737248086E+002  0.125009907193729E+002
  0.136138802139189E+000  0.412813464653597E+001  0.121802240728038E+002  0.113520032428327E+002
  0.133528604908576E+000  0.412561456287542E+001  0.118875546831336E+002  0.126612234726411E+002
  0.135498837552433E+000  0.409631988793934E+001  0.121195781320191E+002  0.126373906380419E+002
  0.129146903113116E+000  0.406859412264776E+001  0.118278253951565E+002  0.113973426385781E+002
  0.124485998058225E+000  0.406209804557547E+001  0.124923458660225E+002  0.116206064563447E+002
  0.122995690619764E+000  0.404658064105769E+001  0.113919691142990E+002  0.120335402783628E+002
  0.121064375394826E+000  0.403862916040648E+001  0.117866626691626E+002  0.125633491021196E+002
  0.121328106273611E+000  0.403427702900308E+001  0.114025121799287E+002  0.119608694358477E+002
  0.119583413361202E+000  0.402284031486807E+001  0.119028234957853E+002  0.114189295145355E+002
  0.117645206598962E+000  0.401511645258300E+001  0.114524258685034E+002  0.118011913224227E+002
  0.118082302948974E+000  0.400769946757695E+001  0.116693313547283E+002  0.124718088403077E+002
  0.116391497151491E+000  0.399530565287884E+001  0.114437683159395E+002  0.118992139210636E+002
  0.109871116634761E+000  0.398935935365619E+001  0.115286822047607E+002  0.116975685916968E+002
  0.104083440333893E+000  0.398105178447324E+001  0.117861347488299E+002  0.114905303679350E+002
  0.102142839137568E+000  0.398059673653530E+001  0.119340463194828E+002  0.114518278411458E+002
  0.990070040571691E-001  0.396747932392729E+001  0.115492428499254E+002  0.117024379345998E+002
  0.972631253582240E-001  0.396563637224212E+001  0.117275376335443E+002  0.124643775385275E+002
  0.941305566281364E-001  0.395702826803192E+001  0.115898470373343E+002  0.123362271292293E+002
  0.925836149524207E-001  0.395347106529980E+001  0.124245466426958E+002  0.123122131974419E+002
  0.884771345399983E-001  0.393607268233039E+001  0.124322594702499E+002  0.122710540534486E+002
  0.870440789357093E-001  0.393333254227109E+001  0.115372227429982E+002  0.122083641520376E+002
  0.858933645021623E-001  0.392454951917011E+001  0.122067087606010E+002  0.115460541060410E+002
  0.860308438580261E-001  0.392135091470414E+001  0.117707475097601E+002  0.124393632638310E+002
  0.834157373249985E-001  0.391165253541994E+001  0.122223830950124E+002  0.124317918035975E+002
  0.819865652792931E-001  0.391081656666547E+001  0.120918208032520E+002  0.115239418376533E+002
  0.823154133739794E-001  0.390281061234895E+001  0.115301535540250E+002  0.120793775581312E+002
  0.801233682517789E-001  0.388535609302705E+001  0.115515529004821E+002  0.119078199634283E+002
  0.766540561395748E-001  0.386951464350816E+001  0.116566589142501E+002  0.117245414558858E+002
  0.754489226445580E-001  0.386701900787529E+001  0.117218136841005E+002  0.123374570323803E+002
  0.732491908875780E-001  0.385839331275247E+001  0.117837089553282E+002  0.123685883393822E+002
  0.700745176061294E-001  0.384781540821568E+001  0.121587385041204E+002  0.123832275599518E+002
  0.691132469703196E-001  0.384291995331446E+001  0.121759822811647E+002  0.123690474999398E+002
  0.691945955829754E-001  0.384056727047205E+001  0.123032489618075E+002  0.122699133283408E+002
  0.681303040260361E-001  0.383850997426214E+001  0.121458718486406E+002  0.116238653894978E+002
  0.670413948870522E-001  0.383767505930064E+001  0.122108619611961E+002  0.116572783056145E+002
  0.671242160896490E-001  0.383520583600224E+001  0.116092042601918E+002  0.120820389720273E+002
  0.660559319224739E-001  0.383367767513541E+001  0.119896224031630E+002  0.116027395718164E+002
  0.631770948813925E-001  0.382360384048135E+001  0.116690478283542E+002  0.121957558881506E+002
  0.632120481886359E-001  0.382249762811895E+001  0.116873751729163E+002  0.122213802448078E+002
  0.568656596827198E-001  0.381340807468993E+001  0.121221109309717E+002  0.116496532254916E+002
  0.568926341489881E-001  0.381245959116877E+001  0.122474144948795E+002  0.122747572129601E+002
  0.544023506111096E-001  0.381173575559790E+001  0.118394568656624E+002  0.123319751870189E+002
  0.544065801460121E-001  0.381158027075396E+001  0.116317022395606E+002  0.119864760364319E+002
  0.536280389600666E-001  0.381033063379876E+001  0.122565575804450E+002  0.117377888085983E+002
  0.536659326387606E-001  0.380891792888328E+001  0.121579393233343E+002  0.123289665122916E+002
  0.528534909440818E-001  0.380889225409207E+001  0.118687006116314E+002  0.123404388225326E+002
  0.528831876394010E-001  0.380776883328869E+001  0.122445125140013E+002  0.122687532901506E+002
  0.520916516460346E-001  0.380692201131871E+001  0.117910144531753E+002  0.117042079789474E+002
  0.521144625418375E-001  0.380604640449487E+001  0.120663400452102E+002  0.123548115980033E+002
  0.521387068087532E-001  0.380511619709671E+001  0.116774609604422E+002  0.121591559996958E+002
  0.521700477528324E-001  0.380391434418785E+001  0.120910914702393E+002  0.116537882794896E+002
  0.513829103082013E-001  0.380179910137515E+001  0.123066670272756E+002  0.121788862849366E+002
  0.497916323778485E-001  0.380019475199474E+001  0.121343046816860E+002  0.116738054696147E+002
  0.497956351705633E-001  0.380003397671431E+001  0.120400213062087E+002  0.116497456082431E+002
  0.497994972641853E-001  0.379987886497221E+001  0.123117378461767E+002  0.118358529701316E+002
  0.498432953311845E-001  0.379812066174731E+001  0.120355915000970E+002  0.123479939281790E+002
  0.476184283779111E-001  0.379025508623883E+001  0.116995048942948E+002  0.121555752064673E+002
  0.476363467326703E-001  0.378950264711125E+001  0.116678422068307E+002  0.120584783270062E+002
  0.476421662013181E-001  0.378925833311113E+001  0.123312700983331E+002  0.120613540727483E+002
  0.476511742021166E-001  0.378888021641222E+001  0.117876356142658E+002  0.117391792737046E+002
  0.460726658183598E-001  0.378845197352390E+001  0.116834153651978E+002  0.121116781523504E+002
  0.460887347093377E-001  0.378775454961112E+001  0.119017710002280E+002  0.123199241791366E+002
  0.446112221693683E-001  0.378511766271118E+001  0.117433512957166E+002  0.117914455167536E+002
  0.439141244907125E-001  0.378300229568714E+001  0.119837737921532E+002  0.123270854216369E+002
  0.431950610621955E-001  0.378240775759075E+001  0.117145488516231E+002  0.118413454486554E+002
  0.431985179908824E-001  0.378224770270117E+001  0.123189386914447E+002  0.119309226449402E+002
  0.424714846019082E-001  0.378200541337459E+001  0.116902155063693E+002  0.121014142399365E+002
  0.425286201898132E-001  0.377931668273596E+001  0.123175537038168E+002  0.119478253403512E+002
  0.425649792885670E-001  0.377760754826806E+001  0.118086970218787E+002  0.122554536866269E+002
  0.425674920018021E-001  0.377748948693622E+001  0.117349589952569E+002  0.121774503308599E+002
  0.426149165946596E-001  0.377526252019326E+001  0.121431558745449E+002  0.122810956829228E+002
  0.404146640862919E-001  0.377315138814898E+001  0.121740811455113E+002  0.117409768155014E+002
  0.390268697691246E-001  0.377285337693160E+001  0.117815052349400E+002  0.117778305111986E+002
  0.390348592375540E-001  0.377244398459253E+001  0.117722792574549E+002  0.122117383177144E+002
  0.390514211640670E-001  0.377159559347050E+001  0.123034065907619E+002  0.119384703215185E+002
  0.390560269605334E-001  0.377135972369970E+001  0.116920023369525E+002  0.119727414153287E+002
  0.376845451088273E-001  0.377011871058574E+001  0.122783412349203E+002  0.121299643593841E+002
  0.370440303440074E-001  0.376836740337859E+001  0.120122803293582E+002  0.116959235884342E+002
  0.370488544167344E-001  0.376810696958663E+001  0.122639319019990E+002  0.118493587444452E+002
  0.357634602286655E-001  0.376599312757923E+001  0.117819839930606E+002  0.122066591770978E+002
  0.351397917276866E-001  0.376514122129210E+001  0.119576152964614E+002  0.122959571343613E+002
  0.345129253815172E-001  0.376510471668265E+001  0.119290648781938E+002  0.117096230168242E+002
  0.345192997180605E-001  0.376473536242514E+001  0.117378184722034E+002  0.118577253498030E+002
  0.339241610667262E-001  0.376281929185807E+001  0.120629444225063E+002  0.117117238152141E+002
  0.339350527331517E-001  0.376217727637283E+001  0.120619676087761E+002  0.117126271428671E+002
  0.339440749010883E-001  0.376164561556313E+001  0.120508462101142E+002  0.117113719596757E+002
  0.327096798419122E-001  0.376025148115105E+001  0.121731167014761E+002  0.122335122181008E+002
  0.327340195013349E-001  0.375876381093746E+001  0.117412448830576E+002  0.118732898284474E+002
  0.321240266404371E-001  0.375828871141444E+001  0.122872163381544E+002  0.120064306837066E+002
  0.321732845329576E-001  0.375522432808281E+001  0.122123002001324E+002  0.121854691895918E+002
  0.304052401290945E-001  0.375395043853593E+001  0.122735778703215E+002  0.119421082511267E+002
  0.304059069283330E-001  0.375390657820632E+001  0.119199056341221E+002  0.122678382682558E+002
  0.298377750969872E-001  0.375353355811950E+001  0.122788810941933E+002  0.119978181195371E+002
  0.292908378485851E-001  0.375243805968723E+001  0.118062210041393E+002  0.121978222121799E+002
  0.287673337799427E-001  0.375041020186507E+001  0.122715978488720E+002  0.119701557788762E+002
  0.287679865581735E-001  0.375036481908266E+001  0.119901002935321E+002  0.122729701120559E+002
  0.282158188805946E-001  0.375028948168575E+001  0.121521459576428E+002  0.117733130871885E+002
  0.272036359608860E-001  0.374642118899094E+001  0.118992806513620E+002  0.122460135544684E+002
  0.272248100747445E-001  0.374486508247173E+001  0.120753262925377E+002  0.122518668285137E+002
  0.272429883473981E-001  0.374353010849773E+001  0.117881261085342E+002  0.118487206894709E+002
  0.272435039369951E-001  0.374349225767817E+001  0.121909234488348E+002  0.121768795113757E+002
  0.272539295972656E-001  0.374272703555878E+001  0.117699090203217E+002  0.121184527070638E+002
  0.272935888117263E-001  0.373981880269278E+001  0.119113711293152E+002  0.122370856241007E+002
  0.273161397081139E-001  0.373816701658941E+001  0.117516570845847E+002  0.119728213294341E+002
  0.273446637686323E-001  0.373607966614498E+001  0.117622059171663E+002  0.120614776991729E+002
  0.273501644080238E-001  0.373567738756813E+001  0.122225851668789E+002  0.118981221406050E+002
  0.261970452653097E-001  0.373292568610264E+001  0.121632112751559E+002  0.121747387562790E+002
  0.262085110143143E-001  0.373205053087091E+001  0.121747282636291E+002  0.121605192572291E+002
  0.250809042018550E-001  0.373110188186847E+001  0.118181154984315E+002  0.121492172146200E+002
  0.245690688169730E-001  0.372838103081609E+001  0.120371287836053E+002  0.117736190126680E+002
  0.240476483002828E-001  0.372732537463693E+001  0.119364351812930E+002  0.117819845059612E+002
  0.235425279290279E-001  0.372582500774624E+001  0.117801414127157E+002  0.119583697642942E+002
  0.235516617026877E-001  0.372504922000292E+001  0.117794838472901E+002  0.119741598456223E+002
  0.235570774790043E-001  0.372458936678380E+001  0.119446904096785E+002  0.122139534603216E+002
  0.230223323604135E-001  0.372453350668226E+001  0.122182032306880E+002  0.119658426584629E+002
  0.230241293507214E-001  0.372437740432459E+001  0.118061399531357E+002  0.121050787977457E+002
  0.230292389652751E-001  0.372393360490132E+001  0.119955266588130E+002  0.122194526402239E+002
  0.230342162952026E-001  0.372350138982594E+001  0.118766790494808E+002  0.118196137472802E+002
  0.230366586327746E-001  0.372328933936429E+001  0.117842943106473E+002  0.120317216349903E+002
  0.224644234886463E-001  0.372296156568593E+001  0.119869486831377E+002  0.117831196274547E+002
  0.224692424095131E-001  0.372253258480588E+001  0.118528619153493E+002  0.118414792252337E+002
  0.224883710458695E-001  0.372083065838759E+001  0.118166466792689E+002  0.118929575535324E+002
  0.224913176753725E-001  0.372056861748948E+001  0.119266036832029E+002  0.118014364954192E+002
  0.219013652519539E-001  0.371893142609986E+001  0.121069915955802E+002  0.118218705758265E+002
  0.219014768799936E-001  0.371892123241979E+001  0.118368722683596E+002  0.121286718414066E+002
  0.207493820257248E-001  0.371585674541186E+001  0.118049479278034E+002  0.120453574880806E+002
  0.191697786044746E-001  0.371413424288865E+001  0.118309133699426E+002  0.120989435273568E+002
  0.191727395383848E-001  0.371382534988324E+001  0.121183395043539E+002  0.121551353562984E+002
  0.173164429945808E-001  0.371218292619525E+001  0.120493569078153E+002  0.118156289365777E+002
  0.161198900531237E-001  0.371074679440745E+001  0.118299507722637E+002  0.120779481990494E+002
  0.157483375762885E-001  0.371032401466799E+001  0.119829181227258E+002  0.121851434344450E+002
  0.144013111347602E-001  0.370721156931025E+001  0.121764766082717E+002  0.119822956721541E+002
  0.144045437200426E-001  0.370676269038446E+001  0.118571867416533E+002  0.121030190798162E+002
  0.144048977611482E-001  0.370671353412354E+001  0.119560888890372E+002  0.118296145087196E+002
  0.137686293052479E-001  0.370613979671415E+001  0.121703702087753E+002  0.119631264884054E+002
  0.137711437102254E-001  0.370577459327067E+001  0.120559872131379E+002  0.121639691813026E+002
  0.137744729660021E-001  0.370529113982948E+001  0.118533264690996E+002  0.119104238740288E+002
  0.134566368424473E-001  0.370491947350301E+001  0.120894428953109E+002  0.118545169798130E+002
  0.123006463104992E-001  0.370261716371515E+001  0.119117437853408E+002  0.121381081875578E+002
  0.123030656517246E-001  0.370222383424732E+001  0.120340940654586E+002  0.121590826707380E+002
  0.123161380769015E-001  0.370009989448882E+001  0.120268687343180E+002  0.121537004644960E+002
  0.120381528104825E-001  0.369977972629125E+001  0.119786711141155E+002  0.121535274310978E+002
  0.120383010350197E-001  0.369975510064861E+001  0.118782078951467E+002  0.120957478512831E+002
  0.112378228863711E-001  0.369938573278333E+001  0.121528597470980E+002  0.119837059004002E+002
  0.105226846639583E-001  0.369897331994953E+001  0.119750952144725E+002  0.118496705657941E+002
  0.100861772103011E-001  0.369858904614674E+001  0.119009338483359E+002  0.118858912320524E+002
  0.100879495340499E-001  0.369823764084909E+001  0.118824512307363E+002  0.120930902512349E+002
  0.100883408132758E-001  0.369816006876439E+001  0.118541858037294E+002  0.120338253767408E+002
  0.100895859388337E-001  0.369791323952870E+001  0.118549944089982E+002  0.120336524187576E+002
  0.100902676943501E-001  0.369777810365923E+001  0.120911996063951E+002  0.121170752007640E+002
  0.986254171130107E-002  0.369745396566357E+001  0.121377598521402E+002  0.120521733263574E+002
  0.942703263850961E-002  0.369685429911130E+001  0.120060300593728E+002  0.121451337475454E+002
  0.942733424152247E-002  0.369679031329521E+001  0.118940055924557E+002  0.120990018486992E+002
  0.882221954511335E-002  0.369458751187818E+001  0.121117784767116E+002  0.119203824692450E+002
  0.844994294943477E-002  0.369384488333088E+001  0.120460631524492E+002  0.121263682574804E+002
  0.827028184564860E-002  0.369381467460032E+001  0.119181832651365E+002  0.121066140876146E+002
  0.809478197246556E-002  0.369370013572396E+001  0.120113157167437E+002  0.121334839221024E+002
  0.809636016177493E-002  0.369331024616552E+001  0.121181972455050E+002  0.120598792493429E+002
  0.809644754487153E-002  0.369328866050893E+001  0.120420413842626E+002  0.118744330867644E+002
  0.809704190032932E-002  0.369314184707256E+001  0.119673777484607E+002  0.121277634648809E+002
  0.809752309121613E-002  0.369302299463356E+001  0.118956257072173E+002  0.120798427756342E+002
  0.739544772041264E-002  0.369246660964295E+001  0.121291315534585E+002  0.119938747468900E+002
  0.723542606652766E-002  0.369225957622411E+001  0.119700360458265E+002  0.121249304000462E+002
  0.723550558531507E-002  0.369223759594272E+001  0.119523634746542E+002  0.118807765770622E+002
  0.677572354451132E-002  0.369162982201207E+001  0.120561859235356E+002  0.118872222043581E+002
  0.677575742297404E-002  0.369161982208283E+001  0.118760597463054E+002  0.120224611392912E+002
  0.662907424186558E-002  0.369143399766934E+001  0.120805178146833E+002  0.119041003317562E+002
  0.648740463663825E-002  0.369068141208120E+001  0.118780298843669E+002  0.120071112695751E+002
  0.648908105125460E-002  0.369016465749418E+001  0.120699377338193E+002  0.120975665827202E+002
  0.620772784581988E-002  0.368991309929539E+001  0.120431554094804E+002  0.118891100675928E+002
  0.620830703961266E-002  0.368972650388114E+001  0.121111719430824E+002  0.120401642892845E+002
  0.594022218423224E-002  0.368910638460038E+001  0.119362041103618E+002  0.120963448817891E+002
  0.594027778129049E-002  0.368908766583992E+001  0.120568921215398E+002  0.121004829315254E+002
  0.594101419547789E-002  0.368883974189704E+001  0.120180627312018E+002  0.121129572787379E+002
  0.580635433256057E-002  0.368871463815096E+001  0.120023311370849E+002  0.118861796541379E+002
  0.554864685090745E-002  0.368858750008452E+001  0.120822568375833E+002  0.120778921044562E+002
  0.542591336572478E-002  0.368837746794766E+001  0.120376071722675E+002  0.121058727336145E+002
  0.542622938331019E-002  0.368826098677236E+001  0.120353242724899E+002  0.121061086694230E+002
  0.542696877118965E-002  0.368798848170239E+001  0.120867358156666E+002  0.119313614746345E+002
  0.530164361899768E-002  0.368765518978116E+001  0.121089528884531E+002  0.119944931805728E+002
  0.517862416879916E-002  0.368754914048171E+001  0.118959994673344E+002  0.119687126724011E+002
  0.463024242669961E-002  0.368645355324357E+001  0.120697564245772E+002  0.120763771016410E+002
  0.463062755908785E-002  0.368628720498945E+001  0.120813105576643E+002  0.119373767983645E+002
  0.453032506503708E-002  0.368612680280393E+001  0.120427876585791E+002  0.119075776744582E+002
  0.443221736016925E-002  0.368595639657615E+001  0.119002810887448E+002  0.120160749026601E+002
  0.433619641643728E-002  0.368580344213194E+001  0.119796471353360E+002  0.120981583934935E+002
  0.424231221013511E-002  0.368562384653857E+001  0.120140154112414E+002  0.120983528442274E+002
  0.415034880274144E-002  0.368549818033915E+001  0.120368968905374E+002  0.120915569057425E+002
  0.415039356375548E-002  0.368547661069534E+001  0.119673152919545E+002  0.119069721131239E+002
  0.415073001000858E-002  0.368531448986903E+001  0.119818114664393E+002  0.119039295347297E+002
  0.415103327404583E-002  0.368516836956807E+001  0.120837169993575E+002  0.119509520564351E+002
  0.396356776250876E-002  0.368455376863168E+001  0.119826023622163E+002  0.120921789456033E+002
  0.396378053132647E-002  0.368444640924245E+001  0.120489333334565E+002  0.119206412871791E+002
  0.354329494415711E-002  0.368377280248673E+001  0.120656659420690E+002  0.120608822939796E+002
  0.354349329794778E-002  0.368366084554152E+001  0.120379957291899E+002  0.120803930176456E+002
  0.339349952286956E-002  0.368319332434385E+001  0.119137626902908E+002  0.120015224780063E+002
  0.339409880875441E-002  0.368284015914042E+001  0.120590893044333E+002  0.120599539858835E+002
  0.325001116675410E-002  0.368262962906499E+001  0.120781023105456E+002  0.120278482554884E+002
  0.318086675307455E-002  0.368262663611677E+001  0.119969767229998E+002  0.120828454168573E+002
  0.318102957549579E-002  0.368252426260242E+001  0.120310642652828E+002  0.119238085227459E+002
  0.318106181074458E-002  0.368250399552555E+001  0.119438727119950E+002  0.120599965853034E+002
  0.304308914708456E-002  0.368228422545302E+001  0.120795124137063E+002  0.120144176524069E+002
  0.304317719383822E-002  0.368222635959652E+001  0.120804499704703E+002  0.120001703794636E+002
  0.297567928293762E-002  0.368214015963069E+001  0.120120597472181E+002  0.119210025993527E+002
  0.297570435390134E-002  0.368212330911978E+001  0.119263195281414E+002  0.119693346389588E+002
  0.297589583384648E-002  0.368199461771635E+001  0.120137227177003E+002  0.119222042937138E+002
  0.297605058433511E-002  0.368189061779581E+001  0.119366760129955E+002  0.119538853857549E+002
  0.277322264154902E-002  0.368182960693859E+001  0.120075076536304E+002  0.119224170814105E+002
  0.259265484035536E-002  0.368160237906217E+001  0.119642526566730E+002  0.120676045389640E+002
  0.259268212587515E-002  0.368158133084874E+001  0.120697507608653E+002  0.120310165986009E+002
  0.259306167949822E-002  0.368128856387991E+001  0.120717157443524E+002  0.120197808764519E+002
  0.253414616355495E-002  0.368127459143631E+001  0.119261911639190E+002  0.119914727299806E+002
  0.247655935820876E-002  0.368126859468539E+001  0.120657278511414E+002  0.119654411885182E+002
  0.236694090321733E-002  0.368088760269597E+001  0.119789379039896E+002  0.119315174621606E+002
  0.236700741375266E-002  0.368083140391147E+001  0.119820762644260E+002  0.120689638368702E+002
  0.236717951151944E-002  0.368068599540135E+001  0.119436348136149E+002  0.120418906713532E+002
  0.236727260606349E-002  0.368060734254628E+001  0.119634854638741E+002  0.120593287314806E+002
  0.231094724585165E-002  0.368057421882797E+001  0.120691788918601E+002  0.119941376685282E+002
  0.220357397709237E-002  0.368047197353637E+001  0.119313514971361E+002  0.120022855573122E+002
  0.210349759299387E-002  0.368039013729668E+001  0.120194250583840E+002  0.119347415018196E+002
  0.210359676049001E-002  0.368029585132367E+001  0.120028356722318E+002  0.119326674115456E+002
  0.205477193035770E-002  0.368020238400966E+001  0.119390727360331E+002  0.119728684741219E+002
  0.205495271718179E-002  0.368002642397368E+001  0.119590851452185E+002  0.119490268128013E+002
  0.200612123233403E-002  0.367993075368910E+001  0.119819858924371E+002  0.120620653913153E+002
  0.200613392825156E-002  0.367991809655039E+001  0.120358029157091E+002  0.120536853328054E+002
  0.200630718580320E-002  0.367974537620702E+001  0.120018716472453E+002  0.119368514424162E+002
  0.190854198069672E-002  0.367963697837493E+001  0.119854170834777E+002  0.119394179556143E+002
  0.146875397195270E-002  0.367875882232713E+001  0.120522704582806E+002  0.120165072317356E+002
  0.141333853929002E-002  0.367874573904355E+001  0.120458836693691E+002  0.119702292910718E+002
  0.138670395978431E-002  0.367869931852265E+001  0.120426039017818E+002  0.119663831402876E+002
  0.138671254467820E-002  0.367868693683547E+001  0.120518753007772E+002  0.119844514571085E+002
  0.136007030170643E-002  0.367864972375943E+001  0.119963910163340E+002  0.120536895350850E+002
  0.130882921209411E-002  0.367852393104750E+001  0.119510488431496E+002  0.119806717183430E+002
  0.126038148272428E-002  0.367848040941148E+001  0.119774810830333E+002  0.120471081200160E+002
  0.126039889938636E-002  0.367845277247459E+001  0.120401856415547E+002  0.119670795827984E+002
  0.126040794096477E-002  0.367843842535642E+001  0.120218171464609E+002  0.119530073978372E+002
  0.114796208831085E-002  0.367828062533762E+001  0.120417262021039E+002  0.120280252846000E+002
  0.114796569683314E-002  0.367827433851567E+001  0.120475072292843E+002  0.120162255620151E+002
  0.108756917733738E-002  0.367823254265764E+001  0.120036817324126E+002  0.119503526970985E+002
  0.108757257345748E-002  0.367822629732656E+001  0.119601285225390E+002  0.120297057198692E+002
  0.104942027022076E-002  0.367821078787050E+001  0.119861070071632E+002  0.120475777237985E+002
  0.103102201421680E-002  0.367818629565430E+001  0.120133733766789E+002  0.119525308981356E+002
  0.103104612632114E-002  0.367813952299171E+001  0.120374084079978E+002  0.120314006557907E+002
  0.101267438015716E-002  0.367806093388426E+001  0.120436204707107E+002  0.120201011343099E+002
  0.960322636644468E-003  0.367800269051495E+001  0.119905283491037E+002  0.120464633783270E+002
  0.897437222872584E-003  0.367780977100085E+001  0.119784443537094E+002  0.120398872447676E+002
  0.868516336870300E-003  0.367774367597105E+001  0.119596062452789E+002  0.120189179209189E+002
  0.868520900704646E-003  0.367773316650298E+001  0.119558455971156E+002  0.120054242409803E+002
  0.854291487470506E-003  0.367771295241410E+001  0.120039212682885E+002  0.120440845012495E+002
  0.840292082453189E-003  0.367770016285414E+001  0.120368745995357E+002  0.120242135074810E+002
  0.826535781856190E-003  0.367765423704779E+001  0.119936902402858E+002  0.120431310927458E+002
  0.812996505371514E-003  0.367762843005203E+001  0.120213266264920E+002  0.120376758840084E+002
  0.813003661233308E-003  0.367761082645780E+001  0.120384733296511E+002  0.119805964811268E+002
  0.799467802608100E-003  0.367757529651786E+001  0.120370471910672E+002  0.120211818160976E+002
  0.799471581786166E-003  0.367756584230564E+001  0.119884372475021E+002  0.120409635477177E+002
  0.760182059807075E-003  0.367749019443055E+001  0.119937063009734E+002  0.120411879953921E+002
  0.723994661242365E-003  0.367745774326393E+001  0.119620005185002E+002  0.120161136541785E+002
  0.712503543828840E-003  0.367745532548824E+001  0.119746562238455E+002  0.120325405236556E+002
  0.701197101562299E-003  0.367744637564733E+001  0.120400780498051E+002  0.120092732277257E+002
  0.701202018854702E-003  0.367743235027515E+001  0.119656631380499E+002  0.119776572748333E+002
  0.701208075941963E-003  0.367741507405250E+001  0.120400426574654E+002  0.119924153565072E+002
  0.689718770663977E-003  0.367739793922224E+001  0.120312162934039E+002  0.120258717882967E+002
  0.689720830828835E-003  0.367739196530398E+001  0.120363138850803E+002  0.120178643285813E+002
  0.667127188171437E-003  0.367733154090660E+001  0.119611606061743E+002  0.120083011791424E+002
  0.645623293578652E-003  0.367728093092834E+001  0.119924309956202E+002  0.119616658340074E+002
  0.625132081922169E-003  0.367726568315672E+001  0.120338252427451E+002  0.120191677669869E+002
  0.615210572235302E-003  0.367726171126974E+001  0.120371054075458E+002  0.119885646520862E+002
  0.615223814607252E-003  0.367721866184885E+001  0.120119320265126E+002  0.119636385399983E+002
  0.595703071566708E-003  0.367718451129225E+001  0.119914570350045E+002  0.119631571414974E+002
  0.595713947790955E-003  0.367714799603665E+001  0.120125853535342E+002  0.119648507170148E+002
  0.586116157102189E-003  0.367711217076331E+001  0.119632272310851E+002  0.120024086118301E+002
  0.586117396892023E-003  0.367710794024174E+001  0.119869345406554E+002  0.120343962380960E+002
  0.586121739361704E-003  0.367709312254952E+001  0.119912946080065E+002  0.120355416077446E+002
  0.586129875141218E-003  0.367706536134395E+001  0.120347675332557E+002  0.119898783817216E+002
  0.586142953177107E-003  0.367702073679726E+001  0.120329621503857E+002  0.120134201572463E+002
  0.586149852244045E-003  0.367699719637491E+001  0.120350243061752E+002  0.120040449392043E+002
  0.586168206213653E-003  0.367693457183553E+001  0.120318927077853E+002  0.119872213378261E+002
  0.586169982901474E-003  0.367692850980380E+001  0.120323045647610E+002  0.119885635634610E+002
  0.586171816279882E-003  0.367692225436393E+001  0.119932073152576E+002  0.120334959845240E+002
  0.586173195662987E-003  0.367691754795723E+001  0.120325272043809E+002  0.120102662609409E+002
  0.586194738099863E-003  0.367684404735642E+001  0.120260401053784E+002  0.120202935322113E+002
  0.586195762100640E-003  0.367684055363730E+001  0.119684848577508E+002  0.119903451241528E+002
  0.586203141007965E-003  0.367681537822198E+001  0.119701311626230E+002  0.120130037670326E+002
  0.586203988262781E-003  0.367681248757147E+001  0.120233677319923E+002  0.119773658697027E+002
  0.586227707303270E-003  0.367673156502193E+001  0.119852581931783E+002  0.119724298832996E+002
  0.586229405785849E-003  0.367672577041313E+001  0.119738066891957E+002  0.119831018325389E+002
  0.586238477120816E-003  0.367669482258044E+001  0.119806293548560E+002  0.119762204317016E+002
  0.586241762150479E-003  0.367668361546734E+001  0.119787066537920E+002  0.120218191671682E+002
  0.586244592644851E-003  0.367667395908418E+001  0.120034025626812E+002  0.120301371669652E+002
  0.586248635055167E-003  0.367666016826571E+001  0.120048217583614E+002  0.119702882835682E+002
  0.586264246458176E-003  0.367660691033309E+001  0.120254033836011E+002  0.119855970275286E+002
  0.586269412774154E-003  0.367658928588048E+001  0.120097508149826E+002  0.120272043134257E+002
  0.586273592135406E-003  0.367657502845457E+001  0.119787256048361E+002  0.119808089670342E+002
  0.586289042745235E-003  0.367652232130063E+001  0.120077094424847E+002  0.120266224149639E+002
  0.586291688846189E-003  0.367651329471206E+001  0.120275402880735E+002  0.120008333223835E+002
  0.586294186943062E-003  0.367650477304410E+001  0.120261624528691E+002  0.119918657338820E+002
  0.586294955012288E-003  0.367650215296449E+001  0.120156999205328E+002  0.119776050755513E+002
  0.586318467261239E-003  0.367642194835994E+001  0.119763390063786E+002  0.120103910019774E+002
  0.586321912159589E-003  0.367641019744837E+001  0.119774081165426E+002  0.119879305579446E+002
  0.586330541231910E-003  0.367638076307574E+001  0.119854821297008E+002  0.119796073126090E+002
  0.586338728324716E-003  0.367635283672680E+001  0.119895384759704E+002  0.119778807680268E+002
  0.586343052132938E-003  0.367633808828167E+001  0.119851213484885E+002  0.120190415648565E+002
  0.586346592587303E-003  0.367632601192581E+001  0.119773249041317E+002  0.120075973110037E+002
  0.586350269642173E-003  0.367631346970800E+001  0.119825907121513E+002  0.119839920774017E+002
  0.586353686370529E-003  0.367630181551910E+001  0.119978864426955E+002  0.120233069855608E+002
  0.586357049944220E-003  0.367629034270288E+001  0.120102133677230E+002  0.119792178681568E+002
  0.586360531163949E-003  0.367627846867699E+001  0.119997930376267E+002  0.120228974458155E+002
  0.586368920533572E-003  0.367624985382601E+001  0.119782412871125E+002  0.119952798918658E+002
  0.586371687627272E-003  0.367624041578428E+001  0.119822673454645E+002  0.119868913796028E+002
  0.586371979058891E-003  0.367623942176786E+001  0.120168751818683E+002  0.119858395908930E+002
  0.586377616779277E-003  0.367622019270000E+001  0.120158344522483E+002  0.119853258729967E+002
  0.586389645849826E-003  0.367617916471114E+001  0.119856338737987E+002  0.119852133063054E+002
  0.586416912129933E-003  0.367608616973280E+001  0.119906404708382E+002  0.120156344532357E+002
  0.586434800715948E-003  0.367602516087441E+001  0.119836053123872E+002  0.119985025776169E+002
  0.586436400543334E-003  0.367601970476846E+001  0.120162711201047E+002  0.120009069731572E+002
  0.586441428730878E-003  0.367600255656285E+001  0.120097843250660E+002  0.119876431910608E+002
  0.586448327758878E-003  0.367597902825438E+001  0.120024089742952E+002  0.119851982339387E+002
  0.586456307660551E-003  0.367595181410095E+001  0.119926212868173E+002  0.119880318809318E+002
  0.586459326341845E-003  0.367594151947717E+001  0.119871099269166E+002  0.119953921073816E+002
  0.586462642174068E-003  0.367593021153918E+001  0.119914180985560E+002  0.120101207553125E+002
  0.586466204244462E-003  0.367591806392970E+001  0.120128035028849E+002  0.120000377476464E+002
  0.586476916865646E-003  0.367588153148071E+001  0.120112524847494E+002  0.119991166829634E+002
  0.586477456079586E-003  0.367587969265747E+001  0.120094306366022E+002  0.120060516883644E+002
  0.586478255042030E-003  0.367587696804498E+001  0.119895286138480E+002  0.119963688433867E+002
  0.586479082977458E-003  0.367587414463307E+001  0.119926340797787E+002  0.119918910522462E+002
  0.586484576296842E-003  0.367585541150579E+001  0.119907179111248E+002  0.120038886389920E+002
  0.586486218085477E-003  0.367584981276916E+001  0.119990445465575E+002  0.119902651626008E+002
  0.586492944779026E-003  0.367582687393525E+001  0.120083323604054E+002  0.119981798663139E+002
  0.586498675322608E-003  0.367580733230006E+001  0.120065324094906E+002  0.119967554495512E+002
  0.586502389688287E-003  0.367579466610294E+001  0.120062336710865E+002  0.119987059254132E+002
  0.586503115556943E-003  0.367579219085913E+001  0.120055053718205E+002  0.119972163115200E+002
