  0.494065645841247E-322  0.149933050187263E+004 -0.300986472450423E+002  0.377386525890072E+002  0.163574065195802E+002
  0.305826634775732E-320  0.149105054778967E+004 -0.288577362778157E+002 -0.448762403517912E+002 -0.531760082168492E+001
  0.537159006860093E-311  0.144844943521944E+004  0.309884114224442E+002  0.218614374625282E+002  0.289586672609715E+002
  0.970942995541749E-311  0.144723899755240E+004  0.473484364448212E+002  0.201127040601022E+002  0.168405393261582E+002
  0.701238379743492E-308  0.143404783628831E+004  0.342125374077265E+002  0.343828693207529E+002 -0.675063166587369E+001
  0.138043274928505E-307  0.143266673697579E+004  0.104284514690090E+002 -0.535750909305714E+002  0.136180032959071E+002
  0.788006557826544E-303  0.141073568739934E+004  0.359337307188136E+002 -0.336602378196393E+002 -0.355849835382155E+001
  0.107832245254271E-300  0.140087154574206E+004  0.322251259959014E+002  0.374816455237411E+002 -0.675481146308001E+001
  0.142422489648251E-290  0.135423691105951E+004 -0.255060116480732E+002 -0.387267931297167E+002  0.184881071982454E+002
  0.196172803712121E-286  0.133514934385612E+004 -0.393786521333650E+002  0.307585929835502E+002 -0.153256349023636E+001
  0.422858566195282E-284  0.132437642934692E+004  0.333320029976375E+002 -0.103748393597995E+002 -0.320596232277520E+002
  0.108259123639869E-275  0.128562842745529E+004  0.420255070611961E+002  0.967347253500559E+001 -0.263771113485943E+002
  0.115970567687462E-275  0.128546431943039E+004 -0.408833675161285E+002  0.570050416036722E+000  0.289455856905510E+002
  0.201995528282368E-275  0.128432801072117E+004 -0.223871861431079E+002 -0.247663353092250E+002 -0.273723686016427E+002
  0.283744788900444E-274  0.127901669079452E+004 -0.301057986553105E+002 -0.343784140469330E+002 -0.124395094535332E+002
  0.229929041829452E-272  0.127020046888101E+004 -0.525599677984412E+001 -0.251277892455505E+002  0.347147272582280E+002
  0.298435542013313E-272  0.126965241198286E+004 -0.485598113098374E+002 -0.830228551590202E+001  0.193360868060460E+002
  0.252195379009083E-271  0.126535745108182E+004 -0.127660746209558E+002 -0.519080489258758E+002  0.854890703113993E+001
  0.232615386808005E-269  0.125628225567909E+004 -0.878240016137462E+001  0.541008780722647E+002 -0.225929759311848E+001
  0.132278860141779E-268  0.125277954327600E+004 -0.873046534103149E+001  0.212974673650313E+002 -0.366795616506274E+002
  0.464415008071719E-266  0.124103097985981E+004 -0.270994308497251E+000  0.513842017879035E+002 -0.156464701421720E+002
  0.666538343663648E-262  0.122186117045952E+004 -0.264619326848903E+002  0.425931282706700E+002  0.212559183491692E-001
  0.194308403353713E-253  0.118285345045816E+004 -0.482963074492983E+002  0.117485668734274E+002 -0.152632309634201E+002
  0.339219901879668E-253  0.118171255606393E+004  0.386776322078155E+002 -0.106058519876545E+002 -0.266307552018079E+002
  0.265708424786279E-252  0.117756939345452E+004 -0.405426118749073E+002 -0.637158565325360E+001  0.265291536786201E+002
  0.219332382675417E-248  0.115950584476069E+004 -0.395103440200043E+002 -0.150331002902703E+002 -0.232740375627779E+002
  0.351925767235667E-248  0.115853369039422E+004  0.290976329925404E+002  0.231090257962691E+002  0.230339379808097E+002
  0.216074168212505E-241  0.112724660572825E+004  0.920543987832215E+001  0.143141941394070E+002  0.387477466307078E+002
  0.534627610325065E-241  0.112540821781681E+004  0.130281965527983E+002  0.172322006245264E+002 -0.354469680288968E+002
  0.198279478012837E-235  0.109973449206438E+004 -0.172717366568510E+002  0.451356624563185E+002 -0.125874018618594E+002
  0.181971064477232E-232  0.108606415075796E+004  0.177411937314079E+001  0.498832434277109E+002 -0.133690321742876E+002
  0.645417509403174E-231  0.107890039067700E+004 -0.237409743453583E+002  0.324507860060046E+002  0.186833365187236E+002
  0.160403312521369E-228  0.106784280178941E+004  0.123652731302839E+002 -0.489503896465133E+002 -0.810187443417271E+001
  0.296738472872504E-228  0.106658599165328E+004  0.141804862693932E+002  0.385341626322723E+002 -0.226010447582955E+002
  0.552111011060225E-227  0.106071253512402E+004 -0.107620693092329E+002 -0.809719434356214E+001  0.394643589935200E+002
  0.932799151105849E-227  0.105963716312553E+004 -0.443365081950118E+002  0.127890390685052E+002  0.171065665617930E+002
  0.936332853706818E-225  0.105039277005875E+004  0.129819004002412E+002  0.408430468951831E+002 -0.208866712525313E+002
  0.191845501231167E-224  0.104893167073763E+004 -0.497732140743296E+002 -0.115290448980837E+002  0.428848761090671E+001
  0.229667597241018E-216  0.101170393346188E+004 -0.372817189378179E+002  0.185421884641934E+002 -0.189223671564536E+002
  0.780517911781430E-215  0.100462562351315E+004 -0.446647777028859E+002 -0.113074788480876E+002 -0.160386375453024E+002
  0.199907772812509E-214  0.100271816600276E+004 -0.184800425210658E+002  0.307933793278084E+002 -0.230983065383061E+002
  0.976740723410956E-213  0.994913775138812E+003 -0.437371952861801E+001 -0.276553841257734E+002  0.300998680119998E+002
  0.145558826502770E-208  0.975668715606818E+003 -0.394782837422954E+001 -0.174480048993622E+002  0.353864747374548E+002
  0.355551578477155E-205  0.960040534565168E+003  0.391252651113050E+002  0.218475986777506E+002 -0.102844449939008E+002
  0.521361324462658E-205  0.959248498118539E+003 -0.426959554395702E+001  0.410757876532184E+002  0.220375324080343E+002
  0.467910468091141E-202  0.945622829811679E+003  0.562035270541331E+001  0.352141413622443E+002  0.259111361332774E+002
  0.209901154512608E-199  0.933384109286232E+003 -0.441465418190269E+002 -0.135833982129340E+002  0.124355349014923E+002
  0.115319405059391E-198  0.929950310673531E+003  0.483553517156496E+002  0.365625543462387E+001 -0.100687011963448E+002
  0.265927702543177E-194  0.909832101949734E+003 -0.751490382591295E+001 -0.240919542801920E+002 -0.287304166422102E+002
  0.248789236897297E-190  0.891518167506318E+003 -0.300718576149055E+002 -0.412368518588266E+001 -0.276024216330429E+002
  0.480791123743053E-190  0.890174023409323E+003 -0.341195434631067E+002  0.260590536011586E+002 -0.748898553783725E+000
  0.106283613463002E-189  0.888561006373515E+003 -0.247245286966219E+002  0.320056846378701E+002  0.110428633654773E+002
  0.278084340454917E-188  0.882005719072361E+003  0.382337012529258E+002  0.221695981677164E+002 -0.684612171981714E+001
  0.171093077595464E-182  0.855319640960470E+003 -0.209621274296810E+002  0.235672219824229E+002 -0.197991512378576E+002
  0.100119950683368E-178  0.837944147258724E+003 -0.232942099896560E+002 -0.171144688085644E+002  0.228694095470917E+002
  0.383996052231460E-177  0.830623960023437E+003  0.108403712708296E+002 -0.300445838163321E+002  0.245161019438214E+002
  0.177398784427472E-176  0.827536763492333E+003  0.302912911704262E+002 -0.236002170932564E+002  0.123886419965290E+002
  0.174296330461460E-170  0.799914538559695E+003  0.327591082565744E+002 -0.114075771739187E+002  0.222667798728724E+002
  0.500558644407393E-170  0.797778112377727E+003 -0.302872492308838E+002 -0.199463119893469E+002  0.168201623503520E+002
  0.120212393011919E-169  0.795999381025214E+003  0.361243940976293E+002 -0.211108456644945E+002  0.889708374517193E+001
  0.634374501415344E-169  0.792646131859241E+003  0.342912061427365E+001  0.398146441463606E+002  0.194187988519954E+002
  0.870277573320183E-167  0.782776955565219E+003 -0.376263573773933E+002 -0.621091581988689E+001 -0.205508056697801E+002
  0.380802064567881E-166  0.779798359897720E+003  0.217859348169801E+002  0.219427113791782E+002 -0.170383391361249E+002
  0.285091172685129E-164  0.771140470454830E+003  0.444697888017234E+002  0.118966834863602E+002  0.443412181930134E+001
  0.215681849914030E-158  0.744040968142317E+003 -0.179121210922620E+002  0.130830858071904E+001  0.302560564425860E+002
  0.106638678021165E-155  0.731607683382189E+003  0.455410471705118E+002  0.718544088727207E+000  0.822003011172028E+001
  0.264366709783730E-151  0.711344730359988E+003 -0.196467917347851E+002 -0.233161098127557E+002  0.174119019187701E+002
  0.227250187910851E-147  0.693200130425674E+003  0.182261515914213E+002 -0.101580410060983E+002  0.257049144964175E+002
  0.954493356191703E-147  0.690303381726809E+003  0.893632535130475E+001 -0.421096284076769E+002  0.105086826218151E+002
  0.246873992123675E-146  0.688376326346361E+003 -0.186220929443187E+002 -0.316816125612757E+002  0.139268272236327E+002
  0.445987252115983E-144  0.677956670889281E+003  0.102364212290545E+002 -0.194290044449418E+001 -0.336266818872770E+002
  0.209212102783782E-143  0.674838893821192E+003  0.153474810976007E+002  0.386686895023536E+002 -0.892167909498248E+001
  0.253029954566843E-142  0.669826914589696E+003  0.201463350294261E+002 -0.385348202585843E+001 -0.254383962294953E+002
  0.513466903796124E-140  0.659174728372466E+003 -0.163035481763825E+001  0.384733214269295E+002 -0.174377657636399E+002
  0.316544694662561E-137  0.646300169617233E+003  0.134818940567446E+002  0.288671807993297E+002  0.193580581350791E+002
  0.151899119473466E-134  0.633926664274057E+003  0.174050166607191E+002  0.132958486086776E+002  0.219597272928505E+002
  0.859027371223012E-134  0.630435005475161E+003  0.361510514689071E+002  0.187578603235719E+002  0.255809027096348E+001
  0.477686239425777E-132  0.622371867992568E+003 -0.385576826530482E+002 -0.130757701178545E+001  0.162818037308133E+002
  0.243688110957617E-130  0.614481167047521E+003 -0.358352583870590E+001 -0.357165171620783E+002 -0.185324905432082E+002
  0.106586644086603E-129  0.611503368328007E+003  0.433233422407831E+001  0.334231675276903E+002  0.200343562375137E+002
  0.188998041117631E-129  0.610331321001185E+003  0.305261448937518E+001 -0.621164580806031E+000  0.342785837349123E+002
  0.193097157223861E-126  0.596446406355731E+003 -0.313097034901870E+002 -0.213113867002022E+002 -0.178449378350928E+001
  0.132838133791067E-125  0.592562869955604E+003  0.175892618451345E+002  0.224655566524311E+002 -0.163071878606248E+002
  0.676643016246937E-125  0.589280354535035E+003 -0.386575987224472E+002  0.120091470225971E+001  0.151180281834048E+002
  0.478577988523365E-122  0.576131002820302E+003  0.125622180162770E+002 -0.203230634111871E+002  0.201752303380490E+002
  0.402018433444257E-117  0.553427303919113E+003 -0.342715059141375E+002 -0.166820828830683E+002 -0.776415747994874E+001
  0.201150839128272E-116  0.550180529023355E+003  0.137902957227818E+002  0.157774270843083E+002 -0.199951826061393E+002
  0.472498362993085E-115  0.543840909959224E+003  0.169904604874518E+002 -0.341591800924959E+002  0.659586152985231E+001
  0.157654085423856E-114  0.541404511284114E+003 -0.208556564078437E+002  0.119321895761503E+002 -0.196753099885058E+002
  0.521575339485538E-113  0.534379949783171E+003 -0.225022761681154E+002  0.229696610034602E+002  0.283397472025335E+001
  0.149143987525978E-112  0.532252172208374E+003  0.214896630755159E+002 -0.216321037548963E+002  0.753113500405601E+001
  0.177441790479055E-112  0.531878220923649E+003  0.529933997613064E+000 -0.355069199122430E+001 -0.325346973597258E+002
  0.193003392488770E-112  0.531683600165660E+003 -0.259685843173956E+002  0.989366172135254E+001 -0.196722562758927E+002
  0.625673741962655E-112  0.529304867132454E+003  0.396853125233074E+002  0.709894321116543E+000  0.114066645376365E+002
  0.220557078834121E-111  0.526758551560869E+003 -0.118898275465200E+002  0.393192988942612E+002 -0.988863255581670E+000
  0.245280995608829E-111  0.526519565203625E+003  0.186612162393438E+000 -0.423693900484427E+002  0.386234874063202E+001
  0.387157090606987E-111  0.525580222639401E+003  0.689168654540623E+001  0.295516226109490E+002 -0.193823113308612E+002
  0.900156639697072E-111  0.523866255660421E+003  0.906732837205369E+001  0.386363360302565E+001 -0.303849148898026E+002
  0.597382347965682E-108  0.510844277519040E+003  0.109746209985509E+002  0.305720966466605E+001 -0.292322138182954E+002
  0.395412537902326E-104  0.493222361796785E+003 -0.173996052757574E+002  0.864625155264932E+001  0.202258934778722E+002
  0.277710656914694E-103  0.489297400858163E+003  0.287730408724517E+002 -0.473419031361914E+001  0.194612744858101E+002
  0.425064770006946E-103  0.488419586828434E+003 -0.239021191273087E+002 -0.149275334217204E+002  0.154655878296721E+002
  0.465495434108679E-101  0.479001034541426E+003  0.180826544627723E+002  0.317018698958796E+002 -0.197673743589588E+001
  0.223799056684667E-100  0.475834081316375E+003  0.207767239701642E+002 -0.133557409440699E+002 -0.169019990786474E+002
  0.969587724616690E-099  0.468270175928680E+003 -0.361438866232222E+001  0.621798854400478E+001  0.301336930745985E+002
  0.118962839732430E-097  0.463229464666786E+003 -0.131167906998112E+002  0.153659658591214E+002  0.166248953999271E+002
  0.426952633209415E-094  0.446831739846052E+003  0.139980197189273E+002 -0.341774989165207E+002 -0.622160076634503E+001
  0.288338088430479E-092  0.438379987756634E+003  0.831487057811918E+001  0.305937753113346E+002  0.156792043008526E+002
  0.103705329719449E-091  0.435793487517788E+003 -0.128092539422939E+002  0.156888815020131E+002 -0.155549328720152E+002
  0.343427781438093E-091  0.433372150390650E+003  0.192558982052114E+002 -0.243715429699236E+002 -0.568284740182704E+001
  0.576779527219757E-091  0.432308693446502E+003 -0.407506160485644E+001  0.931199603326490E+001  0.278272797719882E+002
  0.236531369571386E-089  0.424854621124199E+003 -0.175849875389018E+002 -0.126589112672546E+002 -0.157352124006599E+002
  0.636834115015814E-089  0.422847273939418E+003  0.112159674650674E+002 -0.355666157003776E+002 -0.659942658326330E+001
  0.101033074815706E-088  0.421897735837957E+003 -0.234347878963770E+002 -0.163522941069098E+002  0.114684372612461E+002
  0.193808596304933E-088  0.420568399147667E+003  0.686895153501122E+001  0.390062850873440E+002 -0.984702475419006E+000
  0.255177187043442E-087  0.415386564308258E+003 -0.916622236720036E+001  0.156078711369054E+002 -0.187512226703601E+002
  0.161829147322136E-085  0.407060567527722E+003  0.140625823707450E+002  0.633262806703947E+000  0.240615052764821E+002
  0.239429566193165E-085  0.406250640765860E+003 -0.170692199573963E+002 -0.212692939807366E+002  0.101046460319748E+002
  0.901333409730991E-085  0.403572918419295E+003 -0.207387470278526E+002 -0.107792921042209E+002  0.166029106125754E+002
  0.173274158401786E-084  0.402239258104751E+003  0.319859860276862E+002  0.871231623699349E+001 -0.130955546146254E+002
  0.996277368771812E-082  0.389504126017805E+003 -0.318651882680150E+002 -0.608494944600432E+001  0.141604177710650E+002
  0.169632666929494E-080  0.383808075962519E+003 -0.100670832858589E+002 -0.347683326127064E+002 -0.729252149449888E+001
  0.302564746087610E-080  0.382624265559422E+003  0.249043867258378E+002  0.155004097176457E+002 -0.103504184851202E+002
  0.987593355393799E-080  0.380231823629536E+003 -0.889526347080847E+001  0.186526249194779E+001 -0.269248194991771E+002
  0.753957837778158E-079  0.376140032152120E+003 -0.344449009555249E+002  0.124787903778876E+002 -0.766333524708436E+000
  0.108472859528845E-078  0.375386044411192E+003 -0.252739053263207E+001 -0.896716818719980E-001 -0.289159432311841E+002
  0.134681712878527E-078  0.374926725331193E+003  0.907667106102306E+001  0.731204039362281E+001 -0.250962724171354E+002
  0.170645653928252E-078  0.374426885087834E+003  0.285753612055742E+002 -0.977178149473176E+001 -0.139364615139619E+002
  0.334352524282130E-075  0.359239670694343E+003  0.449052674896416E+001  0.146698282145017E+001 -0.280484184748112E+002
  0.666554062222931E-074  0.353228159351552E+003  0.187366041663347E+002 -0.183734703347414E+002 -0.169457604498944E+001
  0.690898589584056E-073  0.348524755103800E+003  0.348250514286457E+001 -0.371097021335275E+002 -0.569891338457096E+001
  0.967196639683722E-073  0.347825447108404E+003 -0.153263197818011E+002  0.583337890898673E+001 -0.182294390688390E+002
  0.130934573135947E-072  0.347193194605503E+003  0.156877544805413E+002 -0.218387693063042E+002 -0.930210133416679E+001
  0.435806487038000E-069  0.330946192491985E+003  0.242652860167599E+001  0.349772983392468E+002 -0.946368288371833E+001
  0.142828787468528E-067  0.323940465037009E+003 -0.795967165661075E+001 -0.789897640979540E+001  0.236752649576748E+002
  0.116339143453092E-066  0.319719078490511E+003  0.324784982750572E+002  0.580110814981393E+001  0.109167720207589E+002
  0.172931073948819E-066  0.318899820991775E+003  0.951497871684776E+001  0.190212742876405E+002  0.147047510967997E+002
  0.370608144985568E-065  0.312743655966654E+003  0.288028750723278E+002 -0.149689835931018E+002  0.720030988744824E-001
  0.820590377774525E-065  0.311127407987847E+003 -0.509730376077579E+001  0.234435729247518E+002  0.161897904773132E+002
  0.270191678422472E-064  0.308717532202140E+003 -0.331816209525435E+000  0.702902964579550E+000 -0.272318300089334E+002
  0.460133734893209E-064  0.307626270652538E+003  0.166283650779583E+002 -0.219968994680084E+002 -0.399483990048363E+001
  0.116711423596717E-062  0.301133065331425E+003 -0.273403539029194E+002  0.599388340610358E+001 -0.141473757091028E+002
  0.281501822440231E-062  0.299345705880895E+003 -0.178524277863293E+002 -0.117147925671354E+002  0.120962755592831E+002
  0.132706578078664E-061  0.296218042062266E+003 -0.122051042854370E+002  0.152570368302742E+002  0.106643247980163E+002
  0.118231323203945E-060  0.291817376301921E+003  0.611644683859794E+001  0.149019153210239E+002  0.148514334679974E+002
  0.333761717021529E-059  0.285110147173057E+003 -0.348457155523788E+001  0.727761180461215E+001 -0.244508436604929E+002
  0.260134098453223E-057  0.276371776457464E+003  0.113794746681558E+002 -0.102146504089131E+002  0.156002551358945E+002
  0.399908103331872E-057  0.275485210968552E+003  0.176997598251551E+002  0.141600929028512E+002 -0.764908379600871E+001
  0.258404805305724E-056  0.271726965150910E+003  0.160462623839751E+002  0.153501669757538E+002 -0.304794433707494E+001
  0.824402749772907E-056  0.269380211064661E+003 -0.132503280538123E+002 -0.247365623583192E+002  0.775864694298726E+001
  0.195335595096211E-055  0.267628430634496E+003 -0.145886070714041E+002  0.108038518743331E+002  0.108951792510784E+002
  0.274440501262604E-055  0.266921909372035E+003  0.801793619589633E+001  0.166640946835700E+002 -0.134286615936997E+002
  0.356561039800527E-055  0.266371876997492E+003 -0.156898454636911E+002 -0.127798661026084E+002 -0.856119692386222E+001
  0.217087483898263E-053  0.258127456213882E+003 -0.318228348627115E+002 -0.910106350017850E+001  0.493368858135673E+001
  0.479834435369426E-053  0.256514684372010E+003 -0.141911706663980E+002 -0.215530485150014E+002 -0.644484349138006E+001
  0.562349675960096E-053  0.256170828443435E+003  0.221218247300761E+002 -0.115739816363792E+002  0.103215427707385E+002
  0.823090545711517E-053  0.255382453273753E+003 -0.391460838766638E+001 -0.953122152773926E+001  0.217489028621093E+002
  0.101818431804591E-052  0.254930542768274E+003 -0.299185699164060E+002  0.674857592472408E+001 -0.999158868243838E+001
  0.634231494317751E-052  0.251245606566626E+003 -0.152996341439702E+002  0.145929661595281E+002  0.226223756326958E+001
  0.662317911443667E-052  0.251132452815835E+003  0.223235487481872E+002 -0.152700813844696E+002  0.117507292176425E+001
  0.105217611048731E-051  0.250180222131811E+003  0.806551867887045E+001  0.118243535337308E+002  0.158425081866529E+002
  0.170782028433760E-051  0.249185016949958E+003  0.429467611475089E+001 -0.281976737216384E+002  0.123434811703207E+002
  0.196620640193264E-051  0.248876750232357E+003  0.200996400301461E+002  0.662104974361185E+000 -0.154029557854598E+002
  0.485262122696085E-050  0.242438263560502E+003 -0.252866935081498E+002 -0.135191374161787E+002  0.453262249288657E+001
  0.111987137003803E-049  0.240739213296194E+003 -0.444047425951737E+001 -0.595506533151665E+001 -0.232053476430301E+002
  0.155448256742734E-048  0.235451694845388E+003  0.554073532467868E+000 -0.343939254130251E+002  0.409661035484592E+001
  0.293400013693974E-048  0.234154756411480E+003 -0.104562467109999E+002  0.128737431163499E+002 -0.102657620010308E+002
  0.935843687836629E-048  0.231808442858030E+003 -0.329423015122814E+002  0.648733041065285E+001 -0.332301465470778E+001
  0.308378544626828E-047  0.229397023004622E+003 -0.274282860198896E+002  0.629003733462777E+001  0.111119587818476E+002
  0.330589005370153E-046  0.224626266647287E+003 -0.131845152475755E+002  0.140475246073594E+002 -0.482031949061816E+001
  0.697885633305344E-045  0.218500247383870E+003 -0.530480417227769E+001 -0.156183681894327E+002  0.126486098829716E+002
  0.113740855399665E-044  0.217496851899775E+003  0.195833472887010E+001 -0.185277730166675E+000 -0.242284945437434E+002
  0.111269737975764E-043  0.212909121934671E+003 -0.635672554876365E+000 -0.216460085683505E+002 -0.140932006996183E+002
  0.114653078726047E-043  0.212822724407401E+003 -0.248312702821066E+001 -0.180213405097510E+002  0.138406762486511E+002
  0.135785246238425E-043  0.212457906546480E+003  0.368841953149824E+001 -0.146373364138795E+002 -0.128927771369938E+002
  0.287235817053213E-042  0.206327787957643E+003  0.134788208986401E+002 -0.128300776902307E+001  0.135515935108099E+002
  0.541697086662663E-042  0.205032490656293E+003 -0.242634255132228E+002  0.752004008274281E+001  0.109145452737432E+002
  0.205762406491911E-041  0.202336799672614E+003 -0.945088227470153E+001  0.762153918656274E+001  0.166145575936105E+002
  0.523664794186942E-040  0.195836879758595E+003 -0.153928985028652E+002  0.127163728403669E+002  0.132925194965895E+001
  0.342201923394114E-039  0.192056120702621E+003 -0.325137248455389E+002  0.216759741940785E+001 -0.442571355255809E+001
  0.579318465798485E-039  0.190976727506052E+003  0.529587684312094E+001 -0.177512887267943E+002  0.121118256843245E+002
  0.518189997716504E-037  0.181962917455941E+003  0.961549609065443E+001 -0.256294698770994E+002 -0.682911627654245E+001
  0.338779592257364E-036  0.178181241297195E+003  0.243805578055790E+001  0.163552871415688E+002 -0.121563071661396E+002
  0.219266585077389E-035  0.174419703562926E+003 -0.107839045551931E+002 -0.172894465357520E+002  0.629306076994715E+001
  0.389698752549013E-035  0.173243041632829E+003 -0.248560499516721E+002 -0.886755449829084E+001 -0.773633670083531E+001
  0.431526739615450E-035  0.173012640246729E+003 -0.126240874285396E+002 -0.201926806505430E+002 -0.155901855004338E+001
  0.757446223144076E-033  0.162650563291793E+003  0.127506003497777E+002 -0.105944114767517E+002 -0.562723860336737E+001
  0.115127169989068E-032  0.161786733050174E+003  0.123872270615415E+002  0.117080156365686E+002  0.279912515193908E+001
  0.410133558040535E-032  0.159219351567491E+003 -0.117187477122479E+002 -0.219610722126798E+002 -0.262051659601419E+001
  0.108686506513838E-031  0.157243721341317E+003 -0.198803098639494E+002  0.646875527534604E+001  0.102081932108227E+002
  0.437951660328573E-031  0.154429949110967E+003 -0.905944148491611E+001  0.389048936851792E+001  0.167855117268304E+002
  0.270461804798261E-030  0.150762243778774E+003  0.267475580499316E+002 -0.908481374519474E+001  0.339432926892082E+001
  0.307215937304690E-030  0.150480913339108E+003 -0.291772139960543E+001 -0.273922234042541E+002 -0.872613638124831E+001
  0.529744639688129E-030  0.149364734486901E+003  0.109594391067015E+002 -0.224899037596783E+002 -0.344650780502485E+001
  0.759240755249551E-030  0.148618396335077E+003  0.288316545271007E+002 -0.266214940454262E+000  0.770532361965755E+001
  0.861448240183686E-030  0.148339313790712E+003  0.517878020362372E+001 -0.180642321330864E+002  0.103244835216028E+002
  0.202916341626149E-029  0.146599295529699E+003 -0.819955580484111E+001  0.186453419208464E+002  0.814580195258485E+001
  0.320725692360274E-029  0.145657220210233E+003 -0.234340419563378E+001 -0.878857082668608E+001  0.171936991624335E+002
  0.366452043514183E-029  0.145364166864725E+003  0.126370816923551E+001 -0.482261015123257E+001 -0.204562061803561E+002
  0.703357335015901E-029  0.144033681611300E+003 -0.290700883364663E+002 -0.500001346886610E+001 -0.505862158303136E+001
  0.298141402752198E-028  0.141118615337795E+003  0.237749482367751E+001 -0.120593804363579E+002  0.109566293286477E+002
  0.400262344404639E-028  0.140503020257708E+003  0.179922225349446E+002 -0.924744335618652E+001  0.630707928535870E+001
  0.422433664428708E-028  0.140368705336079E+003  0.255223472244474E+002 -0.985597268856235E+001  0.124691485683068E+001
  0.616111098101600E-028  0.139587425134316E+003 -0.212285198711848E+002  0.110820039510350E+002 -0.202236503105118E+001
  0.720631546810644E-028  0.139247533331704E+003 -0.231423917997848E+002 -0.783221883617571E+001  0.754001744293465E+001
  0.130829506173426E-027  0.138028338652095E+003  0.477456238517142E+001  0.102052917688714E+002  0.104040800595563E+002
  0.179844145680171E-027  0.137365456953519E+003 -0.626087511722965E+000  0.212642349809200E+002  0.111444061808316E+002
  0.361943401861626E-027  0.135940172034686E+003 -0.897779890847852E+001 -0.134502143426210E+002 -0.567960632303068E+001
  0.481724116790060E-027  0.135341914126736E+003 -0.702810087424105E+001 -0.277820680064348E+002  0.376958056030213E+001
  0.510340482227204E-026  0.130594840413655E+003 -0.298772600211175E+001  0.105498728342099E+002 -0.105761410057520E+002
  0.140556301508781E-025  0.128542119742540E+003 -0.102076016067140E+002  0.341262138297583E+001  0.112343750554501E+002
  0.156166090652485E-025  0.128305005301925E+003  0.577009247322989E+001 -0.160036698444424E+002 -0.823790500038513E+001
  0.171190574611509E-025  0.128094800282811E+003 -0.579701904394334E+001 -0.288446971913627E+002 -0.225461968172593E+001
  0.318032648681004E-025  0.126829556551380E+003 -0.302722920748607E+001 -0.929788148108770E+001 -0.144763207737521E+002
  0.591454685192385E-025  0.125562204049524E+003 -0.666345711172572E+001 -0.221015346858138E+002 -0.809732691467947E+001
  0.635968328562265E-025  0.125390586208532E+003 -0.228386635358546E+002 -0.765190246586248E+001  0.689953418868437E+001
  0.130909080801167E-024  0.123920217012411E+003  0.346777039931486E+001 -0.259385109520394E+002 -0.809020895723406E+001
  0.177882365648502E-024  0.123280487714668E+003  0.265897967590364E+002 -0.841940075693145E+000  0.824431993116225E+001
  0.270795903270251E-024  0.122413511365178E+003 -0.262470174115339E+002  0.739680900098716E+001 -0.418307413958218E+001
  0.306166564030863E-024  0.122141493175511E+003  0.359974848558313E+001 -0.143245291947192E+002 -0.890543028113753E+001
  0.134989198197530E-023  0.119147701573769E+003 -0.252604615189511E+002 -0.646501007656932E+001  0.620495759215292E+001
  0.446296947563475E-023  0.116729631579671E+003  0.710278502600620E+001 -0.270039696917868E+002  0.245908373987148E+001
  0.963939893595565E-023  0.115163052307290E+003 -0.612529810689566E+001  0.278655852728717E+002  0.214451662462422E+001
  0.216102637529988E-022  0.113521942613902E+003  0.874352522673333E+001 -0.411599464436335E+001 -0.129923076613389E+002
  0.545410863700918E-022  0.111643880319572E+003 -0.500232629512806E+001 -0.196085647585507E+002  0.867698094025502E+001
  0.169440575884868E-021  0.109350293896861E+003 -0.296811659935113E+001  0.151260786870893E+002 -0.813063038167007E+001
  0.210621496334281E-021  0.108888682671856E+003 -0.577973823134171E+001  0.366739645322043E+001  0.171313476800030E+002
  0.215465727414493E-021  0.108816713832311E+003  0.284059062832328E+002  0.478597276098802E+001  0.201854550358794E+001
  0.318803999335676E-021  0.108006674113953E+003  0.917191091370725E+001  0.275693610777844E+001  0.122593440268702E+002
  0.214564485752297E-020  0.104166945805945E+003 -0.328356935450635E+001  0.278228003458765E+001 -0.186294057581262E+002
  0.740102768548327E-020  0.101664097898630E+003 -0.616427142507120E+001 -0.648826915502951E+001  0.132234805564373E+002
  0.130893480282930E-019  0.100497247635442E+003 -0.700490420451410E+001 -0.573148851201088E+001 -0.127205168602429E+002
  0.218185233324833E-019  0.994488361192790E+002 -0.206495013548325E+002  0.262042670408866E+001 -0.899905305168294E+001
  0.248933089088613E-019  0.991586661744193E+002 -0.244580945127612E+002  0.197728723390256E+001  0.801230319655400E+001
  0.332100549922074E-019  0.985556684360381E+002  0.154050114881668E+002  0.775346895538055E+001 -0.248648682990662E+001
  0.668470016779281E-019  0.971300704629935E+002  0.890424776369186E+001 -0.220102121509506E+002  0.162052373111542E+001
  0.879000529711468E-019  0.965559920969575E+002 -0.188772653573360E+002  0.474533768561535E+000 -0.915930589896253E+001
  0.920264417502289E-019  0.964377505659323E+002  0.223771539599677E+002 -0.302292207125438E+001 -0.839472689233072E+001
  0.242928602697292E-018  0.944698768363833E+002  0.772177276694291E+001 -0.114347084423855E+001  0.147285499288486E+002
  0.362022109556729E-018  0.936455109789300E+002  0.477023127959468E+001 -0.276942799628478E+002  0.714890341647852E+000
  0.574447350856799E-018  0.926956141982544E+002 -0.750221299575778E+001  0.833385529832832E+001  0.473914263391072E+001
  0.761992843695790E-018  0.921040663157640E+002  0.836010945492033E+001 -0.103617357247932E+002 -0.330217978252778E+001
  0.122471951502730E-017  0.911285159317241E+002 -0.170816131278013E+002  0.645789477872944E+001 -0.545249822134219E+001
  0.312394883499005E-017  0.892292534715358E+002 -0.195215365804269E+002  0.750998945194279E+001 -0.462849786523983E+001
  0.639766291322581E-017  0.877690932179012E+002  0.613889640136082E+001 -0.154878862919073E+002  0.430832167624428E+001
  0.686508272954992E-017  0.876015720920040E+002  0.811203875468536E+001  0.130858544899916E+002 -0.104714337125744E+001
  0.679536452925257E-017  0.875954964329274E+002  0.822170092817835E+001 -0.186337524144781E+002 -0.263725342823356E+001
  0.111337439229816E-016  0.865815263852454E+002 -0.101636098973529E+000  0.174839028810389E+002  0.831041873829318E+001
  0.140910044685247E-016  0.860839236859699E+002 -0.403989394021284E+001 -0.805413832960932E+001 -0.740286278363234E+001
  0.196370283973188E-016  0.853936724823740E+002  0.591939848110697E+001 -0.256277722007224E+002 -0.273955872179703E+001
  0.260564330747439E-016  0.848014866271182E+002 -0.719519558921384E+000  0.854880151163404E+001  0.101561377098480E+002
  0.500606318962762E-016  0.834690557337295E+002 -0.273703354823450E+001 -0.127080909444731E+002  0.758066978277047E+001
  0.111669812177386E-015  0.818379422746079E+002 -0.371073688685639E+001  0.706981328719192E+001  0.126284447767703E+002
  0.177946844325309E-015  0.808795748875174E+002  0.503742157461380E+001  0.528421675429756E+001  0.594951645673619E+001
  0.199973763088640E-015  0.806196818438621E+002  0.274984429124127E+002 -0.382400645536478E+000  0.361516435429967E+001
  0.323663135933230E-015  0.796301571951026E+002  0.683340729886628E+001  0.382867338394279E+001  0.126643141389760E+002
  0.332133935946272E-015  0.795519966654559E+002  0.106843542619747E+002 -0.640761599214073E+000 -0.821557595739574E+001
  0.393629902722167E-015  0.791857605608224E+002  0.876291239228291E+001 -0.803308562622456E+001 -0.139601967211378E+001
  0.999992897446262E-015  0.772945960238271E+002  0.476374539044073E+001 -0.234577636083292E+002 -0.560961714709223E+001
  0.146972949960570E-014  0.764979346252005E+002 -0.625605727299997E+001  0.475442354446294E+000 -0.150947271191791E+002
  0.206534679941922E-014  0.757910046038296E+002 -0.624185272643270E+001 -0.248660003075023E+002 -0.140532130913078E+001
  0.372908287964206E-014  0.745827858048661E+002  0.350469822672535E+001  0.704706771761190E+001 -0.112088509242259E+002
  0.432798373879074E-014  0.742584164360168E+002  0.152346477555852E+002  0.332174190394264E+001 -0.543334797459404E+001
  0.443798764741934E-014  0.741817274688890E+002  0.209540821465770E+001 -0.199462912925036E+002  0.765576352082067E+001
  0.109203714360719E-013  0.723543791296078E+002  0.285040572954897E+001 -0.140844065289824E+002 -0.603075522742769E+001
  0.132572722678620E-013  0.719400561396217E+002 -0.894184848650473E+001  0.746176960081706E+001 -0.199122437566879E+001
  0.184412672228543E-013  0.712534763163085E+002  0.266851758129120E+002  0.247579074830586E+001 -0.304219799923083E+001
  0.247445798871539E-013  0.706389547960219E+002  0.705595197723167E+001 -0.660623945918023E+001  0.267841423669325E+001
  0.294015336421393E-013  0.702675836083033E+002 -0.377946746053395E+001 -0.232038408530436E+002 -0.587717797421457E+001
  0.304413817524170E-013  0.701715809809323E+002 -0.581387022926952E+001 -0.467971989584535E+001  0.118147516259065E+002
  0.812633821416288E-013  0.681813053548100E+002 -0.949842990460859E+000  0.252335519663907E+001  0.448881116888934E+000
  0.107154128043617E-012  0.676016694291363E+002  0.529777083329380E+001  0.505933689789195E+001  0.116616292034694E+002
  0.138116535169141E-012  0.670675198965671E+002  0.155034422283362E+001 -0.131809379791223E+001 -0.171936909341696E+002
  0.193721835987897E-012  0.663643784261202E+002 -0.126729154797856E+001  0.316962391239674E+001 -0.165980635524115E+002
  0.246439840388758E-012  0.658564987457117E+002  0.140979103858148E+002 -0.459894849264329E+001  0.409098417347843E+001
  0.268412828056180E-012  0.656591917121654E+002  0.374595291715679E+001 -0.592070339457337E+001 -0.767730595121441E+001
  0.321607702176894E-012  0.652710886825224E+002  0.312553867586291E+001  0.193786310857846E+002 -0.662862015579484E+001
  0.533326822101741E-012  0.642329943803164E+002 -0.233390166584435E+000  0.272378410097949E+001  0.240444235777495E+000
  0.530918076420384E-012  0.642155572933782E+002  0.811614799612322E+000 -0.219610855863310E+002  0.696660533277641E+001
  0.585130133166480E-012  0.639946137504668E+002  0.519210857011582E+001  0.145658441181092E+002  0.224458507160678E+001
  0.606534135678229E-012  0.638962698219400E+002  0.708600073862077E+001  0.185136434485058E+002  0.546091004496169E+000
  0.129667111415695E-011  0.623501902324091E+002  0.633418974632676E+001  0.207710263575998E+002  0.323362902556551E+001
  0.135764741366818E-011  0.622317936588019E+002  0.570090813969369E+001  0.950376279825925E+001  0.427876109526343E+001
  0.137741481882470E-011  0.621763930779657E+002  0.177594164942719E+001 -0.718502056927539E+001  0.631832788915071E+001
  0.146527711034373E-011  0.620262307129039E+002  0.114819425378801E+002  0.110555219190209E+001  0.688697605683811E+001
  0.184043010915414E-011  0.615438304176447E+002 -0.138799852407851E+001  0.304569418460153E+001  0.278440471687503E+000
  0.342556941073297E-011  0.602748031442940E+002  0.388365666005222E+001  0.321262282524693E+001  0.117014730902635E+001
  0.387367150174151E-011  0.600024425776785E+002  0.233725365257820E+002 -0.316775401855762E+001  0.523606553310901E+001
  0.500745239940208E-011  0.594625030903999E+002 -0.455625033231191E+001  0.419880122377059E+000 -0.474291099554485E+001
  0.528891996597312E-011  0.593266390825973E+002 -0.159555278099674E+001 -0.197192837639608E+002  0.674719620506401E+001
  0.848088647767641E-011  0.583557467850996E+002 -0.760815160314849E+001 -0.640815843574443E+001 -0.626844169118556E+000
  0.931294498748041E-011  0.581420755622944E+002  0.189837334129274E+002 -0.249396996808104E+001  0.630174574334441E+001
  0.104405095934581E-010  0.578870090559092E+002  0.628543214266757E+001  0.113708555814523E+002 -0.230731762871670E+001
  0.114567916570862E-010  0.576747399642519E+002 -0.421533070052968E+001 -0.167996875952361E+002  0.429957386505319E+001
  0.125312220940314E-010  0.574689683395151E+002  0.649562915224439E+001  0.112810139080206E+001 -0.572181964015245E+001
  0.471317103437663E-010  0.547930324208160E+002  0.215666277411641E+002  0.252865256223489E+001 -0.589637464804344E+001
  0.778943344439539E-010  0.537617275843910E+002  0.508755340243884E+001  0.151742384291359E+001  0.137945435393255E+002
  0.984280294653470E-010  0.532672923426321E+002  0.151824358306506E+002 -0.119787737306724E+001  0.421250305269048E+001
  0.243057777316663E-009  0.514328547570757E+002  0.188369224424571E+002  0.847010406622289E+000  0.617942445155248E+001
  0.260463312588393E-009  0.512680386338396E+002  0.636041244961000E+001 -0.471086583241282E+001 -0.215680137522651E+001
  0.267277988893296E-009  0.511898936663511E+002 -0.588253988164221E+001  0.110040089653544E+002  0.209766347012177E+001
  0.265338705130641E-009  0.511779674753260E+002 -0.139153248056491E+001 -0.248114699281155E+002 -0.386186092329261E+001
  0.268123675755921E-009  0.511305946051742E+002  0.102017320381523E+001 -0.243798201387231E+002 -0.444180420786221E+001
  0.339710314775271E-009  0.506308143750591E+002 -0.244874018000300E+001 -0.511446880815017E+001  0.127017221443946E+002
  0.410319494154734E-009  0.502266381791560E+002  0.333352661572401E+001  0.306427322804751E+000 -0.472335803304102E+001
  0.407451938245303E-009  0.502141739806654E+002  0.241531463004326E+002 -0.130299396167803E+001 -0.448222761055867E+001
  0.429573414597730E-009  0.500819441783104E+002 -0.250969075906296E+001  0.235551867396717E+002 -0.446840592912084E+001
  0.460121842614130E-009  0.499180563798869E+002 -0.369579791861204E+001  0.381937931649902E+001  0.132394572987654E+002
  0.454939768374598E-009  0.499142185197236E+002 -0.240251705603523E+002  0.468113718880073E+001 -0.788532135413156E+000
  0.234667911901924E-008  0.464113494736040E+002 -0.241821313878574E+002 -0.292514088513732E+001 -0.351817010345919E+001
  0.311774920819105E-008  0.458431291816788E+002 -0.180130074063156E+002 -0.322628967605898E+001 -0.484756517098551E+001
  0.665733209077884E-007  0.392479664726120E+002 -0.228707374132710E+002  0.479682796379696E+001  0.100589307919734E+000
  0.827427725153973E-007  0.388131009547735E+002 -0.992752609924306E+001  0.520513889795591E+001  0.193060122447466E+001
  0.134493033126423E-006  0.378415494944841E+002 -0.172550903463519E+002 -0.752491018938478E+000 -0.466407775460554E+001
  0.970100829967406E-006  0.334434871615928E+002 -0.105104428245262E+002 -0.405873635066092E+001 -0.295337739999146E+001
  0.126257663405457E-005  0.329164674715260E+002 -0.126329840791699E+002 -0.617935135853600E+000  0.419700631698599E+001
  0.142019135341853E-005  0.326811933957330E+002 -0.614113624063237E+001  0.972765322069009E+000  0.297606032482983E+001
  0.169614234989314E-005  0.323260636995238E+002 -0.752116755374699E+001 -0.894660830428393E+000  0.417059695342266E+001
  0.655453779901105E-005  0.292787609117686E+002 -0.240366350362552E+002 -0.217362163315576E+001 -0.522064208882917E+000
  0.807659098106945E-005  0.283708914522972E+002 -0.228247244320666E+002 -0.337748374552567E+001  0.998634282591674E+000
  0.168902469789740E-004  0.267213357417487E+002 -0.848363614458913E+001 -0.338666374719219E+001 -0.222830173218989E+001
  0.170294734915140E-004  0.266197980645871E+002 -0.157590443184820E+002  0.400876437067851E+000  0.698029268462605E+000
  0.178322595129632E-004  0.265276709215337E+002 -0.204761366659579E+002  0.409640360131614E+001 -0.123825921295279E+001
  0.195206244274886E-004  0.262578425556082E+002 -0.110525482688361E+002 -0.532780753976191E+000 -0.410840272028499E+001
  0.220974867279819E-004  0.258358351821198E+002 -0.130625133742969E+002 -0.744921913259489E+000 -0.281332221967103E+001
  0.234576407414803E-004  0.257163703947738E+002 -0.125456469563458E+002  0.186986620320418E+001  0.278433042167305E+001
  0.237606305088169E-004  0.256907028793844E+002 -0.202693882038729E+002 -0.331828395301283E+001 -0.257292985303723E+001
  0.251255652458151E-004  0.255789912138577E+002 -0.595984797622178E+001 -0.140918286644691E-001  0.112641369196999E+001
  0.253103273293728E-004  0.254667575979000E+002 -0.228553666029810E+002  0.375807830631274E-001 -0.305369782259138E+001
  0.287969955099518E-004  0.252086404942054E+002 -0.198389154868116E+002 -0.403918584589046E+001 -0.938356820537102E+000
  0.365004984923217E-004  0.245343638597109E+002 -0.198141484858900E+002  0.153411739500367E+001 -0.376286465863910E+001
  0.355300703976992E-004  0.244906765842294E+002 -0.965273778261607E+001  0.218713898299519E+001  0.340578216451726E+001
  0.482230876217514E-004  0.236002356769071E+002 -0.102802035918902E+002  0.310135711693415E+001 -0.243231354963025E+001
  0.645585567774239E-004  0.230167661443336E+002 -0.118878924286511E+002 -0.262274393261349E+001  0.214165499849736E+001
  0.759177212046230E-004  0.226926112060479E+002 -0.771270602176644E+001  0.228082138620852E+001  0.206678368821517E+001
  0.115705972836893E-003  0.218498069695610E+002 -0.231037056418142E+002 -0.129626654473255E+001  0.159666992519220E+001
  0.116008160871891E-003  0.218445904003085E+002 -0.217195946486938E+002  0.326428280907408E+001  0.494859508698909E+000
  0.155012411860209E-003  0.209565997421438E+002 -0.235748396304382E+002  0.200254468172780E+000 -0.387121496746801E+000
  0.210401766062693E-003  0.203455723732805E+002 -0.182163739623948E+002  0.667699855209520E+000 -0.295487241367280E+001
  0.275525355973592E-003  0.198062508014859E+002 -0.230233821599373E+002  0.282449389950344E+000 -0.161197921979465E+001
  0.433138124849683E-003  0.186907757469531E+002 -0.740665583038233E+001 -0.182934829307353E+001 -0.794776782478060E+000
  0.798442414868733E-003  0.174675633944461E+002 -0.129735853874177E+002 -0.720209048936198E+000 -0.345681665194597E+000
  0.700174675645037E-002  0.132134016608277E+002 -0.889334925040379E+001  0.187602018710974E+001  0.171919831246268E+001
  0.942936454740973E-002  0.118071333375393E+002 -0.867283387915403E+001 -0.175636189110317E+001  0.120304826730703E+001
  0.219285885546763E-001  0.101192083558020E+002 -0.971715631289701E+001 -0.153712940162874E+001 -0.147064945105503E+001
  0.258977344603832E-001  0.978647976912040E+001 -0.798694683830377E+001  0.367804986594813E+000  0.291864745923775E+000
  0.289728718062746E-001  0.956207087929657E+001 -0.922200910365328E+001 -0.167002139960410E+001 -0.808825302605285E+000
  0.328926126822543E-001  0.930829456568438E+001 -0.893003105375953E+001  0.385306643435889E+000  0.158157156368644E+001
