  0.119784443537094E+002  0.120398872447676E+002 -0.183890488550042E+001
  0.120323045647610E+002  0.119885635634610E+002 -0.183846425490190E+001
  0.120400426574654E+002  0.119924153565072E+002 -0.183870753702625E+001
  0.120368745995357E+002  0.120242135074810E+002 -0.183885008142707E+001
  0.119852581931783E+002  0.119724298832996E+002 -0.183836578251096E+001
  0.119836053123872E+002  0.119985025776169E+002 -0.183801258043720E+001
  0.119926340797787E+002  0.119918910522462E+002 -0.183793707231654E+001
  0.119884372475021E+002  0.120409635477177E+002 -0.183878292115282E+001
  0.119914570350045E+002  0.119631571414974E+002 -0.183859225564612E+001
  0.120125853535342E+002  0.119648507170148E+002 -0.183857399801832E+001
  0.120039212682885E+002  0.120440845012495E+002 -0.183885647620705E+001
  0.120275402880735E+002  0.120008333223835E+002 -0.183825664735603E+001
  0.119906404708382E+002  0.120156344532357E+002 -0.183804308486640E+001
  0.120312162934039E+002  0.120258717882967E+002 -0.183869896961112E+001
  0.119912946080065E+002  0.120355416077446E+002 -0.183854656127476E+001
  0.119856338737987E+002  0.119852133063054E+002 -0.183808958235557E+001
  0.120097508149826E+002  0.120272043134257E+002 -0.183829464294024E+001
  0.120156999205328E+002  0.119776050755513E+002 -0.183825107648224E+001
  0.119895286138480E+002  0.119963688433867E+002 -0.183793848402249E+001
  0.120338252427451E+002  0.120191677669869E+002 -0.183863284157836E+001
  0.119936902402858E+002  0.120431310927458E+002 -0.183882711852390E+001
  0.120261624528691E+002  0.119918657338820E+002 -0.183825238652205E+001
  0.119596062452789E+002  0.120189179209189E+002 -0.183887183798552E+001
  0.120350243061752E+002  0.120040449392043E+002 -0.183849859818746E+001
  0.119611606061743E+002  0.120083011791424E+002 -0.183866577045330E+001
  0.120325272043809E+002  0.120102662609409E+002 -0.183845877397862E+001
  0.119620005185002E+002  0.120161136541785E+002 -0.183872887163196E+001
  0.120065324094906E+002  0.119967554495512E+002 -0.183790366615003E+001
  0.119632272310851E+002  0.120024086118301E+002 -0.183855608538166E+001
  0.120400780498051E+002  0.120092732277257E+002 -0.183872318782366E+001
  0.120329621503857E+002  0.120134201572463E+002 -0.183851036839863E+001
  0.120055053718205E+002  0.119972163115200E+002 -0.183789609542956E+001
  0.120102133677230E+002  0.119792178681568E+002 -0.183814517135144E+001
  0.120347675332557E+002  0.119898783817216E+002 -0.183853268067198E+001
  0.119997930376267E+002  0.120228974458155E+002 -0.183813923433849E+001
  0.119782412871125E+002  0.119952798918658E+002 -0.183812492691300E+001
  0.119558455971156E+002  0.120054242409803E+002 -0.183886658325149E+001
  0.120213266264920E+002  0.120376758840084E+002 -0.183881421502602E+001
  0.120097843250660E+002  0.119876431910608E+002 -0.183800127828142E+001
  0.120363138850803E+002  0.120178643285813E+002 -0.183869598265199E+001
  0.120260401053784E+002  0.120202935322113E+002 -0.183842202367821E+001
  0.119787256048361E+002  0.119808089670342E+002 -0.183828751422729E+001
  0.119684848577508E+002  0.119903451241528E+002 -0.183842027681865E+001
  0.120112524847494E+002  0.119991166829634E+002 -0.183794076574036E+001
  0.120119320265126E+002  0.119636385399983E+002 -0.183860933092442E+001
  0.119914180985560E+002  0.120101207553125E+002 -0.183796510576959E+001
  0.120384733296511E+002  0.119805964811268E+002 -0.183880541322890E+001
  0.119763390063786E+002  0.120103910019774E+002 -0.183821097417997E+001
  0.119937063009734E+002  0.120411879953921E+002 -0.183874509721527E+001
  0.120168751818683E+002  0.119858395908930E+002 -0.183811971088393E+001
  0.119787066537920E+002  0.120218191671682E+002 -0.183834180773367E+001
  0.119932073152576E+002  0.120334959845240E+002 -0.183846112718197E+001
  0.120048217583614E+002  0.119702882835682E+002 -0.183833008413286E+001
  0.119869345406554E+002  0.120343962380960E+002 -0.183855397012087E+001
  0.119895384759704E+002  0.119778807680268E+002 -0.183817641836340E+001
  0.119806293548560E+002  0.119762204317016E+002 -0.183834741129022E+001
  0.120233677319923E+002  0.119773658697027E+002 -0.183840624378573E+001
  0.120162711201047E+002  0.120009069731572E+002 -0.183800985238423E+001
