  0.790505033345994E-322  0.150048363573398E+004 -0.300986472450423E+002  0.377386525890072E+002  0.163574065195802E+002
  0.488136858091152E-320  0.149220368165102E+004 -0.288577362778157E+002 -0.448762403517912E+002 -0.531760082168492E+001
  0.857784290790448E-311  0.144960256908079E+004  0.309884114224442E+002  0.218614374625282E+002  0.289586672609715E+002
  0.155048996329264E-310  0.144839213141376E+004  0.473484364448212E+002  0.201127040601022E+002  0.168405393261582E+002
  0.111980113627738E-307  0.143520097014966E+004  0.342125374077265E+002  0.343828693207529E+002 -0.675063166587369E+001
  0.220440039486908E-307  0.143381987083714E+004  0.104284514690090E+002 -0.535750909305714E+002  0.136180032959071E+002
  0.125836044394914E-302  0.141188882126069E+004  0.359337307188136E+002 -0.336602378196393E+002 -0.355849835382155E+001
  0.172196323320529E-300  0.140202467960341E+004  0.322251259959014E+002  0.374816455237411E+002 -0.675481146308001E+001
  0.227433167303113E-290  0.135539004492086E+004 -0.255060116480732E+002 -0.387267931297167E+002  0.184881071982454E+002
  0.313266550789632E-286  0.133630247771748E+004 -0.393786521333650E+002  0.307585929835502E+002 -0.153256349023636E+001
  0.675258965550791E-284  0.132552956320827E+004  0.333320029976375E+002 -0.103748393597995E+002 -0.320596232277520E+002
  0.172878001498811E-275  0.128678156131664E+004  0.420255070611961E+002  0.967347253500559E+001 -0.263771113485943E+002
  0.185192335762708E-275  0.128661745329174E+004 -0.408833675161285E+002  0.570050416036722E+000  0.289455856905510E+002
  0.322564806245042E-275  0.128548114458252E+004 -0.223871861431079E+002 -0.247663353092250E+002 -0.273723686016427E+002
  0.453109450654613E-274  0.128016982465587E+004 -0.301057986553105E+002 -0.343784140469330E+002 -0.124395094535332E+002
  0.367171577799227E-272  0.127135360274236E+004 -0.525599677984412E+001 -0.251277892455505E+002  0.347147272582280E+002
  0.476568979544886E-272  0.127080554584421E+004 -0.485598113098374E+002 -0.830228551590202E+001  0.193360868060460E+002
  0.402728487396226E-271  0.126651058494317E+004 -0.127660746209558E+002 -0.519080489258758E+002  0.854890703113993E+001
  0.371461377454112E-269  0.125743538954044E+004 -0.878240016137462E+001  0.541008780722647E+002 -0.225929759311848E+001
  0.211234898389938E-268  0.125393267713735E+004 -0.873046534103149E+001  0.212974673650313E+002 -0.366795616506274E+002
  0.741620066393420E-266  0.124218411372116E+004 -0.270994308497251E+000  0.513842017879035E+002 -0.156464701421720E+002
  0.106438896695874E-261  0.122301430432087E+004 -0.264619326848903E+002  0.425931282706700E+002  0.212559183491692E-001
  0.310289306959103E-253  0.118400658431951E+004 -0.482963074492983E+002  0.117485668734274E+002 -0.152632309634201E+002
  0.541697149707786E-253  0.118286568992528E+004  0.386776322078155E+002 -0.106058519876545E+002 -0.266307552018079E+002
  0.424307346245064E-252  0.117872252731587E+004 -0.405426118749073E+002 -0.637158565325360E+001  0.265291536786201E+002
  0.350249869997418E-248  0.116065897862204E+004 -0.395103440200043E+002 -0.150331002902703E+002 -0.232740375627779E+002
  0.561987029546136E-248  0.115968682425557E+004  0.290976329925404E+002  0.231090257962691E+002  0.230339379808097E+002
  0.345046857208615E-241  0.112839973958960E+004  0.920543987832215E+001  0.143141941394070E+002  0.387477466307078E+002
  0.853741926884069E-241  0.112656135167816E+004  0.130281965527983E+002  0.172322006245264E+002 -0.354469680288968E+002
  0.316630679656296E-235  0.110088762592573E+004 -0.172717366568510E+002  0.451356624563185E+002 -0.125874018618594E+002
  0.290587923675467E-232  0.108721728461931E+004  0.177411937314079E+001  0.498832434277109E+002 -0.133690321742876E+002
  0.103066130046585E-230  0.108005352453835E+004 -0.237409743453583E+002  0.324507860060046E+002  0.186833365187236E+002
  0.256146578414304E-228  0.106899593565076E+004  0.123652731302839E+002 -0.489503896465133E+002 -0.810187443417271E+001
  0.473858945400842E-228  0.106773912551464E+004  0.141804862693932E+002  0.385341626322723E+002 -0.226010447582955E+002
  0.881661009145919E-227  0.106186566898537E+004 -0.107620693092329E+002 -0.809719434356214E+001  0.394643589935200E+002
  0.148957840800014E-226  0.106079029698688E+004 -0.443365081950118E+002  0.127890390685052E+002  0.171065665617930E+002
  0.149522134526960E-224  0.105154590392010E+004  0.129819004002412E+002  0.408430468951831E+002 -0.208866712525313E+002
  0.306356321151373E-224  0.105008480459898E+004 -0.497732140743296E+002 -0.115290448980837E+002  0.428848761090671E+001
  0.366754079334099E-216  0.101285706732323E+004 -0.372817189378179E+002  0.185421884641934E+002 -0.189223671564536E+002
  0.124640189377164E-214  0.100577875737451E+004 -0.446647777028859E+002 -0.113074788480876E+002 -0.160386375453024E+002
  0.319230888685815E-214  0.100387129986411E+004 -0.184800425210658E+002  0.307933793278084E+002 -0.230983065383061E+002
  0.155974830174585E-212  0.996066909000163E+003 -0.437371952861801E+001 -0.276553841257734E+002  0.300998680119998E+002
  0.232441554857020E-208  0.976821849468170E+003 -0.394782837422954E+001 -0.174480048993622E+002  0.353864747374548E+002
  0.567777054258713E-205  0.961193668426519E+003  0.391252651113050E+002  0.218475986777506E+002 -0.102844449939008E+002
  0.832557116679626E-205  0.960401631979891E+003 -0.426959554395702E+001  0.410757876532184E+002  0.220375324080343E+002
  0.747201934435158E-202  0.946775963673030E+003  0.562035270541331E+001  0.352141413622443E+002  0.259111361332774E+002
  0.335189228255189E-199  0.934537243147583E+003 -0.441465418190269E+002 -0.135833982129340E+002  0.124355349014923E+002
  0.184152500134930E-198  0.931103444534883E+003  0.483553517156496E+002  0.365625543462387E+001 -0.100687011963448E+002
  0.424657508883635E-194  0.910985235811086E+003 -0.751490382591295E+001 -0.240919542801920E+002 -0.287304166422102E+002
  0.397289250301828E-190  0.892671301367669E+003 -0.300718576149055E+002 -0.412368518588266E+001 -0.276024216330429E+002
  0.767770935293731E-190  0.891327157270674E+003 -0.341195434631067E+002  0.260590536011586E+002 -0.748898553783725E+000
  0.169723327418366E-189  0.889714140234867E+003 -0.247245286966219E+002  0.320056846378701E+002  0.110428633654773E+002
  0.444070332454212E-188  0.883158852933712E+003  0.382337012529258E+002  0.221695981677164E+002 -0.684612171981714E+001
  0.273216966205795E-182  0.856472774821822E+003 -0.209621274296810E+002  0.235672219824229E+002 -0.197991512378576E+002
  0.159880630863752E-178  0.839097281120076E+003 -0.232942099896560E+002 -0.171144688085644E+002  0.228694095470917E+002
  0.613199773480861E-177  0.831777093884789E+003  0.108403712708296E+002 -0.300445838163321E+002  0.245161019438214E+002
  0.283286491604701E-176  0.828689897353685E+003  0.302912911704262E+002 -0.236002170932564E+002  0.123886419965290E+002
  0.278332211324635E-170  0.801067672421046E+003  0.327591082565744E+002 -0.114075771739187E+002  0.222667798728724E+002
  0.799337507718661E-170  0.798931246239079E+003 -0.302872492308838E+002 -0.199463119893469E+002  0.168201623503520E+002
  0.191966067713811E-169  0.797152514886566E+003  0.361243940976293E+002 -0.211108456644945E+002  0.889708374517193E+001
  0.101302682230558E-168  0.793799265720592E+003  0.342912061427365E+001  0.398146441463606E+002  0.194187988519954E+002
  0.138973827393345E-166  0.783930089426570E+003 -0.376263573773933E+002 -0.621091581988689E+001 -0.205508056697801E+002
  0.608099323878773E-166  0.780951493759071E+003  0.217859348169801E+002  0.219427113791782E+002 -0.170383391361249E+002
  0.455259478570210E-164  0.772293604316182E+003  0.444697888017234E+002  0.118966834863602E+002  0.443412181930134E+001
  0.344420367716428E-158  0.745194102003668E+003 -0.179121210922620E+002  0.130830858071904E+001  0.302560564425860E+002
  0.170290326754353E-155  0.732760817243540E+003  0.455410471705118E+002  0.718544088727207E+000  0.822003011172028E+001
  0.422164773864783E-151  0.712497864221340E+003 -0.196467917347851E+002 -0.233161098127557E+002  0.174119019187701E+002
  0.362893740549242E-147  0.694353264287026E+003  0.182261515914213E+002 -0.101580410060983E+002  0.257049144964175E+002
  0.152422168510457E-146  0.691456515588161E+003  0.893632535130475E+001 -0.421096284076769E+002  0.105086826218151E+002
  0.394230813491032E-146  0.689529460207713E+003 -0.186220929443187E+002 -0.316816125612757E+002  0.139268272236327E+002
  0.712192951942194E-144  0.679109804750633E+003  0.102364212290545E+002 -0.194290044449418E+001 -0.336266818872770E+002
  0.334088887869975E-143  0.675992027682544E+003  0.153474810976007E+002  0.386686895023536E+002 -0.892167909498248E+001
  0.404061213448977E-142  0.670980048451047E+003  0.201463350294261E+002 -0.385348202585843E+001 -0.254383962294953E+002
  0.819950588731356E-140  0.660327862233818E+003 -0.163035481763825E+001  0.384733214269295E+002 -0.174377657636399E+002
  0.505487319298404E-137  0.647453303478584E+003  0.134818940567446E+002  0.288671807993297E+002  0.193580581350791E+002
  0.242566310543545E-134  0.635079798135408E+003  0.174050166607191E+002  0.132958486086776E+002  0.219597272928505E+002
  0.137177292940058E-133  0.631588139336513E+003  0.361510514689071E+002  0.187578603235719E+002  0.255809027096348E+001
  0.762812774008025E-132  0.623525001853920E+003 -0.385576826530482E+002 -0.130757701178545E+001  0.162818037308133E+002
  0.389143309080476E-130  0.615634300908872E+003 -0.358352583870590E+001 -0.357165171620783E+002 -0.185324905432082E+002
  0.170207234241549E-129  0.612656502189359E+003  0.433233422407831E+001  0.334231675276903E+002  0.200343562375137E+002
  0.301809238215296E-129  0.611484454862537E+003  0.305261448937518E+001 -0.621164580806031E+000  0.342785837349123E+002
  0.308355079124871E-126  0.597599540217083E+003 -0.313097034901870E+002 -0.213113867002022E+002 -0.178449378350928E+001
  0.212127997350356E-125  0.593716003816956E+003  0.175892618451345E+002  0.224655566524311E+002 -0.163071878606248E+002
  0.108052502591857E-124  0.590433488396387E+003 -0.386575987224472E+002  0.120091470225971E+001  0.151180281834048E+002
  0.764236799962107E-122  0.577284136681654E+003  0.125622180162770E+002 -0.203230634111871E+002  0.201752303380490E+002
  0.641979548723476E-117  0.554580437780464E+003 -0.342715059141375E+002 -0.166820828830683E+002 -0.776415747994874E+001
  0.321215929883031E-116  0.551333662884707E+003  0.137902957227818E+002  0.157774270843083E+002 -0.199951826061393E+002
  0.754528301720127E-115  0.544994043820575E+003  0.169904604874518E+002 -0.341591800924959E+002  0.659586152985231E+001
  0.251756362880441E-114  0.542557645145465E+003 -0.208556564078437E+002  0.119321895761503E+002 -0.196753099885058E+002
  0.832898875306541E-113  0.535533083644523E+003 -0.225022761681154E+002  0.229696610034602E+002  0.283397472025335E+001
  0.238166665608937E-112  0.533405306069725E+003  0.214896630755159E+002 -0.216321037548963E+002  0.753113500405601E+001
  0.283355167573987E-112  0.533031354785001E+003  0.529933997613064E+000 -0.355069199122430E+001 -0.325346973597258E+002
  0.308205347079491E-112  0.532836734027012E+003 -0.259685843173956E+002  0.989366172135254E+001 -0.196722562758927E+002
  0.999132659346100E-112  0.530458000993805E+003  0.396853125233074E+002  0.709894321116543E+000  0.114066645376365E+002
  0.352205576059312E-111  0.527911685422221E+003 -0.118898275465200E+002  0.393192988942612E+002 -0.988863255581670E+000
  0.391686971968747E-111  0.527672699064977E+003  0.186612162393438E+000 -0.423693900484427E+002  0.386234874063202E+001
  0.618247606667096E-111  0.526733356500752E+003  0.689168654540623E+001  0.295516226109490E+002 -0.193823113308612E+002
  0.143745188095538E-110  0.525019389521772E+003  0.906732837205369E+001  0.386363360302565E+001 -0.303849148898026E+002
  0.953954391784290E-108  0.511997411380391E+003  0.109746209985509E+002  0.305720966466605E+001 -0.292322138182954E+002
  0.631430654727290E-104  0.494375495658136E+003 -0.173996052757574E+002  0.864625155264932E+001  0.202258934778722E+002
  0.443473600636588E-103  0.490450534719515E+003  0.287730408724517E+002 -0.473419031361914E+001  0.194612744858101E+002
  0.678782032180522E-103  0.489572720689786E+003 -0.239021191273087E+002 -0.149275334217204E+002  0.154655878296721E+002
  0.743345388821284E-101  0.480154168402778E+003  0.180826544627723E+002  0.317018698958796E+002 -0.197673743589588E+001
  0.357382660750783E-100  0.476987215177726E+003  0.207767239701642E+002 -0.133557409440699E+002 -0.169019990786474E+002
  0.154832574358456E-098  0.469423309790031E+003 -0.361438866232222E+001  0.621798854400478E+001  0.301336930745985E+002
  0.189970667543737E-097  0.464382598528138E+003 -0.131167906998112E+002  0.153659658591214E+002  0.166248953999271E+002
  0.681796743611510E-094  0.447984873707403E+003  0.139980197189273E+002 -0.341774989165207E+002 -0.622160076634503E+001
  0.460444448540605E-092  0.439533121617986E+003  0.831487057811918E+001  0.305937753113346E+002  0.156792043008526E+002
  0.165606089758434E-091  0.436946621379139E+003 -0.128092539422939E+002  0.156888815020131E+002 -0.155549328720152E+002
  0.548416673976504E-091  0.434525284252002E+003  0.192558982052114E+002 -0.243715429699236E+002 -0.568284740182704E+001
  0.921053936321161E-091  0.433461827307853E+003 -0.407506160485644E+001  0.931199603326490E+001  0.278272797719882E+002
  0.377714774408342E-089  0.426007754985550E+003 -0.175849875389018E+002 -0.126589112672546E+002 -0.157352124006599E+002
  0.101695455670263E-088  0.424000407800769E+003  0.112159674650674E+002 -0.355666157003776E+002 -0.659942658326330E+001
  0.161338790414766E-088  0.423050869699309E+003 -0.234347878963770E+002 -0.163522941069098E+002  0.114684372612461E+002
  0.309491169667546E-088  0.421721533009019E+003  0.686895153501122E+001  0.390062850873440E+002 -0.984702475419006E+000
  0.407490109294700E-087  0.416539698169610E+003 -0.916622236720036E+001  0.156078711369054E+002 -0.187512226703601E+002
  0.258423480928719E-085  0.408213701389073E+003  0.140625823707450E+002  0.633262806703947E+000  0.240615052764821E+002
  0.382342878009018E-085  0.407403774627212E+003 -0.170692199573963E+002 -0.212692939807366E+002  0.101046460319748E+002
  0.143933105422828E-084  0.404726052280646E+003 -0.207387470278526E+002 -0.107792921042209E+002  0.166029106125754E+002
  0.276699914138760E-084  0.403392391966102E+003  0.319859860276862E+002  0.871231623699349E+001 -0.130955546146254E+002
  0.159094619151651E-081  0.390657259879157E+003 -0.318651882680150E+002 -0.608494944600432E+001  0.141604177710650E+002
  0.270884849809411E-080  0.384961209823870E+003 -0.100670832858589E+002 -0.347683326127064E+002 -0.729252149449888E+001
  0.483162867654676E-080  0.383777399420773E+003  0.249043867258378E+002  0.155004097176457E+002 -0.103504184851202E+002
  0.157707877021007E-079  0.381384957490887E+003 -0.889526347080847E+001  0.186526249194779E+001 -0.269248194991771E+002
  0.120398835522673E-078  0.377293166013472E+003 -0.344449009555249E+002  0.124787903778876E+002 -0.766333524708436E+000
  0.173219314379356E-078  0.376539178272544E+003 -0.252739053263207E+001 -0.896716818719980E-001 -0.289159432311841E+002
  0.215071991884310E-078  0.376079859192545E+003  0.907667106102306E+001  0.731204039362281E+001 -0.250962724171354E+002
  0.272502479455778E-078  0.375580018949186E+003  0.285753612055742E+002 -0.977178149473176E+001 -0.139364615139619E+002
  0.533924479069867E-075  0.360392804555694E+003  0.449052674896416E+001  0.146698282145017E+001 -0.280484184748112E+002
  0.106441406778188E-073  0.354381293212904E+003  0.187366041663347E+002 -0.183734703347414E+002 -0.169457604498944E+001
  0.110328962021684E-072  0.349677888965151E+003  0.348250514286457E+001 -0.371097021335275E+002 -0.569891338457096E+001
  0.154450744198810E-072  0.348978580969755E+003 -0.153263197818011E+002  0.583337890898673E+001 -0.182294390688390E+002
  0.209088218801232E-072  0.348346328466855E+003  0.156877544805413E+002 -0.218387693063042E+002 -0.930210133416679E+001
  0.695935381575550E-069  0.332099326353336E+003  0.242652860167599E+001  0.349772983392468E+002 -0.946368288371833E+001
  0.228081980565417E-067  0.325093598898360E+003 -0.795967165661075E+001 -0.789897640979540E+001  0.236752649576748E+002
  0.185780911021961E-066  0.320872212351863E+003  0.324784982750572E+002  0.580110814981393E+001  0.109167720207589E+002
  0.276152045722871E-066  0.320052954853127E+003  0.951497871684776E+001  0.190212742876405E+002  0.147047510967997E+002
  0.591820747204824E-065  0.313896789828006E+003  0.288028750723278E+002 -0.149689835931018E+002  0.720030988744824E-001
  0.131039324713848E-064  0.312280541849199E+003 -0.509730376077579E+001  0.234435729247518E+002  0.161897904773132E+002
  0.431466612852612E-064  0.309870666063491E+003 -0.331816209525435E+000  0.702902964579550E+000 -0.272318300089334E+002
  0.734783340526014E-064  0.308779404513889E+003  0.166283650779583E+002 -0.219968994680084E+002 -0.399483990048363E+001
  0.186375401768457E-062  0.302286199192776E+003 -0.273403539029194E+002  0.599388340610358E+001 -0.141473757091028E+002
  0.449527678088631E-062  0.300498839742247E+003 -0.178524277863293E+002 -0.117147925671354E+002  0.120962755592831E+002
  0.211917917239969E-061  0.297371175923618E+003 -0.122051042854370E+002  0.152570368302742E+002  0.106643247980163E+002
  0.188802515509471E-060  0.292970510163273E+003  0.611644683859794E+001  0.149019153210239E+002  0.148514334679974E+002
  0.532981024374783E-059  0.286263281034408E+003 -0.348457155523788E+001  0.727761180461215E+001 -0.244508436604929E+002
  0.415405755656112E-057  0.277524910318816E+003  0.113794746681558E+002 -0.102146504089131E+002  0.156002551358945E+002
  0.638609581924727E-057  0.276638344829903E+003  0.176997598251551E+002  0.141600929028512E+002 -0.764908379600871E+001
  0.412644263291368E-056  0.272880099012261E+003  0.160462623839751E+002  0.153501669757538E+002 -0.304794433707494E+001
  0.131648118901249E-055  0.270533344926012E+003 -0.132503280538123E+002 -0.247365623583192E+002  0.775864694298726E+001
  0.311929620030446E-055  0.268781564495848E+003 -0.145886070714041E+002  0.108038518743331E+002  0.108951792510784E+002
  0.438251519072316E-055  0.268075043233386E+003  0.801793619589633E+001  0.166640946835700E+002 -0.134286615936997E+002
  0.569389053786421E-055  0.267525010858844E+003 -0.156898454636911E+002 -0.127798661026084E+002 -0.856119692386222E+001
  0.346665011732233E-053  0.259280590075234E+003 -0.318228348627115E+002 -0.910106350017850E+001  0.493368858135673E+001
  0.766243208405450E-053  0.257667818233362E+003 -0.141911706663980E+002 -0.215530485150014E+002 -0.644484349138006E+001
  0.898011039207082E-053  0.257323962304786E+003  0.221218247300761E+002 -0.115739816363792E+002  0.103215427707385E+002
  0.131438574238349E-052  0.256535587135105E+003 -0.391460838766638E+001 -0.953122152773926E+001  0.217489028621093E+002
  0.162592919786380E-052  0.256083676629626E+003 -0.299185699164060E+002  0.674857592472408E+001 -0.999158868243838E+001
  0.101279845558328E-051  0.252398740427977E+003 -0.152996341439702E+002  0.145929661595281E+002  0.226223756326958E+001
  0.105764939745998E-051  0.252285586677187E+003  0.223235487481872E+002 -0.152700813844696E+002  0.117507292176425E+001
  0.168021037941284E-051  0.251333355993162E+003  0.806551867887045E+001  0.118243535337308E+002  0.158425081866529E+002
  0.272720254652689E-051  0.250338150811309E+003  0.429467611475089E+001 -0.281976737216384E+002  0.123434811703207E+002
  0.313981696758449E-051  0.250029884093708E+003  0.200996400301461E+002  0.662104974361185E+000 -0.154029557854598E+002
  0.774910632510203E-050  0.243591397421854E+003 -0.252866935081498E+002 -0.135191374161787E+002  0.453262249288657E+001
  0.178831231843276E-049  0.241892347157546E+003 -0.444047425951737E+001 -0.595506533151665E+001 -0.232053476430301E+002
  0.248233895293243E-048  0.236604828706739E+003  0.554073532467868E+000 -0.343939254130251E+002  0.409661035484592E+001
  0.468527790561739E-048  0.235307890272831E+003 -0.104562467109999E+002  0.128737431163499E+002 -0.102657620010308E+002
  0.149444020077855E-047  0.232961576719382E+003 -0.329423015122814E+002  0.648733041065285E+001 -0.332301465470778E+001
  0.492446869213012E-047  0.230550156865973E+003 -0.274282860198896E+002  0.629003733462777E+001  0.111119587818476E+002
  0.527914550241427E-046  0.225779400508639E+003 -0.131845152475755E+002  0.140475246073594E+002 -0.482031949061816E+001
  0.111444716624447E-044  0.219653381245222E+003 -0.530480417227769E+001 -0.156183681894327E+002  0.126486098829716E+002
  0.181631728663081E-044  0.218649985761126E+003  0.195833472887010E+001 -0.185277730166675E+000 -0.242284945437434E+002
  0.177685623915972E-043  0.214062255796023E+003 -0.635672554876365E+000 -0.216460085683505E+002 -0.140932006996183E+002
  0.183088449725318E-043  0.213975858268752E+003 -0.248312702821066E+001 -0.180213405097510E+002  0.138406762486511E+002
  0.216834214184219E-043  0.213611040407831E+003  0.368841953149824E+001 -0.146373364138795E+002 -0.128927771369938E+002
  0.458684241489189E-042  0.207480921818994E+003  0.134788208986401E+002 -0.128300776902307E+001  0.135515935108099E+002
  0.865031108800541E-042  0.206185624517644E+003 -0.242634255132228E+002  0.752004008274281E+001  0.109145452737432E+002
  0.328580099504957E-041  0.203489933533966E+003 -0.945088227470153E+001  0.762153918656274E+001  0.166145575936105E+002
  0.836235506353075E-040  0.196990013619947E+003 -0.153928985028652E+002  0.127163728403669E+002  0.132925194965895E+001
  0.546459112510659E-039  0.193209254563973E+003 -0.325137248455389E+002  0.216759741940785E+001 -0.442571355255809E+001
  0.925108344048301E-039  0.192129861367404E+003  0.529587684312094E+001 -0.177512887267943E+002  0.121118256843245E+002
  0.827492854088755E-037  0.183116051317293E+003  0.961549609065443E+001 -0.256294698770994E+002 -0.682911627654245E+001
  0.540994023310818E-036  0.179334375158546E+003  0.243805578055790E+001  0.163552871415688E+002 -0.121563071661396E+002
  0.350144798416678E-035  0.175572837424278E+003 -0.107839045551931E+002 -0.172894465357520E+002  0.629306076994715E+001
  0.622306363308139E-035  0.174396175494180E+003 -0.248560499516721E+002 -0.886755449829084E+001 -0.773633670083531E+001
  0.689101092173843E-035  0.174165774108080E+003 -0.126240874285396E+002 -0.201926806505430E+002 -0.155901855004338E+001
  0.120955892581924E-032  0.163803697153145E+003  0.127506003497777E+002 -0.105944114767517E+002 -0.562723860336737E+001
  0.183845521714481E-032  0.162939866911526E+003  0.123872270615415E+002  0.117080156365686E+002  0.279912515193908E+001
  0.654938516752731E-032  0.160372485428843E+003 -0.117187477122479E+002 -0.219610722126798E+002 -0.262051659601419E+001
  0.173560485289946E-031  0.158396855202668E+003 -0.198803098639494E+002  0.646875527534604E+001  0.102081932108227E+002
  0.699360989125973E-031  0.155583082972319E+003 -0.905944148491611E+001  0.389048936851792E+001  0.167855117268304E+002
  0.431897975184288E-030  0.151915377640125E+003  0.267475580499316E+002 -0.908481374519474E+001  0.339432926892082E+001
  0.490590312244681E-030  0.151634047200459E+003 -0.291772139960543E+001 -0.273922234042541E+002 -0.872613638124831E+001
  0.845944355864567E-030  0.150517868348252E+003  0.109594391067015E+002 -0.224899037596783E+002 -0.344650780502485E+001
  0.121242459767753E-029  0.149771530196428E+003  0.288316545271007E+002 -0.266214940454262E+000  0.770532361965755E+001
  0.137563879283778E-029  0.149492447652064E+003  0.517878020362372E+001 -0.180642321330864E+002  0.103244835216028E+002
  0.324035244627268E-029  0.147752429391051E+003 -0.819955580484111E+001  0.186453419208464E+002  0.814580195258485E+001
  0.512163916170362E-029  0.146810354071585E+003 -0.234340419563378E+001 -0.878857082668608E+001  0.171936991624335E+002
  0.585183906888349E-029  0.146517300726077E+003  0.126370816923551E+001 -0.482261015123257E+001 -0.204562061803561E+002
  0.112318487651510E-028  0.145186815472651E+003 -0.290700883364663E+002 -0.500001346886610E+001 -0.505862158303136E+001
  0.476099271256905E-028  0.142271749199147E+003  0.237749482367751E+001 -0.120593804363579E+002  0.109566293286477E+002
  0.639175266244438E-028  0.141656154119059E+003  0.179922225349446E+002 -0.924744335618652E+001  0.630707928535870E+001
  0.674580443817297E-028  0.141521839197431E+003  0.255223472244474E+002 -0.985597268856235E+001  0.124691485683068E+001
  0.983862161080869E-028  0.140740558995667E+003 -0.212285198711848E+002  0.110820039510350E+002 -0.202236503105118E+001
  0.115076990687685E-027  0.140400667193056E+003 -0.231423917997848E+002 -0.783221883617571E+001  0.754001744293465E+001
  0.208920438332544E-027  0.139181472513447E+003  0.477456238517142E+001  0.102052917688714E+002  0.104040800595563E+002
  0.287191466558288E-027  0.138518590814871E+003 -0.626087511722965E+000  0.212642349809200E+002  0.111444061808316E+002
  0.577984098390348E-027  0.137093305896037E+003 -0.897779890847852E+001 -0.134502143426210E+002 -0.567960632303068E+001
  0.769260823332360E-027  0.136495047988087E+003 -0.702810087424105E+001 -0.277820680064348E+002  0.376958056030213E+001
  0.814958034806102E-026  0.131747974275007E+003 -0.298772600211175E+001  0.105498728342099E+002 -0.105761410057520E+002
  0.224453068581405E-025  0.129695253603891E+003 -0.102076016067140E+002  0.341262138297583E+001  0.112343750554501E+002
  0.249380197679166E-025  0.129458139163277E+003  0.577009247322989E+001 -0.160036698444424E+002 -0.823790500038513E+001
  0.273372658296410E-025  0.129247934144162E+003 -0.579701904394334E+001 -0.288446971913627E+002 -0.225461968172593E+001
  0.507863419421746E-025  0.127982690412731E+003 -0.302722920748607E+001 -0.929788148108770E+001 -0.144763207737521E+002
  0.944488561475036E-025  0.126715337910875E+003 -0.666345711172572E+001 -0.221015346858138E+002 -0.809732691467947E+001
  0.101557199025666E-024  0.126543720069883E+003 -0.228386635358546E+002 -0.765190246586248E+001  0.689953418868437E+001
  0.209047510325654E-024  0.125073350873763E+003  0.346777039931486E+001 -0.259385109520394E+002 -0.809020895723406E+001
  0.284058718020771E-024  0.124433621576020E+003  0.265897967590364E+002 -0.841940075693145E+000  0.824431993116225E+001
  0.432431493969583E-024  0.123566645226529E+003 -0.262470174115339E+002  0.739680900098716E+001 -0.418307413958218E+001
  0.488914577689414E-024  0.123294627036862E+003  0.359974848558313E+001 -0.143245291947192E+002 -0.890543028113753E+001
  0.215563012369715E-023  0.120300835435120E+003 -0.252604615189511E+002 -0.646501007656932E+001  0.620495759215292E+001
  0.712687501761551E-023  0.117882765441023E+003  0.710278502600620E+001 -0.270039696917868E+002  0.245908373987148E+001
  0.153930677403347E-022  0.116316186168642E+003 -0.612529810689566E+001  0.278655852728717E+002  0.214451662462422E+001
  0.345092319600560E-022  0.114675076475253E+003  0.874352522673333E+001 -0.411599464436335E+001 -0.129923076613389E+002
  0.870961605287089E-022  0.112797014180923E+003 -0.500232629512806E+001 -0.196085647585507E+002  0.867698094025502E+001
  0.270578101382264E-021  0.110503427758212E+003 -0.296811659935113E+001  0.151260786870893E+002 -0.813063038167007E+001
  0.336339535502671E-021  0.110041816533208E+003 -0.577973823134171E+001  0.366739645322043E+001  0.171313476800030E+002
  0.344075243679390E-021  0.109969847693662E+003  0.284059062832328E+002  0.478597276098802E+001  0.201854550358794E+001
  0.509095182206730E-021  0.109159807975305E+003  0.917191091370725E+001  0.275693610777844E+001  0.122593440268702E+002
  0.342636059135953E-020  0.105320079667297E+003 -0.328356935450635E+001  0.278228003458765E+001 -0.186294057581262E+002
  0.118186332226370E-019  0.102817231759982E+003 -0.616427142507120E+001 -0.648826915502951E+001  0.132234805564373E+002
  0.209022598001186E-019  0.101650381496794E+003 -0.700490420451410E+001 -0.573148851201088E+001 -0.127205168602429E+002
  0.348417997722067E-019  0.100601969980630E+003 -0.206495013548325E+002  0.262042670408866E+001 -0.899905305168294E+001
  0.397518966546634E-019  0.100311800035771E+003 -0.244580945127612E+002  0.197728723390256E+001  0.801230319655400E+001
  0.530328321871254E-019  0.997088022973896E+002  0.154050114881668E+002  0.775346895538055E+001 -0.248648682990662E+001
  0.106747363803819E-018  0.982832043243450E+002  0.890424776369186E+001 -0.220102121509506E+002  0.162052373111542E+001
  0.140366788298065E-018  0.977091259583089E+002 -0.188772653573360E+002  0.474533768561535E+000 -0.915930589896253E+001
  0.146956180688750E-018  0.975908844272838E+002  0.223771539599677E+002 -0.302292207125438E+001 -0.839472689233072E+001
  0.387930457306414E-018  0.956230106977348E+002  0.772177276694291E+001 -0.114347084423855E+001  0.147285499288486E+002
  0.578109785986687E-018  0.947986448402815E+002  0.477023127959468E+001 -0.276942799628478E+002  0.714890341647852E+000
  0.917329705279793E-018  0.938487480596059E+002 -0.750221299575778E+001  0.833385529832832E+001  0.473914263391072E+001
  0.121681938247291E-017  0.932572001771155E+002  0.836010945492033E+001 -0.103617357247932E+002 -0.330217978252778E+001
  0.195574335941271E-017  0.922816497930756E+002 -0.170816131278013E+002  0.645789477872944E+001 -0.545249822134219E+001
  0.498860523916829E-017  0.903823873328873E+002 -0.195215365804269E+002  0.750998945194279E+001 -0.462849786523983E+001
  0.102163692215057E-016  0.889222270792527E+002  0.613889640136082E+001 -0.154878862919073E+002  0.430832167624428E+001
  0.109627876386348E-016  0.887547059533555E+002  0.811203875468536E+001  0.130858544899916E+002 -0.104714337125744E+001
  0.108514552840925E-016  0.887486302942789E+002  0.822170092817835E+001 -0.186337524144781E+002 -0.263725342823356E+001
  0.177793735427556E-016  0.877346602465969E+002 -0.101636098973529E+000  0.174839028810389E+002  0.831041873829318E+001
  0.225017957815080E-016  0.872370575473214E+002 -0.403989394021284E+001 -0.805413832960932E+001 -0.740286278363234E+001
  0.313581905207078E-016  0.865468063437255E+002  0.591939848110697E+001 -0.256277722007224E+002 -0.273955872179703E+001
  0.416092789660300E-016  0.859546204884697E+002 -0.719519558921384E+000  0.854880151163404E+001  0.101561377098480E+002
  0.799413638778854E-016  0.846221895950810E+002 -0.273703354823450E+001 -0.127080909444731E+002  0.758066978277047E+001
  0.178324498738732E-015  0.829910761359593E+002 -0.371073688685639E+001  0.706981328719192E+001  0.126284447767703E+002
  0.284161683428312E-015  0.820327087488689E+002  0.503742157461380E+001  0.528421675429756E+001  0.594951645673619E+001
  0.319336267952465E-015  0.817728157052136E+002  0.274984429124127E+002 -0.382400645536478E+000  0.361516435429967E+001
  0.516854692867367E-015  0.807832910564541E+002  0.683340729886628E+001  0.382867338394279E+001  0.126643141389760E+002
  0.530381635707043E-015  0.807051305268074E+002  0.106843542619747E+002 -0.640761599214073E+000 -0.821557595739574E+001
  0.628583980959908E-015  0.803388944221739E+002  0.876291239228291E+001 -0.803308562622456E+001 -0.139601967211378E+001
  0.159687948517486E-014  0.784477298851786E+002  0.476374539044073E+001 -0.234577636083292E+002 -0.560961714709223E+001
  0.234699755635289E-014  0.776510684865520E+002 -0.625605727299997E+001  0.475442354446294E+000 -0.150947271191791E+002
  0.329813335893352E-014  0.769441384651811E+002 -0.624185272643270E+001 -0.248660003075023E+002 -0.140532130913078E+001
  0.595493824428607E-014  0.757359196662175E+002  0.350469822672535E+001  0.704706771761190E+001 -0.112088509242259E+002
  0.691131753264939E-014  0.754115502973683E+002  0.152346477555852E+002  0.332174190394264E+001 -0.543334797459404E+001
  0.708698176529220E-014  0.753348613302405E+002  0.209540821465770E+001 -0.199462912925036E+002  0.765576352082067E+001
  0.174386409756372E-013  0.735075129909593E+002  0.285040572954897E+001 -0.140844065289824E+002 -0.603075522742769E+001
  0.211704164779471E-013  0.730931900009732E+002 -0.894184848650473E+001  0.746176960081706E+001 -0.199122437566879E+001
  0.294486904697101E-013  0.724066101776600E+002  0.266851758129120E+002  0.247579074830586E+001 -0.304219799923083E+001
  0.395143926441634E-013  0.717920886573734E+002  0.705595197723167E+001 -0.660623945918023E+001  0.267841423669325E+001
  0.469510393780906E-013  0.714207174696548E+002 -0.377946746053395E+001 -0.232038408530436E+002 -0.587717797421457E+001
  0.486115632870516E-013  0.713247148422838E+002 -0.581387022926952E+001 -0.467971989584535E+001  0.118147516259065E+002
  0.129768749527407E-012  0.693344392161615E+002 -0.949842990460859E+000  0.252335519663907E+001  0.448881116888934E+000
  0.171113444167084E-012  0.687548032904878E+002  0.529777083329380E+001  0.505933689789195E+001  0.116616292034694E+002
  0.220557028093176E-012  0.682206537579186E+002  0.155034422283362E+001 -0.131809379791223E+001 -0.171936909341696E+002
  0.309352622913108E-012  0.675175122874717E+002 -0.126729154797856E+001  0.316962391239674E+001 -0.165980635524115E+002
  0.393537520567962E-012  0.670096326070632E+002  0.140979103858148E+002 -0.459894849264329E+001  0.409098417347843E+001
  0.428625983019755E-012  0.668123255735169E+002  0.374595291715679E+001 -0.592070339457337E+001 -0.767730595121441E+001
  0.513572389555999E-012  0.664242225438739E+002  0.312553867586291E+001  0.193786310857846E+002 -0.662862015579484E+001
  0.851664710102142E-012  0.653861282416679E+002 -0.233390166584435E+000  0.272378410097949E+001  0.240444235777495E+000
  0.847818206218567E-012  0.653686911547297E+002  0.811614799612322E+000 -0.219610855863310E+002  0.696660533277641E+001
  0.934388942358853E-012  0.651477476118182E+002  0.519210857011582E+001  0.145658441181092E+002  0.224458507160678E+001
  0.968568797634755E-012  0.650494036832915E+002  0.708600073862077E+001  0.185136434485058E+002  0.546091004496169E+000
  0.207064220806360E-011  0.635033240937605E+002  0.633418974632676E+001  0.207710263575998E+002  0.323362902556551E+001
  0.216801470142833E-011  0.633849275201534E+002  0.570090813969369E+001  0.950376279825925E+001  0.427876109526343E+001
  0.219958108939988E-011  0.633295269393172E+002  0.177594164942719E+001 -0.718502056927539E+001  0.631832788915071E+001
  0.233988757678146E-011  0.631793645742554E+002  0.114819425378801E+002  0.110555219190209E+001  0.688697605683811E+001
  0.293896595937001E-011  0.626969642789962E+002 -0.138799852407851E+001  0.304569418460153E+001  0.278440471687503E+000
  0.547026036986025E-011  0.614279370056455E+002  0.388365666005222E+001  0.321262282524693E+001  0.117014730902635E+001
  0.618583048863097E-011  0.611555764390300E+002  0.233725365257820E+002 -0.316775401855762E+001  0.523606553310901E+001
  0.799635480413445E-011  0.606156369517514E+002 -0.455625033231191E+001  0.419880122377059E+000 -0.474291099554485E+001
  0.844582777933979E-011  0.604797729439488E+002 -0.159555278099674E+001 -0.197192837639608E+002  0.674719620506401E+001
  0.135430498225375E-010  0.595088806464511E+002 -0.760815160314849E+001 -0.640815843574443E+001 -0.626844169118556E+000
  0.148717564245186E-010  0.592952094236459E+002  0.189837334129274E+002 -0.249396996808104E+001  0.630174574334441E+001
  0.166723540008547E-010  0.590401429172607E+002  0.628543214266757E+001  0.113708555814523E+002 -0.230731762871670E+001
  0.182952455060876E-010  0.588278738256033E+002 -0.421533070052968E+001 -0.167996875952361E+002  0.429957386505319E+001
  0.200109936152859E-010  0.586221022008666E+002  0.649562915224439E+001  0.112810139080206E+001 -0.572181964015245E+001
  0.752641959171595E-010  0.559461662821675E+002  0.215666277411641E+002  0.252865256223489E+001 -0.589637464804344E+001
  0.124388748162667E-009  0.549148614457425E+002  0.508755340243884E+001  0.151742384291359E+001  0.137945435393255E+002
  0.157178817390395E-009  0.544204262039836E+002  0.151824358306506E+002 -0.119787737306724E+001  0.421250305269048E+001
  0.388136735071194E-009  0.525859886184272E+002  0.188369224424571E+002  0.847010406622289E+000  0.617942445155248E+001
  0.415931474688738E-009  0.524211724951911E+002  0.636041244961000E+001 -0.471086583241282E+001 -0.215680137522651E+001
  0.426813768770223E-009  0.523430275277026E+002 -0.588253988164221E+001  0.110040089653544E+002  0.209766347012177E+001
  0.423716944318345E-009  0.523311013366775E+002 -0.139153248056491E+001 -0.248114699281155E+002 -0.386186092329261E+001
  0.428164238363814E-009  0.522837284665257E+002  0.102017320381523E+001 -0.243798201387231E+002 -0.444180420786221E+001
  0.542480285562300E-009  0.517839482364106E+002 -0.244874018000300E+001 -0.511446880815017E+001  0.127017221443946E+002
  0.655235436427914E-009  0.513797720405075E+002  0.333352661572401E+001  0.306427322804751E+000 -0.472335803304102E+001
  0.650656262699724E-009  0.513673078420169E+002  0.241531463004326E+002 -0.130299396167803E+001 -0.448222761055867E+001
  0.685981845370544E-009  0.512350780396619E+002 -0.250969075906296E+001  0.235551867396717E+002 -0.446840592912084E+001
  0.734764349854634E-009  0.510711902412384E+002 -0.369579791861204E+001  0.381937931649902E+001  0.132394572987654E+002
  0.726489143035770E-009  0.510673523810751E+002 -0.240251705603523E+002  0.468113718880073E+001 -0.788532135413156E+000
  0.204344473971558E-008  0.492184908170884E+002  0.111168536373403E+001  0.153597711746363E+001 -0.158592351182114E+002
  0.230631393639763E-008  0.489258280614313E+002 -0.180359378069710E+000 -0.163702966636019E+001 -0.409063050449712E+001
  0.238467821857877E-008  0.487589799305192E+002 -0.221530673944710E+001  0.409766006942823E+001  0.139708680842857E+002
  0.253545134305742E-008  0.485869797665572E+002  0.785530555242504E+001 -0.341539220147610E+001 -0.458580167581417E+001
  0.493473535809570E-008  0.471575446779356E+002 -0.660011442139805E+000 -0.113362216120727E+002 -0.580031523146074E+001
  0.661961355329924E-008  0.465700687845848E+002  0.319265980894939E+001 -0.740577465475640E+001 -0.428418048099113E+001
  0.125507022063540E-007  0.452412043112049E+002 -0.139877756490102E+001  0.560228561785688E+001 -0.107786121613448E+002
  0.135617938399676E-007  0.450368591937522E+002  0.316192430805251E+001 -0.242626478429144E+002 -0.236138574525671E+001
  0.173124408697652E-007  0.444991363573096E+002  0.674603159142072E+001  0.445266014131840E+001  0.167088570109295E+001
  0.179815377203063E-007  0.444232959956254E+002  0.227919493112325E+002  0.889920528951293E-001  0.503265445469493E+001
  0.203788199391251E-007  0.441729948478049E+002  0.130146171889998E+002 -0.447576485126326E+000  0.485715644724675E+001
  0.324621725562083E-007  0.431898851412454E+002 -0.158826338461218E+000 -0.736000419564836E+001 -0.499022012493135E+001
  0.480200561142278E-007  0.422548267887972E+002 -0.142765716223865E+001 -0.122527796094670E+002 -0.488352549433129E+001
  0.829699717531168E-007  0.410164654718834E+002 -0.483390169005430E+001 -0.213085458694827E+002 -0.215517587146365E+001
  0.881351472013360E-007  0.408026401529705E+002  0.556483672715217E+001 -0.211161003562387E+001  0.231954421391582E+001
  0.919854796980131E-007  0.406711424461761E+002  0.494660174029202E+001 -0.382791568961061E+000  0.192223684711187E+001
  0.102279353619535E-006  0.404589882552469E+002  0.983111688390733E+001  0.456631434751515E+001  0.287862040476486E+001
  0.117360753118596E-006  0.401368378198421E+002  0.245609638897692E+002  0.137522970374677E+001 -0.248000098481863E+001
  0.138214619609746E-006  0.397626665437282E+002  0.412333612730296E+001  0.198054617652588E-002 -0.133864401971907E+002
  0.163829367674881E-006  0.393755700417957E+002  0.306388720733020E+001 -0.121687874052315E+002 -0.374055367829013E+001
  0.206005716365518E-006  0.389174130966580E+002  0.226709298084869E+001 -0.356544605585893E+001  0.687389821945764E+001
  0.297824103730800E-006  0.381320197164056E+002  0.898970930085015E+001  0.477639418434272E+001 -0.173338005702717E+001
  0.300537188135302E-006  0.380656877248205E+002 -0.178578400284830E+001 -0.148537297242918E+002 -0.664702941459758E+000
  0.332906531076703E-006  0.378129120964411E+002 -0.114857017811701E+000 -0.510921037408078E+001 -0.936525223750579E+001
  0.456309425205444E-006  0.371340982326471E+002  0.246250966823401E+002  0.196901436353605E+001 -0.756820159977451E+000
  0.508705156938299E-006  0.368685082378475E+002  0.490583310937106E+001 -0.902418894318687E+001 -0.745867232792101E+000
  0.945729288535843E-006  0.354421518427176E+002  0.462854514142026E+001  0.164967564715275E+001  0.100671370423030E+002
  0.998039291155072E-006  0.352895335676720E+002  0.479595419528486E+001  0.318471989475739E-001 -0.900272466839579E+001
  0.117148247309066E-005  0.349241225533258E+002  0.193751591058915E+002  0.240882776409057E+001 -0.417593829217189E+001
  0.188903560692156E-005  0.338796261878125E+002 -0.612269284049802E+000 -0.165451922888572E+002 -0.320566248795932E+001
  0.186833820412871E-005  0.338577025005280E+002  0.245135457137468E+001 -0.163767974830032E+002 -0.185153565745526E+001
  0.220068202354317E-005  0.334432963803630E+002  0.168735336178223E+000  0.465971316322344E+001  0.936038026150256E+001
  0.259753634205111E-005  0.330686917458490E+002  0.122281082352498E+002  0.177519729487882E+001 -0.369595933538550E+001
  0.379910775405418E-005  0.322231669119332E+002  0.105916349379650E+002  0.448457469955534E+001 -0.684792072768097E+000
  0.399850682903157E-005  0.321208573897547E+002  0.278334163290985E+001 -0.164859192871216E+002  0.855756740352213E+000
  0.422449179975205E-005  0.320109014481440E+002  0.188873664448104E+002  0.220668404067175E+001  0.382239571098549E+001
  0.426910355371217E-005  0.319898916578935E+002 -0.302203584060422E+001 -0.816968929721099E+000 -0.669894437935787E+001
  0.453968218174411E-005  0.318220396642605E+002  0.943449715247550E+001  0.445833036887701E+001  0.576846532759546E+000
  0.491259330753612E-005  0.316192040218889E+002 -0.128791357903106E+001 -0.192181795988042E+001  0.613033415258850E+001
  0.498368836300637E-005  0.315455217479287E+002 -0.132894061028666E+001 -0.971427285498967E+001 -0.429010652636615E+001
  0.553838068016194E-005  0.313344579279503E+002  0.988188701072325E+000 -0.382678070278715E+000 -0.143495647966500E+002
  0.554502540294127E-005  0.312860808115152E+002  0.335656876527791E+001 -0.202670201503515E+002 -0.294201335508317E+001
  0.738626355660351E-005  0.306666601809973E+002  0.375531397381225E+001 -0.216870774554708E+002  0.155732533692725E+001
  0.744395815103473E-005  0.306510987452654E+002  0.218865988635605E+002  0.119724481935373E+001 -0.379020629023194E+001
  0.761695957806630E-005  0.306051496099738E+002  0.703124674108821E+000  0.422828525999654E+001  0.109693216542690E+002
  0.766991528489384E-005  0.305430979353111E+002  0.122440121084340E+002  0.364944830035751E+001  0.946704865434810E+000
  0.933264486727585E-005  0.301506721668270E+002  0.328281884053259E+001  0.182238613568924E+001  0.781828122659577E+001
  0.105598363378755E-004  0.298542082910766E+002  0.162324763507293E+001 -0.160419724959557E+002 -0.510459367159811E+000
  0.105699617445275E-004  0.298522914895269E+002  0.215970491536335E+002 -0.396719318653449E+001 -0.519922222861659E+000
  0.866043515285253E-004  0.250601636474734E+002  0.859485491075840E+001  0.375616490583273E+001 -0.109649703494117E+001
  0.905312817668214E-003  0.192470711196950E+002  0.992054745084698E+001 -0.627244438592783E+000  0.332756253858182E+001
  0.129749710598809E-002  0.182410457409573E+002  0.123458373250872E+002 -0.150553169793353E+001 -0.164219880449936E+001
  0.228000413480688E-002  0.169755796962366E+002  0.979513661209738E+001 -0.165919850962180E+001 -0.253101177713440E+001
  0.235109876736257E-002  0.169141686502626E+002  0.102841208798685E+002  0.171459125009012E+001 -0.247365527970053E+001
  0.231010979571455E-002  0.168011281568491E+002  0.122416556213163E+002 -0.163554842392038E+001 -0.115171142525990E+001
  0.254108174671906E-002  0.166105385150773E+002  0.844116481791623E+001 -0.195880629119641E+001 -0.160280969723017E+001
  0.271820633683285E-002  0.164757738092879E+002  0.128763420245056E+002  0.265716829944367E-001 -0.653508941026281E+000
  0.508110639611963E-002  0.152246602001054E+002  0.121983422959691E+002 -0.650658991361674E+000  0.148119676228741E+001
  0.469067663117315E-002  0.150199214651119E+002  0.952424497360209E+001  0.191093957389965E+001 -0.183500359309289E+001
  0.536802066005136E-002  0.147501566544847E+002  0.114489860260335E+002  0.220753217757547E+001 -0.524161960073073E-001
  0.619016641714276E-002  0.142745308493408E+002  0.960346491936377E+001  0.248130853759216E+001 -0.430985315560122E+000
  0.879115709366285E-002  0.133823417510010E+002  0.103889096801638E+002 -0.118753143550069E+001 -0.201151925746789E+001
  0.912602856085140E-002  0.133075732078496E+002  0.846303519612248E+001  0.810820513592390E-001 -0.177878827358100E+001
  0.115327891752399E-001  0.124381046192628E+002  0.792400397756880E+001  0.490023111485911E+000  0.337004608444559E+000
  0.122561341911473E-001  0.119517968036549E+002  0.103885274086574E+002 -0.846804302009915E+000 -0.181909740043380E+001
  0.119049101964095E-001  0.116758398851191E+002  0.114055599377821E+002  0.138713018749734E+001 -0.382179427142546E-001
  0.127524625020454E-001  0.110920058748677E+002  0.870657826076122E+001  0.108505433571965E+001 -0.683427238013529E+000
  0.130799929775672E-001  0.109033012943447E+002  0.104801842244985E+002 -0.134519722808257E+000 -0.169704993175028E+001
  0.131403881632262E-001  0.108940878062350E+002  0.109591127865023E+002  0.129851039151939E+001 -0.716526938718665E+000
  0.134406577742878E-001  0.108489003617627E+002  0.114782753992438E+002 -0.835996670790578E+000 -0.435960312380438E+000
  0.141410483699321E-001  0.107473053129057E+002  0.874205184910548E+001 -0.109249639635208E+001 -0.443478306476294E+000
  0.125881770393855E-001  0.106458446568246E+002  0.105051583375759E+002  0.128806478001267E+001 -0.978211866153565E+000
  0.118693215146412E-001  0.106033612333396E+002  0.898541478319811E+001  0.166344760920524E+000 -0.133103610525469E+001
  0.121355379739332E-001  0.105589989867281E+002  0.106936712609836E+002 -0.786022086856576E+000  0.129820571142546E+001
  0.119328467432993E-001  0.102585775022243E+002  0.107172491822912E+002 -0.631459238179595E+000  0.125329165202480E+001
  0.112574447690731E-001  0.992882072193470E+001  0.944284614682566E+001  0.978968743049109E+000 -0.940941086227568E+000
  0.113179386970088E-001  0.978011638845377E+001  0.945711559948711E+001 -0.121285401648612E+001 -0.489619926695795E+000
  0.116210869068781E-001  0.972725174374103E+001  0.104835677427134E+002 -0.132424933128156E+000 -0.130431102150701E+001
  0.114295930978056E-001  0.947428087039072E+001  0.878987375525431E+001 -0.915388199170124E-001  0.476283117911166E+000
  0.116509680995922E-001  0.943591407527934E+001  0.112362489640121E+002 -0.216211780534081E-002 -0.364619694058717E+000
  0.120897387415329E-001  0.936197851590206E+001  0.100810362856678E+002 -0.577783482658603E+000 -0.111665908193356E+001
  0.123884495724735E-001  0.931316352091788E+001  0.987865575004925E+001 -0.189909575320840E+000 -0.121972253767560E+001
  0.119828757622685E-001  0.904562723479716E+001  0.976607814455976E+001 -0.975321828903439E+000 -0.514786122772925E+000
  0.123677265856985E-001  0.898240368640431E+001  0.102247650430606E+002  0.544809477921724E+000  0.927586446849851E+000
  0.110212096709321E-001  0.887883315069511E+001  0.107034803266085E+002 -0.397751884917952E-001  0.779561502988003E+000
  0.110935633057169E-001  0.886574617159271E+001  0.110426971042511E+002  0.460680623869223E-001 -0.419079443255796E-001
  0.101982999959439E-001  0.886001145444991E+001  0.908683546813913E+001  0.590897779140604E-001  0.497995996106262E+000
  0.943134509067836E-002  0.884235332715382E+001  0.105855341477469E+002 -0.649090451500719E+000 -0.550939467216992E+000
  0.964555965986117E-002  0.879743543798141E+001  0.101849205058169E+002 -0.862626470687928E-001 -0.990529263586438E+000
  0.929443316846729E-002  0.868097914573184E+001  0.966100676430121E+001 -0.454931528016083E+000 -0.764493072885443E+000
  0.879809363753780E-002  0.860011992808804E+001  0.104079430340575E+002 -0.258846985420199E+000 -0.769448028772203E+000
  0.900165639348157E-002  0.855437285167931E+001  0.108192692904478E+002 -0.324314830380679E+000  0.577944114444264E-001
  0.715243367093282E-002  0.843892057032257E+001  0.970177394768879E+001 -0.757900749009337E+000 -0.302963444511448E-001
  0.853923117567670E-002  0.744466175356118E+001  0.103574536181941E+002 -0.115749840725236E+000 -0.599402057613105E+000
  0.710244377836122E-002  0.741178447967501E+001  0.102633634737700E+002  0.558900169578685E+000 -0.292996499469481E+000
  0.731174063603239E-002  0.735369959255669E+001  0.983866321865068E+001 -0.112353754932975E+000 -0.608965399009364E+000
  0.565536642893271E-002  0.729208836308551E+001  0.997226358127766E+001  0.495935470926192E+000 -0.318055420857483E+000
  0.574248335762501E-002  0.726151465775294E+001  0.996216210182205E+001  0.396554813886922E-001 -0.560626954318010E+000
  0.583262045402990E-002  0.723036541886878E+001  0.973717573576971E+001  0.956682969385838E-001 -0.455991874773112E+000
  0.534068152410863E-002  0.719587059924641E+001  0.959660942164891E+001  0.296555672745583E+000 -0.315208090637427E-001
  0.542983715742456E-002  0.716275885323553E+001  0.104008246467637E+002 -0.671316693684787E-002 -0.240511074733746E+000
  0.483322015530946E-002  0.715998518138314E+001  0.101800148321297E+002  0.340341616192120E+000 -0.259883846712050E+000
  0.391301291278079E-002  0.713610868105277E+001  0.103051913324880E+002  0.201085250931790E+000 -0.241503294764954E+000
  0.391894105675093E-002  0.713308100998865E+001  0.960282716927850E+001 -0.508343371142601E-001  0.168946176615840E+000
  0.316609261417510E-002  0.711344043726697E+001  0.100464961910455E+002 -0.377733666985215E+000 -0.156166597609015E+000
  0.316627900674225E-002  0.711332269776693E+001  0.967967961815924E+001 -0.892310711038391E-001 -0.241966019497838E+000
  0.316972909510671E-002  0.711114461424811E+001  0.979142212508603E+001  0.274119577599073E+000 -0.219751062384290E+000
  0.278892015248050E-002  0.710006512197713E+001  0.962694335092225E+001 -0.126806338222643E+000 -0.246211096462190E-001
  0.490754387778448E-002  0.565848186637005E+001  0.990064449953198E+001 -0.273320974911364E+000 -0.245509259178277E+000
  0.495861297917034E-002  0.563777692188933E+001  0.988345580390173E+001 -0.260383314352190E+000 -0.206793865054244E+000
  0.505015609496018E-002  0.560119073715122E+001  0.101197376505509E+002 -0.211852107954989E+000 -0.168348202600356E+000
