  0.985429762459762E-036  0.170208769425830E+003  0.278676143116981E+002  0.298849965122143E+002
  0.269282480061605E-034  0.163583087796253E+003  0.105282764361493E+002  0.298138617989744E+002
  0.150808028203381E-030  0.146311938466865E+003  0.106349607120703E+002  0.287990372082112E+002
  0.210393526001689E-030  0.145636019346130E+003  0.957389690890659E+001  0.295824652545936E+002
  0.870127805303603E-030  0.142786723476966E+003  0.104552971365385E+002  0.287526572936397E+002
  0.283967265298631E-029  0.140411140478001E+003  0.280987574757421E+002  0.119859169986844E+002
  0.303011470669783E-029  0.140271342008371E+003  0.285208992792536E+002  0.105544264685243E+002
  0.104845787928876E-027  0.133173586708573E+003  0.284397897594139E+002  0.271657014383632E+002
  0.205768768761367E-027  0.131815086680740E+003  0.282487265681529E+002  0.102922793600702E+002
  0.467358638139055E-026  0.125559253675536E+003  0.133106333722775E+002  0.116007824730624E+002
  0.135113620990818E-025  0.123426070133049E+003  0.275836939988465E+002  0.125624333904261E+002
  0.158204343318971E-025  0.123100552153757E+003  0.273166385286845E+002  0.123207359651749E+002
  0.167207224751743E-024  0.118374714083966E+003  0.285367209234896E+002  0.259078635340295E+002
  0.242262661272729E-024  0.117623161791412E+003  0.116697643978624E+002  0.261435066792394E+002
  0.613489917975028E-024  0.115754904077037E+003  0.120342545647289E+002  0.135419993328914E+002
  0.631056965456264E-024  0.115688464381755E+003  0.288952103100464E+002  0.149041743063470E+002
  0.684055075692570E-024  0.115517204702989E+003  0.296955745971421E+002  0.166959449894810E+002
  0.984623124268326E-024  0.114778788582765E+003  0.299471188922766E+002  0.711472983778961E+000
  0.102501796134264E-022  0.110083230390395E+003  0.105142917328851E+002  0.955914566291626E+001
  0.126325095759981E-022  0.109655298532300E+003  0.280950225818874E+002  0.257904792124079E+002
  0.190659782082833E-022  0.108822059679518E+003  0.214469277878885E+002  0.298047030161269E+002
  0.616817202502188E-022  0.106463920361142E+003  0.277176948480630E+002  0.260253504604809E+002
  0.619585074070679E-022  0.106444990664416E+003  0.137980070878351E+002  0.124247761447197E+002
  0.847668312948906E-022  0.105808136780884E+003  0.929517039569267E+001  0.125446188503100E+002
  0.112897391267096E-021  0.105225011621029E+003  0.105140229203762E+002  0.138219571985561E+002
  0.145622939622579E-021  0.104705953915213E+003  0.147782939547802E+002  0.118237164607881E+002
  0.213208254812287E-021  0.103933481363254E+003  0.290523907002630E+002  0.166248784390276E+002
  0.281428304426752E-021  0.103368289652702E+003  0.286066790256824E+002  0.243240151919107E+002
  0.318643897863390E-021  0.103109921674336E+003  0.296182559194193E+002  0.305306902284900E+001
  0.490147595142125E-021  0.102238681813887E+003  0.295143355048185E+002  0.210582264851775E+002
  0.498591280830170E-021  0.102194546484249E+003  0.509780934766050E+001  0.293379593061553E+002
  0.919927279573114E-021  0.100959555522538E+003  0.285659037648444E+002  0.241217217024269E+002
  0.180368336616328E-020  0.996029973503303E+002  0.127937870885385E+002  0.139108921504155E+002
  0.335927677616061E-020  0.983492326332509E+002  0.181870005862252E+002  0.291905390123321E+002
  0.367898469588927E-020  0.981574353289456E+002  0.248977766996721E+002  0.120267184500993E+002
  0.535006389296922E-020  0.973985168715439E+002  0.292896731115899E+002  0.228990709787992E+001
  0.718489960355293E-020  0.967987957026735E+002  0.242176939722625E+002  0.117261915702470E+002
  0.100043771851431E-019  0.961267382809199E+002  0.712364037132988E+001  0.117190725137772E+002
  0.152223013209183E-019  0.952772855398867E+002  0.114736478015225E+002  0.237237596840108E+002
  0.175220855965365E-019  0.949859093077076E+002  0.120305530114321E+002  0.756922396528398E+001
  0.326728826413147E-019  0.937297675496513E+002  0.143197956829844E+002  0.128677641622657E+002
  0.361796507129991E-019  0.935158897287576E+002  0.920692183280040E+001  0.966286369878281E+001
  0.440961054516089E-019  0.931101653636883E+002  0.719208214001521E+001  0.119413737874224E+002
  0.756458918450740E-019  0.920208069462585E+002  0.281251167914399E+002  0.239251784226980E+002
  0.893207429839693E-019  0.916784906409133E+002  0.118845579028976E+002  0.690188748512058E+001
  0.104023144781872E-018  0.913637562074960E+002  0.241590893391092E+002  0.120332123777233E+002
  0.131330980079772E-018  0.908875665606064E+002  0.269154233449824E+002  0.256980898640310E+002
  0.135350345311081E-018  0.908172997475691E+002  0.279491044745992E+002  0.241270787947130E+002
  0.144339847895800E-018  0.906787166514471E+002  0.265406965124348E+002  0.910751564565859E+001
  0.258175486089093E-018  0.895058036514404E+002  0.288773547197982E+002  0.196804402894424E+002
  0.628082030375312E-018  0.877177660739987E+002  0.832966142633886E+001  0.997970033260030E+001
  0.660005536885727E-018  0.876086361016738E+002  0.286012206247967E+002  0.182589137173765E+002
  0.852158830566753E-018  0.870876116064477E+002  0.142036262469955E+002  0.134506943497633E+002
  0.949007626043785E-018  0.868623487151399E+002  0.111095726513712E+002  0.232409167226697E+002
  0.201731862814823E-017  0.853441583074278E+002  0.220214256849026E+002  0.115541680120488E+002
  0.210032010269767E-017  0.852535421340951E+002  0.135785601502546E+002  0.142187895758335E+002
  0.267232526385713E-017  0.847618486195087E+002  0.273612410678969E+001  0.286079010049364E+002
  0.279695720084555E-017  0.846607072693979E+002  0.789251798856667E+001  0.270800929781496E+002
  0.483340304225635E-017  0.835566948445867E+002  0.838886546592422E+001  0.133727407314146E+002
  0.633445597580797E-017  0.830058134596893E+002  0.186761618191789E+002  0.115548207991876E+002
  0.692941900787048E-017  0.828162943000447E+002  0.113494800229948E+002  0.183704876589346E+002
  0.817520547155368E-017  0.824756594606960E+002  0.146748473838019E+002  0.265971320021043E+002
  0.843836007567962E-017  0.824023201070808E+002  0.253935814421184E+002  0.953569743123191E+001
  0.949751970373415E-017  0.821558596344553E+002  0.283947526029291E+002  0.210429429267053E+002
  0.110772807623910E-016  0.818381534475500E+002  0.586669773620318E+001  0.109387708629802E+002
  0.122345933505583E-016  0.816294359102693E+002  0.115506684194851E+002  0.194109961604219E+002
  0.165192157701078E-016  0.810189471559447E+002  0.258751077847079E+002  0.259921446287872E+002
  0.244819131850953E-016  0.802221514486159E+002  0.861949899632867E+001  0.261682350844607E+002
  0.263143582825444E-016  0.800678161157193E+002  0.226076501254481E+002  0.279165471335213E+002
  0.274008920413021E-016  0.799769193594923E+002  0.209409934355079E+002  0.282761822292720E+002
  0.377275593334168E-016  0.793273137263165E+002  0.109557153034173E+000  0.277702249293721E+002
  0.420201039277011E-016  0.791018239942699E+002  0.167027416167843E+001  0.111697412144100E+002
  0.451008283906807E-016  0.789503440202495E+002  0.112185665496044E+002  0.390878973100418E+001
  0.565053446874469E-016  0.784894997058030E+002  0.190014733319462E+002  0.118204659184968E+002
  0.583943746346939E-016  0.784137559617213E+002  0.111974707176930E+002  0.379411441810202E+001
  0.625029246039106E-016  0.782677933009715E+002  0.673864544763904E+001  0.126723765721393E+002
  0.633173353817426E-016  0.782319266118733E+002  0.216835824577526E+002  0.119500205075965E+002
  0.122019831379112E-015  0.769099026659259E+002  0.187884693302538E+002  0.280526913315043E+002
  0.124421311605594E-015  0.768609477889459E+002  0.219472134449315E+002  0.279039894462935E+002
  0.127205415031724E-015  0.768067132254954E+002  0.246836798133746E+002  0.266538408614557E+002
  0.130046069795823E-015  0.767525670430383E+002  0.972650801917376E+000  0.121230580754554E+002
  0.129960514983501E-015  0.767439081546116E+002  0.738310361892645E+001  0.985098915476160E+001
  0.148003877527384E-015  0.764739174725767E+002  0.518941370788821E+001  0.108156346116047E+002
  0.170723902130894E-015  0.761783240470199E+002  0.125337107891812E+002  0.613633402117921E+001
  0.191363271603724E-015  0.759400971179781E+002  0.108449238471133E+002  0.219496250091694E+002
  0.492655339319953E-015  0.740388495280357E+002  0.270540869082218E+002  0.669897945352280E+001
  0.576366463660375E-015  0.737150067262983E+002  0.955657581008277E+001  0.155133462412138E+002
  0.651985763882583E-015  0.734584735490221E+002  0.259863322591401E+002  0.819865763543778E+001
  0.685141251542285E-015  0.733492938730335E+002  0.174707488179745E+002  0.275070582726892E+002
  0.917028102515265E-015  0.727562926014183E+002  0.233647963684669E+001  0.278561934107679E+002
  0.919882808543624E-015  0.727401011944376E+002  0.247534835835719E+002  0.137112611285374E+002
  0.118445399961952E-014  0.722245442960944E+002  0.224302583097881E+002  0.274647257432604E+002
  0.127929418926093E-014  0.720605160078388E+002  0.277435744286298E+002  0.422528064311988E+001
  0.134459631809229E-014  0.719509702817164E+002  0.269343744832333E+002  0.236426861498479E+002
  0.140497609200141E-014  0.718531422916644E+002  0.258939925114689E+002  0.148504625309929E+002
  0.150823554635079E-014  0.717013268707189E+002  0.130533067762875E+002  0.658448346413363E+001
  0.173668393960857E-014  0.714092776720048E+002  0.236677030231110E+001  0.107725187624247E+002
  0.174603365646673E-014  0.713885641480248E+002  0.853487742794676E+001  0.145084212120808E+002
  0.233909038890619E-014  0.707937582699043E+002  0.897260071785714E+000  0.274683321191878E+002
  0.264480596599065E-014  0.705381120414463E+002  0.161615615545613E+002  0.267237076022325E+002
  0.275971060454953E-014  0.704430807244606E+002  0.268465745703003E+002  0.163984393721509E+002
  0.281960373647802E-014  0.703901645708597E+002  0.275686659712513E+002  0.184159540521889E+002
  0.506933569234986E-014  0.692069626362947E+002  0.252202552815945E+002  0.255999677686192E+002
  0.541186052151602E-014  0.690662212412117E+002  0.206058206223045E+002  0.276225287269447E+002
  0.700789801301927E-014  0.685393564328043E+002  0.137960026767270E+001  0.125624330088920E+002
  0.742976859089917E-014  0.684124675249471E+002  0.922304149535333E+001  0.736920629523854E+001
  0.128781853121108E-013  0.673024122302768E+002  0.218665095052181E+002  0.127046387287499E+002
  0.145044309547886E-013  0.670545984132522E+002  0.242902694550123E+002  0.138313755184049E+002
  0.150688591521162E-013  0.669682710888409E+002  0.126010379412314E+002  0.212756853588951E+002
  0.161271825538868E-013  0.668225442074737E+002  0.203550490406287E+002  0.274900084088415E+002
  0.288226086547824E-013  0.656512613320383E+002  0.170584123957696E+002  0.268119061412332E+002
  0.356221122344492E-013  0.652176733023974E+002  0.147095959207023E+002  0.816072083709646E+001
  0.388956465962511E-013  0.650318667064727E+002  0.170658067059193E+001  0.127362079652172E+002
  0.513905364300728E-013  0.644647482080621E+002  0.270863512691281E+002  0.180889491171391E+002
  0.518694913370039E-013  0.644362196401299E+002  0.271177823864120E+002  0.217824519960178E+002
  0.670562934953770E-013  0.639126411846586E+002  0.824268773523934E+001  0.808238212590553E+001
  0.904496852806175E-013  0.633041435730210E+002  0.102213517738020E+002  0.207483072303861E+002
  0.922823689320390E-013  0.632540497464846E+002  0.880322893908091E+001  0.243566415052644E+002
  0.116444653047243E-012  0.627789487137193E+002  0.271390985935580E+002  0.189729352796310E+001
  0.117212003228277E-012  0.627558372116116E+002  0.100017436296285E+002  0.477063969651662E+001
  0.128655838267279E-012  0.625595488682125E+002  0.980900365493882E+000  0.130799908155806E+002
  0.129809914565452E-012  0.625317132531040E+002  0.129145312548433E+002  0.186841020203382E+002
  0.160919200901076E-012  0.620920757770810E+002  0.673240358125725E+001  0.261290277256669E+002
  0.192734712292204E-012  0.617212760652901E+002  0.267388294030426E+002  0.609770738972172E+000
  0.242696885833727E-012  0.612503038109256E+002  0.253373118846784E+002  0.152918000005426E+002
  0.324839084428284E-012  0.606572954207657E+002  0.974397523119105E+001  0.178599450754380E+002
  0.385975273999905E-012  0.603024335866654E+002  0.134206366504721E+002  0.553340740502757E+001
  0.407470654937633E-012  0.601840672891496E+002  0.946880489225814E+001  0.227825118388501E+002
  0.486856919226908E-012  0.598180894823386E+002  0.706779276233661E+001  0.257161956844841E+002
  0.894996548218518E-012  0.585904152353786E+002  0.174371384264954E+002  0.943629531397731E+001
  0.109560779859128E-011  0.581759507644843E+002  0.989333799230932E+001  0.197518394339014E+002
  0.128945488648813E-011  0.578401551135219E+002  0.131335061773545E+002  0.330847897074157E+001
  0.159082215543099E-011  0.574101172284441E+002  0.134154482113527E+002  0.218594452262328E+002
  0.169014925884698E-011  0.572790103806237E+002  0.939331709748236E+001  0.224100307985496E+002
  0.201738215434744E-011  0.569150675698961E+002  0.268031117189655E+002  0.319099761115027E+001
  0.216210666265401E-011  0.567665277959831E+002  0.165013597682171E+002  0.258249279740464E+002
  0.217082574205820E-011  0.567485035763870E+002  0.976815208505735E+001  0.358682408626056E+001
  0.287257196455485E-011  0.561783281695711E+002  0.185498576856786E+002  0.134061273127183E+002
  0.294677506266505E-011  0.561173459067180E+002  0.139364707236121E+002  0.229588342635909E+002
  0.316314901732218E-011  0.559656574585162E+002  0.777130073700689E+001  0.247543757017981E+002
  0.319838859873243E-011  0.559335242470697E+002  0.847111457701430E+001  0.239248147867824E+002
  0.467806192573960E-011  0.551630755927518E+002  0.188458990552150E+002  0.134246773326100E+002
  0.538392612174768E-011  0.548720325803175E+002  0.950612184376533E+001  0.439504577440727E+001
  0.650029794087421E-011  0.544851972123445E+002  0.875251161481389E+001  0.232859624027171E+002
  0.671464061731791E-011  0.544103375368273E+002  0.143516040524907E+002  0.165489563411510E+002
  0.791390432746524E-011  0.540717005643851E+002  0.249642707761482E+002  0.156604772377875E+002
  0.799723232167918E-011  0.540407769450320E+002  0.179637709769993E+002  0.137311651888715E+002
  0.816281140858359E-011  0.539898156160676E+002  0.265503383161158E+002  0.369758521973077E+001
  0.824376453931469E-011  0.539601036207330E+002  0.142138847542716E+002  0.168560032502916E+002
  0.848928561049283E-011  0.538914330361002E+002  0.261057760153470E+002  0.547516796223202E+000
  0.862026393930029E-011  0.538508362497769E+002  0.225651451822715E+002  0.260559564085238E+002
  0.867728577168592E-011  0.538276750126709E+002  0.217989202272473E+002  0.932418394790711E+001
  0.940024056448007E-011  0.536576469291343E+002  0.265393776729676E+002  0.245417204384343E+001
  0.138652008316583E-010  0.528703780804289E+002  0.171603055029113E+002  0.258489533099459E+002
  0.138884187135370E-010  0.528570567113835E+002  0.157868442526268E+002  0.249507693278978E+002
  0.145242971438339E-010  0.527575464175806E+002  0.727851340342779E+001  0.151157793812560E+002
  0.153769979334745E-010  0.526334716545891E+002  0.252003103079562E+002  0.687220685576688E+001
  0.173543235141916E-010  0.523815587373513E+002  0.944697507621912E+001  0.195290300622597E+002
  0.179314637417584E-010  0.523061531513373E+002  0.255878562738440E+002  0.232381718596291E+002
  0.225360865112857E-010  0.518390561710673E+002  0.862101108842366E+001  0.168940328248386E+002
  0.240162334783348E-010  0.517018568335333E+002  0.917829622771538E+001  0.217129664720670E+002
  0.261107805865873E-010  0.515246451870809E+002  0.196228832302199E+001  0.263128077145466E+002
  0.267409857863207E-010  0.514669717875406E+002  0.876715809475972E+001  0.172412682486544E+002
  0.331714962617055E-010  0.510260096560677E+002  0.229728921943273E+002  0.256206461581628E+002
  0.362475393157660E-010  0.508386734985937E+002  0.136801012954318E+002  0.245109614604685E+001
  0.436779851219153E-010  0.504557530072533E+002  0.262072935719146E+002  0.211528230990119E+002
  0.439287330987627E-010  0.504343290916910E+002  0.205758875110967E+002  0.928541360966390E+001
  0.495231694075357E-010  0.501846099878246E+002  0.185618878139949E+002  0.912537222596167E+001
  0.568980769223462E-010  0.498969930764843E+002  0.860192040210610E+001  0.581411130967594E+001
  0.637984270028696E-010  0.496580840097491E+002  0.237916915358432E+002  0.150316098296270E+002
  0.700263653828648E-010  0.494618223576421E+002  0.258467635123946E+002  0.178364565254962E+002
  0.757062600793225E-010  0.492958692077032E+002  0.919654534489550E+001  0.245005766243040E+001
  0.776934077265840E-010  0.492340750082605E+002  0.137919600487054E+002  0.203131398244958E+002
  0.105229980158013E-009  0.486173442631107E+002  0.623098903504637E+001  0.147481626361039E+002
  0.106104222066726E-009  0.485908219882663E+002  0.739396231784381E+001  0.732292247396704E+001
  0.105910787248675E-009  0.485844963614285E+002  0.732400244803673E+001  0.243921795010103E+002
  0.145920610593432E-009  0.479335900769195E+002  0.246643120989607E+002  0.160526560450472E+002
  0.151280113535513E-009  0.478514740657130E+002  0.219722443434407E+002  0.877628495607458E+001
  0.170937607005021E-009  0.475971680951786E+002  0.252710023680631E+002  0.603602432621115E+001
  0.181632036491496E-009  0.474658245233541E+002  0.207233841041111E+002  0.902878773382907E+001
  0.203253796839539E-009  0.472309043085634E+002  0.249801447224931E+002  0.234398843628648E+002
  0.217816026624744E-009  0.470825384994682E+002  0.191023902779996E+002  0.259733220961817E+002
  0.226837705458725E-009  0.469913953845935E+002  0.253479960256833E+002  0.579178714664335E+001
  0.270541556843125E-009  0.466290384848367E+002  0.257651324476094E+002  0.132786725268237E+001
  0.279469402769560E-009  0.465541292036661E+002  0.144094030574335E+002  0.831337599411530E+000
  0.331165664385980E-009  0.462047022576250E+002  0.253224957832254E+002  0.173019483931054E+002
  0.343156194749503E-009  0.461235932246302E+002  0.140569742460599E+002  0.195441714237470E+002
  0.459732478428871E-009  0.455287000818432E+002  0.142496261981859E+002  0.436588535373513E+001
  0.493641811010519E-009  0.453763941516384E+002  0.716947199611259E+001  0.158291920442718E+002
  0.552876833981963E-009  0.451397689124345E+002  0.245422877599614E+002  0.672976304829589E+001
  0.688066137011431E-009  0.446922944107436E+002  0.563317023059280E+001  0.821176078938374E+001
  0.688089320050563E-009  0.446822519427789E+002  0.257339463631508E+002  0.190097651272451E+001
  0.691053658765774E-009  0.446636792210035E+002  0.144443627673611E+002  0.217895015335603E+002
  0.745629984016724E-009  0.445016801327029E+002  0.285213472042964E+001  0.141790415247921E+002
  0.824274475086849E-009  0.442911568534813E+002  0.508149191289224E+001  0.254186981691491E+002
  0.841402201341188E-009  0.442400493461402E+002  0.255506988644756E+002  0.183166898561632E+002
  0.116264420951885E-008  0.435833094760581E+002  0.560410278166879E+001  0.251191502963731E+002
  0.150150054278958E-008  0.430617982571265E+002  0.199810846458553E+002  0.869782257049116E+001
  0.163007305543828E-008  0.428875034477801E+002  0.199994864067157E+002  0.256825385843210E+002
  0.227528829900397E-008  0.422105644925394E+002  0.441639564839356E+001  0.254413352624191E+002
  0.227723703092343E-008  0.421988771888070E+002  0.221087081650528E+002  0.821113890063783E+001
  0.116199177915994E-002  0.143115264496463E+002  0.150251192509753E+001  0.102880433542214E+000
  0.294758808117086E-002  0.121636214570443E+002  0.418332649523492E+001  0.337744240329147E+000
  0.301431658243039E-002  0.121188496657259E+002  0.455553582041123E+001  0.545737617057882E+000
  0.516866443954545E-002  0.110403672772286E+002  0.906533153684281E+000  0.127315035171362E+001
  0.629217503614402E-002  0.106469823224088E+002  0.200585030776451E+001  0.554004378781893E+000
  0.750007372954738E-002  0.102957702275073E+002  0.695427607490423E+000  0.185590114833931E+001
  0.915665625096925E-002  0.989663378182860E+001  0.384629919069852E+001  0.653799384359272E+000
  0.106273312540886E-001  0.959873772392250E+001  0.405400640778032E+001  0.806360539317860E+000
  0.374099080414789E-001  0.708172474924723E+001  0.434207259093821E+001  0.173318834190676E+001
  0.390993440027787E-001  0.699338455085176E+001  0.408566708026909E+001  0.153748250989841E+001
  0.404617299495246E-001  0.611395253777593E+001  0.362003313092071E+001  0.156690638075599E+001
  0.407121050227342E-001  0.610161477562395E+001  0.302454939252935E+001  0.144267602274553E+001
  0.379784777690329E-001  0.597356367868921E+001  0.253601386105441E+001  0.155690388097782E+001
  0.392048670340442E-001  0.591000113200034E+001  0.213010978221106E+001  0.178445978751143E+001
  0.396997795154958E-001  0.588491166041872E+001  0.250669623036753E+001  0.159792692113912E+001
  0.405913937051789E-001  0.584049079537789E+001  0.372117790888456E+001  0.171756517269060E+001
  0.579896227370648E-001  0.512707477581815E+001  0.270788026283591E+001  0.183124566218617E+001
  0.630702525577529E-001  0.495910447809961E+001  0.263298350170600E+001  0.192824945287584E+001
  0.660810957482868E-001  0.486583750579758E+001  0.290890268491819E+001  0.191290080849824E+001
