  0.170323428934860E-114  0.538596954045089E+003  0.292978985431844E+002  0.272654403069934E+002
  0.874961758233510E-083  0.392553741140766E+003  0.257342377890945E+002  0.260562605704706E+002
  0.329760443469078E-082  0.389890223308879E+003  0.217014848871765E+002  0.290125078111476E+002
  0.113128314874776E-079  0.378204425183120E+003  0.287545076416968E+002  0.215469841625005E+002
  0.460390386687408E-079  0.375387345916238E+003  0.195838668326644E+002  0.296501081444915E+002
  0.551914085888323E-076  0.361199225082500E+003  0.297251343247934E+002  0.183775266351558E+002
  0.629027763756900E-073  0.347112173436339E+003  0.270552366112640E+002  0.226820424894674E+002
  0.600872498167368E-071  0.337983443246716E+003  0.299847764845794E+002  0.586099048630892E+001
  0.574591503336516E-070  0.333457744784133E+003  0.298898655323444E+002  0.342094104306563E+000
  0.825834778277427E-070  0.332722298965368E+003  0.700821863390177E+001  0.296163069863754E+002
  0.210429136531485E-069  0.330841645245008E+003  0.708782238746277E+001  0.295451915290946E+002
  0.776638145304392E-067  0.319009678626922E+003  0.253424898300558E+002  0.236035189271777E+002
  0.279368874629821E-066  0.316439416347048E+003  0.295244033506033E+002  0.127121103543429E+001
  0.423668762886985E-066  0.315596603483127E+003  0.198650072934084E+002  0.277287085130774E+002
  0.669857936898546E-066  0.314670400949889E+003  0.295575704271731E+002  0.122369163910283E+002
  0.266487204439629E-065  0.311898734533537E+003  0.232128030762375E+002  0.254099138490390E+002
  0.259548595161229E-064  0.307336353823385E+003  0.898156232982797E+001  0.290844783011685E+002
  0.316127834900875E-063  0.302326803108488E+003  0.130378526198540E+002  0.291727596145623E+002
  0.426651801642276E-063  0.301717184915206E+003  0.291123802403094E+002  0.140700434468009E+001
  0.794492367021643E-063  0.300463739530344E+003  0.562179258401718E+001  0.289482728028399E+002
  0.110328493551154E-062  0.299797076577346E+003  0.290481580419299E+002  0.103232794847270E+002
  0.115746951033384E-062  0.299691213232317E+003  0.287581047419365E+002  0.846284136146333E+001
  0.284521443301836E-061  0.293277263421391E+003  0.625427291174593E+001  0.286235076323615E+002
  0.223345768757825E-060  0.289146293191263E+003  0.287562577859355E+002  0.442412286483071E+001
  0.338972416311886E-060  0.288301922842068E+003  0.286050797942369E+002  0.144954469741284E+002
  0.429338047503718E-059  0.283214125849282E+003  0.284980648870714E+002  0.983620967643958E+001
  0.236708253331470E-058  0.279789813008099E+003  0.251498443350181E+002  0.220262363180051E+002
  0.252657822660456E-058  0.279649422506145E+003  0.206399357379745E+002  0.260945003700525E+002
  0.881831909064325E-058  0.277139516693416E+003  0.132078324172140E+002  0.284114187466208E+002
  0.226983423099115E-056  0.270633450177883E+003  0.884838491728852E+001  0.279485043502982E+002
  0.241581547073533E-056  0.270498814902226E+003  0.220043377953092E+002  0.248088269529714E+002
  0.108273545935387E-055  0.267488762088201E+003  0.414177848259269E+001  0.281195257906826E+002
  0.208537173491186E-055  0.266167874089523E+003  0.275525739515942E+002  0.773849341451847E+001
  0.411551378120281E-055  0.264798265901400E+003  0.123769789603233E+002  0.280720303787812E+002
  0.653890519159241E-055  0.263862278683330E+003  0.112577448118331E+002  0.280301386035980E+002
  0.132937712521259E-054  0.262433251902184E+003  0.861237694705933E+001  0.276400562484358E+002
  0.461004708823493E-054  0.259936221687767E+003  0.260252505870827E+002  0.195420537911696E+002
  0.599083230988222E-054  0.259402262042650E+003  0.278843164084690E+002  0.213700404990283E+001
  0.107118589240663E-053  0.258230044787560E+003  0.273881933118249E+002  0.158842707316897E+002
  0.133894870391242E-053  0.257773832881913E+003  0.273521422671629E+002  0.803057037403428E+001
  0.645615985003511E-053  0.254617557931179E+003  0.225239869653762E+002  0.237267755165418E+002
  0.700629848696605E-053  0.254444033172627E+003  0.273129031486130E+002  0.668976956337662E+001
  0.130662928281884E-052  0.253187605451032E+003  0.239759610005206E+002  0.221694626847554E+002
  0.223146520064594E-052  0.252107215056557E+003  0.161287440606276E+001  0.276152843513909E+002
  0.973039689647350E-052  0.249152047421522E+003  0.231805849931871E+002  0.228535973005835E+002
  0.183292491881996E-051  0.247875585510852E+003  0.437404731001084E+001  0.274803613404952E+002
  0.264855932946085E-051  0.247129404756416E+003  0.274264269305379E+002  0.132406305465190E+001
  0.185254523305169E-050  0.243229170182836E+003  0.244288062195244E+001  0.273809231164138E+002
  0.250141230462306E-050  0.242618605101768E+003  0.257347380486394E+002  0.189014189532745E+002
  0.559885534635435E-050  0.240997216658353E+003  0.262451634065924E+002  0.176326320587649E+002
  0.899055185242737E-050  0.240040017460670E+003  0.154185414757680E+002  0.268999194417526E+002
  0.148915999664787E-049  0.239020796254452E+003  0.185435938446081E+002  0.257788309947852E+002
  0.117476921074833E-047  0.230274761776306E+003  0.414995952668752E+001  0.269199987464771E+002
  0.216944881321425E-047  0.229037983852801E+003  0.268035007858895E+002  0.488370806301887E+001
  0.288632395283688E-047  0.228456987626456E+003  0.269029899523912E+002  0.289097781430245E+001
  0.577840250713125E-047  0.227058725427811E+003  0.268560876127900E+002  0.119030773477996E+002
  0.100952055659457E-046  0.225932883638653E+003  0.267833430862829E+002  0.130196364859579E+002
  0.109890066709211E-046  0.225753239025997E+003  0.254491168156547E+002  0.182071332865071E+002
  0.353788009308039E-046  0.223404829108016E+003  0.267215677564428E+002  0.242183079287163E+001
  0.676787044813837E-046  0.222097536472408E+003  0.260555838933649E+002  0.730133572454110E+001
  0.755475964355507E-046  0.221867578787987E+003  0.320551299008702E+001  0.266792149289560E+002
  0.221019238641195E-045  0.219710629952139E+003  0.216819595718574E+002  0.229372892680339E+002
  0.288943208937185E-045  0.219164694050056E+003  0.885122661950605E+001  0.262444353500073E+002
  0.794271850561772E-044  0.212527157533498E+003  0.234565142612651E+002  0.206561796565528E+002
  0.107100100867571E-043  0.211919335993383E+003  0.262629507674984E+002  0.134634135194443E+002
  0.418638445999652E-043  0.209182873448809E+003  0.189298343251145E+002  0.244424385635159E+002
  0.702716711702358E-043  0.208137005985770E+003  0.255400024723337E+002  0.765042725576475E+001
  0.159341593168919E-042  0.206489667831946E+003  0.171715452204526E+002  0.251680976453075E+002
  0.194000904611391E-042  0.206086067669832E+003  0.248782767168639E+002  0.178215173456158E+002
  0.989857346732482E-042  0.202816696553733E+003  0.256639372278363E+002  0.887469486481974E+001
  0.269026197872741E-041  0.200807055432353E+003  0.255692489655778E+002  0.152150498711703E+002
  0.662538591021930E-041  0.198994540265247E+003  0.257790205456284E+002  0.133052678967543E+001
  0.109741283575738E-040  0.197975301353605E+003  0.150695745279086E+002  0.254984081025435E+002
  0.131238304637688E-040  0.197607547946783E+003  0.117468332271015E+001  0.257087481086342E+002
  0.240629766756648E-040  0.196385083414232E+003  0.257811542596057E+002  0.123447874979964E+002
  0.405415821754016E-040  0.195331800839157E+003  0.240523615373210E+002  0.186125932843669E+002
  0.508326715017238E-040  0.194869403516374E+003  0.251563426341163E+002  0.806987645466315E+001
  0.385614709520125E-039  0.190806829590456E+003  0.255086939194151E+002  0.105942881114510E+002
  0.429831376269490E-039  0.190579745958509E+003  0.254959574291029E+002  0.105533187075429E+002
  0.492100823125455E-039  0.190299189601521E+003  0.247698193047747E+002  0.165700013409754E+002
  0.623122515345299E-039  0.189817095453002E+003  0.157275055750414E+002  0.250221659247849E+002
  0.921140038050920E-039  0.189025382527181E+003  0.162237078900757E+002  0.248389906892281E+002
  0.373376224557816E-038  0.186216288295105E+003  0.134375470166076E+002  0.253343074286496E+002
  0.655798850760771E-038  0.185079778100573E+003  0.969409320786183E+001  0.251687729004432E+002
  0.135419066179741E-037  0.183619592726934E+003  0.252853484457136E+002  0.111207292029747E+002
  0.433772154082057E-037  0.181281327161211E+003  0.153298785684825E+001  0.251447027453895E+002
  0.508163790354418E-037  0.180954783254351E+003  0.250141261823262E+002  0.142893909007498E+002
  0.444051733565539E-036  0.176609363475111E+003  0.250467769301651E+002  0.321209182260684E+001
  0.102294550017479E-035  0.174930387557416E+003  0.248994519534634E+002  0.152063034055142E+001
  0.115883532450941E-035  0.174670953956178E+003  0.191328943640267E+002  0.228372865459674E+002
  0.142491056939881E-035  0.174247591706580E+003  0.242624541636707E+002  0.779670460204671E+001
  0.144917174242314E-035  0.174203850368214E+003  0.236894397918369E+002  0.175870256355976E+002
  0.173599869303999E-034  0.169227523734656E+003  0.194022750915478E+002  0.223965309086877E+002
  0.183450457635193E-034  0.169107165459566E+003  0.822754578734638E+001  0.241873962174910E+002
  0.211203444332292E-033  0.164210265761180E+003  0.670014125259239E+001  0.240072779061767E+002
  0.335412559847403E-033  0.163275211806226E+003  0.243658618846228E+002  0.996333513717863E+000
  0.380943346918381E-033  0.163010657978681E+003  0.626608127716235E+001  0.240829387512659E+002
  0.407635783402029E-033  0.162865236056333E+003  0.241262940420017E+002  0.607770078346676E+001
  0.198850130377854E-032  0.159685736108659E+003  0.699140098486612E+001  0.237230081631801E+002
  0.806338549947915E-031  0.152270686311330E+003  0.690465049684204E+001  0.234318762980092E+002
  0.121588152198510E-030  0.151439269360850E+003  0.288151754416268E+001  0.240448843498018E+002
  0.150540646357441E-030  0.151002107095862E+003  0.230079942392411E+002  0.168456349074491E+002
  0.585491062812697E-030  0.148275696421771E+003  0.234942292323586E+002  0.613247626341754E+001
  0.727336183713477E-030  0.147831845582871E+003  0.185223355133087E+001  0.238392772369673E+002
  0.190464184729575E-029  0.145896549566743E+003  0.382666959078219E+001  0.237841917281590E+002
  0.321028195173427E-029  0.144842444914758E+003  0.161098635306465E+002  0.230274872208410E+002
  0.497662494735307E-029  0.143955683489438E+003  0.140284093643679E+001  0.236214789999685E+002
  0.210864178763153E-027  0.136452783838813E+003  0.758150399041739E+001  0.225531061699752E+002
  0.236765176506307E-027  0.136211099536077E+003  0.452513267318703E+001  0.232933200431428E+002
  0.244247764082774E-027  0.136138895846771E+003  0.809015720460776E+001  0.227012092073335E+002
  0.152021764314654E-026  0.132472069457338E+003  0.850203078517253E+001  0.226719506602969E+002
  0.340121397740007E-026  0.130851536555951E+003  0.195957690735488E+002  0.201737284313136E+002
  0.412023143828263E-026  0.130458007640822E+003  0.229288881483638E+002  0.516134662060815E+001
  0.925865729272594E-026  0.128828733155331E+003  0.227494235528784E+002  0.367010412526177E+000
  0.987909335653164E-026  0.128689034662995E+003  0.169873195239838E+002  0.218726737189212E+002
  0.122959946748103E-025  0.128241353917698E+003  0.226471888784056E+002  0.789161879797390E-001
  0.132315335784652E-025  0.128084720204685E+003  0.216326603155725E+002  0.173805746143951E+002
  0.154916426166600E-025  0.127759349512980E+003  0.226169314753389E+002  0.514201227488642E-001
  0.258687103671436E-025  0.126723907526060E+003  0.212440316888933E+002  0.179098048523101E+002
  0.127606586376090E-024  0.123522096758024E+003  0.227952306489464E+002  0.379943713052716E+001
  0.249372941852431E-024  0.122172126580121E+003  0.682867885313664E+001  0.220584343231082E+002
  0.265903663088167E-024  0.122033782417189E+003  0.221398513760844E+002  0.658772179988528E+001
  0.467328842967538E-024  0.120896009142061E+003  0.438590163907673E+001  0.226126949226132E+002
  0.657159363953625E-024  0.120204247295495E+003  0.223595230156942E+002  0.145570564941726E+002
  0.845244376543136E-024  0.119690873739694E+003  0.219686894711172E+002  0.673794215185770E+001
  0.902706111709049E-024  0.119549356148268E+003  0.199175324883394E+002  0.191074639060604E+002
  0.165317015268466E-023  0.118329275094348E+003  0.221530585524413E+002  0.598306674598000E+001
  0.204617758958027E-023  0.117892742585397E+003  0.688304254440574E+001  0.218222436598773E+002
  0.265031529582152E-023  0.117365357201801E+003  0.141374405670533E+002  0.223174954691392E+002
  0.438395747968017E-023  0.116348835642490E+003  0.165372141326870E+002  0.214560314766940E+002
  0.989336005817772E-023  0.114711036598858E+003  0.215647415182850E+002  0.788381198225060E+001
  0.370761268005670E-022  0.112058842617637E+003  0.219943253645360E+002  0.958622476791248E+001
  0.128653343361572E-021  0.109560571041801E+003  0.168394504562721E+002  0.209327654203321E+002
  0.240693620884714E-021  0.108297789327464E+003  0.844370866142522E+001  0.214501321986903E+002
  0.249041183393037E-021  0.108219627372738E+003  0.220584797618697E+002  0.216296954392992E+001
  0.308109672832589E-021  0.107783977245164E+003  0.219998653069049E+002  0.179971719144380E+001
  0.111455266884442E-020  0.105202496943511E+003  0.217223210737490E+002  0.140815805567020E+002
  0.177028457584676E-020  0.104267147499636E+003  0.297250929834479E+001  0.218954736871234E+002
  0.224493869443864E-020  0.103782096612125E+003  0.173134756427950E+002  0.203188389176099E+002
  0.232399255041238E-020  0.103702904688582E+003  0.213947041028964E+002  0.898396777094302E+001
  0.677147241222142E-020  0.101554065764517E+003  0.210535366780140E+002  0.156388936664823E+002
  0.828512841088648E-020  0.101140603489582E+003  0.201572423075853E+002  0.173154500427070E+002
  0.128026091194629E-019  0.100260254731257E+003  0.644705213394668E+001  0.210571655224728E+002
  0.153680914596288E-019  0.998849908699541E+002  0.210316784252765E+002  0.154594484277037E+002
  0.163982941436954E-019  0.997452479128520E+002  0.146145428439601E+002  0.213039465476507E+002
  0.529993841811251E-019  0.973890668688924E+002  0.205274154545433E+002  0.732444756805573E+001
  0.646004580430640E-019  0.969832093719648E+002  0.215128800658992E+002  0.262273357507533E+001
  0.757274728119343E-019  0.966553952682906E+002  0.206853043406604E+002  0.685759632038181E+001
  0.137920008971051E-018  0.954463544644259E+002  0.114035859891543E+002  0.214204380218589E+002
  0.221918574036577E-018  0.944851060633818E+002  0.212961698817487E+002  0.431161706478790E+001
  0.249139431497884E-018  0.942437266311086E+002  0.195549445240223E+001  0.213170136054284E+002
  0.255183529694432E-018  0.941858109381351E+002  0.203061566113902E+002  0.747101487754006E+001
  0.328873534102670E-018  0.936684553121749E+002  0.546466885725905E+001  0.210137600639238E+002
  0.497172217828556E-018  0.928319538315972E+002  0.212914229463781E+002  0.123942349486135E+002
  0.626623698534390E-018  0.923591593129417E+002  0.501525528478412E+001  0.210527295984179E+002
  0.630075486207202E-018  0.923381973640241E+002  0.183205012702914E+002  0.187855337879832E+002
  0.938892275340554E-018  0.915305000444105E+002  0.219303777400327E+001  0.211942003318297E+002
  0.382762169144671E-017  0.887099286191419E+002  0.702629033200336E+001  0.201351628970359E+002
  0.513729716170339E-017  0.881113866258902E+002  0.153235818626251E+002  0.204094707300705E+002
  0.888588981557236E-017  0.870055365278226E+002  0.271908440234254E+001  0.209766714703395E+002
  0.165951824116761E-016  0.857462657799630E+002  0.709404935376904E+001  0.199177125330503E+002
  0.194318830224315E-016  0.854206852274164E+002  0.115740879381530E+002  0.208821895878540E+002
  0.237919458290199E-016  0.850058462623574E+002  0.190120644714500E+002  0.174305437888096E+002
  0.313482590003375E-016  0.844442479425372E+002  0.808527634911504E+001  0.199236027800703E+002
  0.650018470762417E-016  0.829757589499308E+002  0.442892542606856E+001  0.206364309068191E+002
  0.188471137661663E-015  0.808367254803849E+002  0.201246574059650E+002  0.878401060937684E-001
  0.356727629189760E-015  0.795506950616974E+002  0.187731134463363E+002  0.172277755342352E+002
  0.355765660053617E-015  0.795461205613064E+002  0.202363131304386E+002  0.684125584090695E+000
  0.506294047276726E-015  0.788304547467370E+002  0.994866746580710E+001  0.202629593556442E+002
  0.918199080557179E-015  0.776298864459972E+002  0.178835095664553E+002  0.180554280904836E+002
  0.147655516077496E-014  0.766698057046386E+002  0.474137942396256E+001  0.202031342265054E+002
  0.205597464578810E-014  0.759977541515074E+002  0.159032508874374E+002  0.193767468705940E+002
  0.257688677214301E-014  0.755361151141926E+002  0.191073129576031E+001  0.202464305330094E+002
  0.293494138085100E-014  0.752659290556112E+002  0.132370822015437E+002  0.202091147155968E+002
  0.629245362633090E-014  0.737306267771909E+002  0.201481792677431E+002  0.110041038560651E+002
  0.699234925910609E-014  0.735097206741209E+002  0.201864730800747E+002  0.338129636101700E+001
  0.129764179085857E-013  0.722631113615476E+002  0.468762596984300E+001  0.199416017074059E+002
  0.181625693283346E-013  0.715806779927721E+002  0.193766522420977E+002  0.152893293273127E+002
  0.252456233084603E-013  0.709121229889987E+002  0.507881035209151E+001  0.197617445359478E+002
  0.564614626006447E-013  0.692923368636008E+002  0.197527660942287E+002  0.468551549485331E+001
  0.180812409348464E-012  0.669545582729529E+002  0.138994050111288E+002  0.195498891785406E+002
  0.295018807451134E-012  0.659654251359316E+002  0.142318781684478E+002  0.193917624900108E+002
  0.376617711037748E-012  0.654670669818778E+002  0.192607548968799E+002  0.946968122938604E+001
  0.390590073821443E-012  0.653842359756937E+002  0.144322410366688E+002  0.192885147490302E+002
  0.586312050810053E-012  0.645618737881065E+002  0.194751906621106E+002  0.104711422287217E+002
  0.820744950107929E-012  0.638791782134311E+002  0.420122397000499E+000  0.191328407733921E+002
  0.119514607559348E-011  0.631175805458090E+002  0.173447692402077E+002  0.173108408040847E+002
  0.191111426233883E-011  0.621687693858333E+002  0.191921141320035E+002  0.502392475899691E+001
  0.313965445573014E-010  0.565607715317455E+002  0.168267960583149E+002  0.171881421602317E+002
  0.365003254875596E-010  0.562495497745171E+002  0.675070149424257E+001  0.179864973908365E+002
  0.368634740610608E-010  0.562197746515975E+002  0.183146273603640E+002  0.883783689807024E+001
  0.411628647112040E-010  0.559891689486221E+002  0.166985829594659E+002  0.172503804484276E+002
  0.507905806670882E-010  0.555588450465774E+002  0.107774691048918E+002  0.189078412683469E+002
  0.603254155265012E-010  0.552047847992242E+002  0.508823450734476E+001  0.186706873089585E+002
  0.699624350672736E-010  0.548983998032199E+002  0.183751571637053E+002  0.918756703550700E+001
  0.788530853823693E-010  0.546491687475897E+002  0.175248589111737E+002  0.723789327767011E+001
  0.909828089157647E-010  0.543530253980808E+002  0.826548733568487E+001  0.178363074225957E+002
  0.107800981502351E-009  0.540038179398146E+002  0.153595613320779E+002  0.180308517911995E+002
  0.131667843111643E-009  0.535938515609141E+002  0.171225791130767E+002  0.165833440327753E+002
  0.165004982106520E-009  0.531324899642691E+002  0.100183272984766E+002  0.185467145195270E+002
  0.165945234266774E-009  0.531111505775717E+002  0.142305903230357E+002  0.184644895482894E+002
  0.333532541482871E-009  0.517050102617718E+002  0.183242883350664E+002  0.684315425558263E+000
  0.752011822711035E-009  0.500690119602293E+002  0.186042612699708E+002  0.332673042372196E+001
  0.873322057771282E-009  0.497599321741306E+002  0.371789994859983E+001  0.185496991968733E+002
  0.969648289680173E-009  0.495406990496422E+002  0.159181544182335E+002  0.172766251274950E+002
  0.110116821596910E-008  0.492763369826653E+002  0.185139970962045E+002  0.370582330996950E+001
  0.116621953604313E-008  0.491515704581173E+002  0.852314433315527E+001  0.175423147926016E+002
  0.339160546052349E-008  0.470065232852667E+002  0.445829591138098E+001  0.182075682881231E+002
  0.380916039113000E-008  0.467643374050225E+002  0.651700420572943E+001  0.172961603231734E+002
  0.639679303475028E-008  0.457175863592261E+002  0.849729732101533E+001  0.172060465724341E+002
  0.675743777757671E-008  0.455979172466807E+002  0.170567969268897E+002  0.669894692561257E+001
  0.748836668017469E-008  0.453825283320657E+002  0.103429392632925E+001  0.179306437842440E+002
  0.820536543630149E-008  0.451896781394863E+002  0.179772377044275E+002  0.102346911613290E+002
  0.102689822379678E-007  0.447310237429757E+002  0.172327621693962E+002  0.868288089637542E+001
  0.105525877961210E-007  0.446665622598819E+002  0.181668125733596E+002  0.114605626296521E+002
  0.105508128785686E-007  0.446569235999006E+002  0.224001653482444E+001  0.181427482826625E+002
  0.105826436072497E-007  0.446409238038322E+002  0.179342551652332E+002  0.124513613937504E+001
  0.117255125849585E-007  0.444258451866787E+002  0.742715260621356E+001  0.163950461691912E+002
  0.122499619010091E-007  0.443283585112163E+002  0.147926710042620E+001  0.179724147286472E+002
  0.139982621346219E-007  0.440515627045850E+002  0.167289148677116E+002  0.808163774735964E+001
  0.215034447990754E-007  0.431830277078764E+002  0.176004354363899E+002  0.660735508263992E+000
  0.226793369561245E-007  0.430665704284916E+002  0.146687447265147E+002  0.174404392970406E+002
  0.283373528220026E-007  0.426111421887236E+002  0.812790403198284E+001  0.166129207085154E+002
  0.303745552572687E-007  0.424623182301993E+002  0.178287187064289E+002  0.153631827123596E+001
  0.352995142425625E-007  0.421518152607909E+002  0.172891969202297E+002  0.920174708477212E+001
  0.396887348659165E-007  0.419074438019889E+002  0.179469809069250E+002  0.255855960056828E+001
  0.504613446578951E-007  0.414171883190597E+002  0.179217723202776E+002  0.306171415920196E+001
  0.511118330660498E-007  0.413815963432410E+002  0.172773844270951E+002  0.146804510224005E+002
  0.553715660752356E-007  0.412115209062097E+002  0.535850984092884E+001  0.174132208505259E+002
  0.932236297258845E-007  0.401596757969265E+002  0.164865161615319E+002  0.830049432328595E+001
  0.100121465219245E-006  0.400069349665050E+002  0.159141989202819E+002  0.732692199497565E+001
  0.109110475555596E-006  0.398250062733488E+002  0.772838345151666E+001  0.159336065582029E+002
  0.129358224920782E-006  0.394745820163062E+002  0.132027995276610E+001  0.175051912147372E+002
  0.155090284669669E-006  0.391017630614487E+002  0.172591205705312E+002  0.974225297672681E+001
  0.233665556744233E-006  0.382720211399304E+002  0.880571983397243E+001  0.166607530344057E+002
  0.286163221570336E-006  0.378567030479270E+002  0.168774027805245E+002  0.577878629450214E+001
  0.336503760605689E-006  0.375226340212058E+002  0.835085255110897E+001  0.162262642175841E+002
  0.148408490468292E-005  0.345447703165474E+002  0.799480800888944E+001  0.154900374694322E+002
  0.187087020576278E-005  0.340715845999394E+002  0.159230105267637E+002  0.848775623109675E+001
  0.207405164631053E-005  0.338554088409440E+002  0.168465629422369E+002  0.999494533245936E+001
  0.253920553625620E-005  0.334407392782891E+002  0.169195420627684E+002  0.102991611179900E+002
  0.256275681818063E-005  0.334122995751292E+002  0.889572439388960E+001  0.718903357780470E+001
  0.267416191931984E-005  0.333172195543104E+002  0.171145605646011E+002  0.110986135584946E+002
  0.294547977416590E-005  0.331139731008955E+002  0.148956232950110E+002  0.733489799032717E+001
  0.364523154796398E-005  0.326777016718830E+002  0.128012756012911E+001  0.168346404410305E+002
  0.377923303006657E-005  0.325955241914937E+002  0.978369065003871E+001  0.166192537049540E+002
  0.417134308263948E-005  0.323881151501200E+002  0.161217905150498E+002  0.600881518210574E+001
  0.416671615681609E-005  0.323803597329292E+002  0.141916460631343E+002  0.166077168965193E+002
  0.417298768703027E-005  0.323673766143635E+002  0.161380941467929E+002  0.149828780025730E+002
  0.446815598103402E-005  0.322207144506890E+002  0.732514060498668E+001  0.925325576431212E+001
  0.473348333523151E-005  0.320953682183162E+002  0.737491133654306E+001  0.146779536956540E+002
  0.478065268195810E-005  0.320655617042023E+002  0.767768677438060E+001  0.927874022220124E+001
  0.519329125003309E-005  0.318900054874089E+002  0.168640823618796E+002  0.106271504103312E+002
  0.574238014375072E-005  0.316790181340594E+002  0.165224755579276E+002  0.142091266812022E+002
  0.571519349357948E-005  0.316785343105498E+002  0.734863104712100E+001  0.562257872456388E+001
  0.772081369218429E-005  0.310669760171146E+002  0.157048513049287E+002  0.631588715532011E+001
  0.890582121890939E-005  0.307714301872050E+002  0.114460339620810E+002  0.169110650115458E+002
  0.899450913829683E-005  0.307416367783048E+002  0.167840355574679E+002  0.107717295514505E+002
  0.931354219184628E-005  0.306619513047727E+002  0.127919933990020E+002  0.168671044258678E+002
  0.108662412305051E-004  0.303435935063329E+002  0.744513449654898E+000  0.163486068641736E+002
  0.110679263234859E-004  0.302968373096767E+002  0.740454476747642E+000  0.746902522439154E+001
  0.118225794844582E-004  0.301549425997015E+002  0.658411413224183E+000  0.767561468033527E+001
  0.129167860406588E-004  0.299679345361169E+002  0.120034544750991E+002  0.168602397404152E+002
  0.164049586723008E-004  0.294798475765943E+002  0.154644246362723E+002  0.633641632135034E+001
  0.176672988445580E-004  0.293216089721687E+002  0.910696564957288E+001  0.158217757650141E+002
  0.199385460811604E-004  0.290697550105642E+002  0.120771260371164E+002  0.167663208365106E+002
  0.211269942303353E-004  0.289439864814732E+002  0.295869617107084E+000  0.159096896405445E+002
  0.211638225838071E-004  0.289305280547320E+002  0.147870461500511E+002  0.814997894125095E+001
  0.227533200100808E-004  0.287757173173593E+002  0.495847358210041E+001  0.737868154252996E+001
  0.232132330112868E-004  0.287257193638941E+002  0.902981051789799E+001  0.668225147970776E+001
  0.255381749485945E-004  0.285248405108331E+002  0.163628909015215E+002  0.122685837456602E+001
  0.320957392622519E-004  0.280577676306843E+002  0.126003673117222E+001  0.759814717533437E+001
  0.330492812069468E-004  0.279892394889761E+002  0.165607650457139E+002  0.129179702709581E+002
  0.337325852868399E-004  0.279383354554699E+002  0.512729866136190E+001  0.714054949689991E+001
  0.434892420890042E-004  0.274202617593237E+002  0.544254627900451E+001  0.688797211676608E+001
  0.438130788017180E-004  0.273954491235451E+002  0.997935090886093E+001  0.712736587919537E+001
  0.569526730631755E-004  0.268608975400804E+002  0.374315990474439E-002  0.153966675168252E+002
  0.568017034365039E-004  0.268562310779643E+002  0.103479439919379E+002  0.723815906965714E+001
  0.581660396132422E-004  0.267987852803993E+002  0.892167597735004E+000  0.799590768066065E+001
  0.643668280987831E-004  0.265862167250911E+002  0.121805880991322E+001  0.161309696260994E+002
  0.643873429250123E-004  0.265756043088863E+002  0.143383522037972E+002  0.815719996097357E+001
  0.657142937995007E-004  0.265248304496620E+002  0.637868657801866E+001  0.596030402815822E+001
  0.675173522549697E-004  0.264607190229963E+002  0.163329782208919E+002  0.131575951329654E+002
  0.707592103898123E-004  0.263569477900682E+002  0.934330171175810E+001  0.155990151224622E+002
  0.730018311415345E-004  0.262845690775944E+002  0.387123391921187E+001  0.163794438308079E+002
  0.769065750451196E-004  0.261703802963141E+002  0.851281237439919E+000  0.690083016408206E+001
  0.785515025384999E-004  0.261180789755734E+002  0.673617409466798E+001  0.588536431877567E+000
  0.983655099383858E-004  0.256582324107381E+002  0.163012988793927E+002  0.129005931892179E+002
  0.120414685966143E-003  0.252437547916365E+002  0.883651515261255E+001  0.149816334592070E+002
  0.128039055840862E-003  0.251109920301417E+002  0.653606913169547E+001  0.949768980012101E+001
  0.132148143302086E-003  0.250378404473425E+002  0.880971892090927E+001  0.591787102575436E+001
  0.137771344127182E-003  0.249445217777257E+002  0.794794545731049E+001  0.134881422138956E+002
  0.146670105528525E-003  0.248093656938371E+002  0.770552628545313E+001  0.244052582097305E+001
  0.157801563947212E-003  0.246530857417080E+002  0.694060810008908E+001  0.103291685787017E+002
  0.174039786749817E-003  0.244472194321871E+002  0.832150156213667E+001  0.141380146137138E+002
  0.184330202639323E-003  0.243223547566073E+002  0.824245065834186E+001  0.139646094425321E+002
  0.184493643559688E-003  0.243106071099861E+002  0.722325044508469E+001  0.114633809624091E+002
  0.194947053730899E-003  0.241904060435022E+002  0.753302193310478E+000  0.842267450546812E+001
  0.213057787977550E-003  0.240027600972705E+002  0.781050849138842E+001  0.115271175864759E+002
  0.212277674728907E-003  0.240001214739778E+002  0.122396949410386E+002  0.721201830759862E+001
  0.224003141796920E-003  0.238826166438984E+002  0.124607361668895E+002  0.161622525824379E+002
  0.239889373043289E-003  0.237356059733060E+002  0.166353749588771E+001  0.695194212853787E+001
  0.245873694884571E-003  0.236763506958244E+002  0.673019194238628E+001  0.115122069331751E+001
  0.247867050900761E-003  0.236502265154189E+002  0.636492141032166E+001  0.955426670530276E+001
  0.254969293361686E-003  0.235837502276454E+002  0.161075440829121E+002  0.360484672948706E+001
  0.286688077547852E-003  0.233392718102380E+002  0.538787196978232E+001  0.636027040423772E+001
  0.304651710344223E-003  0.232077479194231E+002  0.482044176484621E+001  0.668089722085870E+001
  0.346392923507959E-003  0.229409637224005E+002  0.794234739258321E+001  0.115908400294000E+002
  0.348304371491264E-003  0.229199826785335E+002  0.704630039638303E+001  0.251536990885145E+001
  0.353152260630536E-003  0.228823624576376E+002  0.707098535172761E+001  0.307141463373187E+001
  0.353723545200170E-003  0.228691546444001E+002  0.154616575141661E+002  0.869251391972746E+000
  0.373443952285475E-003  0.227506750209325E+002  0.150343411369585E+002  0.931719237086551E+001
  0.395493290046201E-003  0.226259681602758E+002  0.835923600142142E+001  0.473945087701917E+001
  0.422755830600859E-003  0.224826711603603E+002  0.109657353517688E+001  0.653751219019455E+001
  0.447815507140145E-003  0.223575229705072E+002  0.100622502933495E+002  0.849901359875549E+001
  0.460393552254890E-003  0.222921472096579E+002  0.200456022141432E+001  0.158672024240347E+002
  0.463007426982337E-003  0.222708492809044E+002  0.805326074750864E+001  0.126015116757003E+002
  0.499562860964331E-003  0.221088935119008E+002  0.100808448040839E+002  0.647562120523350E+001
  0.504741318828574E-003  0.220782931885880E+002  0.804649780940879E+001  0.116584028213531E+002
  0.576594059962771E-003  0.218021332551151E+002  0.813802173330811E+001  0.374004731075307E+001
  0.746408704816113E-003  0.212758885149961E+002  0.879659199146760E+001  0.141605764234769E+002
  0.800150352749013E-003  0.211268607538153E+002  0.139688261306064E+002  0.153022101921061E+002
  0.808086527129773E-003  0.210971466910452E+002  0.666291030286250E+001  0.415555685592919E+001
  0.845104135842583E-003  0.209975901747670E+002  0.843687779748270E+001  0.133986399262511E+002
  0.843516203244673E-003  0.209913765839625E+002  0.148701290708766E+001  0.848481333051339E+001
  0.842284508382202E-003  0.209843240173996E+002  0.125400220761162E+002  0.678814017464115E+001
  0.841163964422170E-003  0.209770114313737E+002  0.595013398180935E+001  0.543469308531799E+001
  0.990677176394849E-003  0.206398321058610E+002  0.798607594044374E-001  0.540138015847684E+001
  0.100245080840157E-002  0.206062282964504E+002  0.157668618801274E+002  0.117335650096439E+002
  0.100475024552645E-002  0.205916708361397E+002  0.111030206653283E+001  0.873277630635691E+001
  0.103355105555917E-002  0.205251727514287E+002  0.154614985071827E+002  0.134822984071343E+002
  0.112580450913222E-002  0.203442028689030E+002  0.545107342139567E+001  0.582673845263086E+001
  0.114892778828861E-002  0.202935652856008E+002  0.866109744792227E+001  0.132687099488704E+001
  0.116884899648386E-002  0.202492094996619E+002  0.852760708944080E+001  0.106413619998278E+002
  0.117141504174578E-002  0.202348485076170E+002  0.355419140967255E+001  0.156853396208022E+002
  0.117613338046704E-002  0.202168338118139E+002  0.152000287528854E+001  0.154176673410752E+002
  0.120554359322718E-002  0.201574620925462E+002  0.221114601059216E+001  0.663180221092591E+001
  0.125414837238455E-002  0.200684346603938E+002  0.117138597469208E+002  0.830649569738757E+001
  0.130951401835319E-002  0.199720609063122E+002  0.876665214080095E+001  0.478088535653936E+001
  0.131316181349264E-002  0.199565223488456E+002  0.910440834387621E+001  0.713937858928243E+000
  0.133350514977361E-002  0.199158010673626E+002  0.256233102014480E+001  0.665776918982165E+001
  0.160349648997207E-002  0.195370747349612E+002  0.841553634555654E+001  0.241414117175434E+001
  0.166739948383540E-002  0.194489423194148E+002  0.110841287225148E+002  0.155020179688409E+002
  0.171897741145730E-002  0.193780384996545E+002  0.658397014571903E+001  0.115667221708512E+002
  0.180504058049374E-002  0.192703564406340E+002  0.646612093714012E+001  0.204577163862019E+001
  0.180643404823577E-002  0.192588379794028E+002  0.491841488314854E+001  0.603850850335113E+001
  0.191407142633917E-002  0.191331072018480E+002  0.939435105294957E+001  0.544902196728696E+001
  0.196989526347172E-002  0.190656365879957E+002  0.889835575337587E+001  0.123947333688696E+001
  0.197825174763848E-002  0.190471952582793E+002  0.146659930186629E+002  0.963490291460207E+001
  0.201028431988137E-002  0.190050948436342E+002  0.897028371166373E+001  0.101345441923836E+002
  0.205242900117046E-002  0.189536241493910E+002  0.114644667168743E+002  0.651014335571900E+001
  0.209787139661641E-002  0.188998505870602E+002  0.149290061609900E+002  0.499368533822536E+001
  0.212222970659308E-002  0.188667873553035E+002  0.353377276058622E+001  0.649801717639234E+001
  0.223761883992758E-002  0.187509222758890E+002  0.877724953262711E+001  0.442085530198014E+001
  0.231243837063698E-002  0.186751666789855E+002  0.141402387482560E+002  0.147836221925832E+002
  0.230332441832749E-002  0.186730897177436E+002  0.967887486952204E+001  0.146342884398047E+002
  0.259606260864685E-002  0.184238297601624E+002  0.142849326482514E+002  0.381427815638919E+000
  0.266232966214881E-002  0.183634434042847E+002  0.641705415127917E+001  0.241578338237661E+001
  0.267638980040270E-002  0.183429338319647E+002  0.864364510512122E+001  0.385550636110117E+001
  0.277109473134593E-002  0.182634114389099E+002  0.444964999194626E+001  0.613304056004185E+001
  0.279753632864116E-002  0.182344429654228E+002  0.114913119108511E+002  0.858975115749298E+001
  0.289717516954684E-002  0.181544738112546E+002  0.860274738844275E+001  0.114830337223571E+002
  0.334404486887828E-002  0.178576088681184E+002  0.558031586450817E+001  0.979691427676111E+001
  0.357597037838594E-002  0.177135228631590E+002  0.863034572691551E+001  0.311417985739859E+001
  0.375289900583408E-002  0.176069637087098E+002  0.150434439518254E+002  0.105863450377122E+002
  0.377967587984440E-002  0.175827693250062E+002  0.611621614804793E+001  0.107646936497497E+002
  0.383109314608197E-002  0.175457704033474E+002  0.867969985812389E+001  0.124188485162918E+002
  0.398305996853462E-002  0.174579949583097E+002  0.151253080426012E+002  0.415950520859303E+001
  0.425068880673462E-002  0.173179585117505E+002  0.595680919714433E+001  0.105069335333463E+002
  0.426932607222119E-002  0.172992335401529E+002  0.562374581032894E+001  0.982774358854045E+000
  0.455999039904128E-002  0.171575293935588E+002  0.484318776753153E+001  0.927709783405506E+001
  0.493621659832946E-002  0.169889970126631E+002  0.152094249572936E+002  0.358531716851341E+001
  0.494309267980743E-002  0.169762378959016E+002  0.145779718903703E+002  0.100039272156855E+002
  0.501817515463818E-002  0.169361124753865E+002  0.344186536869376E+001  0.877588836879477E+001
  0.502563363137007E-002  0.169231670139903E+002  0.446542474755327E+001  0.590339563342970E+001
  0.509043220526800E-002  0.168875695353820E+002  0.454404422107609E+001  0.585613470647067E+001
  0.511778532313853E-002  0.168668763487309E+002  0.497056689306738E+001  0.145763831626002E+002
  0.531420134627142E-002  0.167815793757133E+002  0.146647516139295E+002  0.117388775170703E+001
  0.541927474691076E-002  0.167324457735534E+002  0.950290134812828E+001  0.503738848973748E+001
  0.554871995719148E-002  0.166752601568347E+002  0.132124963593086E+002  0.235725328692216E-001
  0.579945954531884E-002  0.165768901367012E+002  0.100546800806427E+002  0.145390211263107E+002
  0.582833390182145E-002  0.165569821576454E+002  0.111164413578073E+002  0.892911752026490E+001
  0.593364721814921E-002  0.165111912950633E+002  0.138543490761722E+002  0.940643322795426E+001
  0.603847234881408E-002  0.164661922352237E+002  0.100404560247609E+002  0.550607011241220E+001
  0.629644515218752E-002  0.163725488421821E+002  0.600157750793875E+001  0.400850970185374E+001
  0.634914449730667E-002  0.163459040263394E+002  0.136359581976474E+002  0.570620633513778E+001
  0.632846791148299E-002  0.163424527597869E+002  0.893265234185719E+001  0.112332902359601E+002
  0.639282447114158E-002  0.163122416482987E+002  0.604392008402384E+001  0.216285964547991E+001
  0.644631483815843E-002  0.162856016860468E+002  0.101413704864174E+002  0.945341291228841E+001
  0.665851537753201E-002  0.162108507654081E+002  0.506271939783628E+001  0.536855381883480E+001
  0.669502014329054E-002  0.161899407935282E+002  0.130904144757886E+002  0.149419287544248E+002
  0.678049010863742E-002  0.161545949126978E+002  0.534811409833916E+001  0.927570789330898E+000
  0.676777980804563E-002  0.161483724281695E+002  0.550017914410657E+001  0.101154617441492E+002
  0.675566665298140E-002  0.161419802064657E+002  0.582033651369651E+000  0.498731645070712E+001
  0.682965780152601E-002  0.161102192970064E+002  0.654744299203991E-001  0.192632094779320E+001
  0.735920160369190E-002  0.159508904559134E+002  0.184207669701072E+001  0.125263175193228E+000
  0.750371944622614E-002  0.159020206235361E+002  0.890926319856120E+001  0.119418572107804E+002
  0.756942364344860E-002  0.158746093328201E+002  0.136562694401590E+002  0.560487786360315E+001
  0.777404475342194E-002  0.158112869265999E+002  0.124314257989890E+002  0.895382689383010E+001
  0.813219758820255E-002  0.157112306358487E+002  0.132492259500300E+002  0.147936844655782E+002
  0.819825506959536E-002  0.156850752685277E+002  0.605593476497796E+001  0.119812850747346E+002
  0.296355288965500E-001  0.127870978822060E+002  0.111103716732693E+002  0.115575414460335E+000
  0.311088646908417E-001  0.126900601326943E+002  0.115451216859631E+002  0.596772535285917E+001
  0.306420169475848E-001  0.126872428225585E+002  0.103874639411772E+002  0.467962056219098E+000
  0.309406155942455E-001  0.126678476798423E+002  0.148929227954191E+002  0.378936129039119E+001
  0.379260977015483E-001  0.121295136598908E+002  0.910319374519892E+001  0.324954785595384E+001
  0.391352916155273E-001  0.120347425973348E+002  0.119875215591473E+002  0.589116477956536E+001
  0.416503606989521E-001  0.119101718572192E+002  0.147898051115980E+002  0.232813307589826E+001
  0.426031569177319E-001  0.118324141599449E+002  0.914644489020086E+001  0.288216962873726E+001
  0.426920435919609E-001  0.117957246910976E+002  0.109078802784790E+002  0.368033991073617E+000
  0.445595361806052E-001  0.117100974579776E+002  0.143700786996861E+002  0.144530701344185E+001
  0.450427084103462E-001  0.116885276004244E+002  0.102119156823806E+002  0.805568879928197E+000
  0.456779170684006E-001  0.116605198993994E+002  0.135684803932504E+002  0.649545783775035E+000
  0.461511790467599E-001  0.116399048138313E+002  0.113744701973013E+002  0.248116436520538E+000
  0.531121313341079E-001  0.113589391029800E+002  0.134559491320893E+002  0.535868546090152E+001
  0.523147976749395E-001  0.113190086529646E+002  0.933750382098332E+001  0.225544056761690E+001
  0.631702081860883E-001  0.109071181052079E+002  0.109892202079070E+002  0.549192460010540E+001
  0.671203095294454E-001  0.107858103588519E+002  0.138863104605954E+002  0.488464560923305E+001
  0.726035933088189E-001  0.106287548758788E+002  0.143134432608529E+002  0.426529878758921E+001
  0.743464161110887E-001  0.105452757577090E+002  0.109242817895715E+002  0.609947289986520E+000
  0.735727558177397E-001  0.105301601009300E+002  0.103104182403864E+002  0.499992986028288E+001
  0.738292054316150E-001  0.104169812519183E+002  0.139712728985747E+002  0.468976633842239E+001
  0.767846004374229E-001  0.103384818238557E+002  0.126913205977893E+002  0.513073478747471E+000
  0.799477827316889E-001  0.102223434680604E+002  0.144797923285689E+002  0.236974660460059E+001
  0.839861801149290E-001  0.100883871995448E+002  0.984102523822543E+001  0.432342776386261E+001
  0.857810595603243E-001  0.100460952631189E+002  0.131274597547510E+002  0.741864567454578E+000
  0.867201843141306E-001  0.100243183991129E+002  0.124240573713116E+002  0.516305249808167E+000
  0.868829887761400E-001  0.998386893435661E+001  0.109699831731607E+002  0.709327579516034E+000
  0.870358874758669E-001  0.998035238129663E+001  0.145090375176830E+002  0.290341333768556E+001
  0.922453726914565E-001  0.986408920566909E+001  0.121355724198536E+002  0.516060549887448E+000
  0.933125898833734E-001  0.984108337084157E+001  0.107723851801544E+002  0.515830746037844E+001
  0.950910841982160E-001  0.976448684963269E+001  0.144621628065609E+002  0.316274836651216E+001
  0.940320882699625E-001  0.974804892732847E+001  0.129870896911418E+002  0.525786375576501E+001
  0.947873837853732E-001  0.969321229685525E+001  0.957323098644311E+001  0.264187944120106E+001
  0.968513689251102E-001  0.953581305663812E+001  0.106539428293067E+002  0.501201118720112E+001
  0.101429209427732E+000  0.944344588293359E+001  0.140162801638844E+002  0.169527548852598E+001
  0.102099860183202E+000  0.939216900365924E+001  0.966386137293460E+001  0.249120613904659E+001
  0.106343510445575E+000  0.927262628712372E+001  0.109752879064292E+002  0.513233141905949E+001
  0.111719770889049E+000  0.902577200030008E+001  0.993929304201229E+001  0.405047832027455E+001
  0.111953841869449E+000  0.902158606056477E+001  0.109521880847782E+002  0.938951209198228E+000
  0.115129405393623E+000  0.889291057254668E+001  0.975275375837353E+001  0.259129378233803E+001
  0.115688314180215E+000  0.888322483646054E+001  0.131574022809919E+002  0.496669536630546E+001
  0.117464893486275E+000  0.881604679504947E+001  0.974363415928171E+001  0.322159841712025E+001
  0.118260716520030E+000  0.876584423945859E+001  0.993630712153437E+001  0.391173560345663E+001
  0.121302627466524E+000  0.871505058469433E+001  0.113109929954228E+002  0.513648444896634E+001
  0.122076538069225E+000  0.870233111941924E+001  0.102280921367911E+002  0.162634811144069E+001
  0.122999889670077E+000  0.868726062115296E+001  0.140325354493090E+002  0.393824630861857E+001
  0.131242952984434E+000  0.844321029326836E+001  0.991535941968942E+001  0.235059272247930E+001
  0.159927072204095E+000  0.797379234167069E+001  0.107069547829170E+002  0.137948394780199E+001
  0.162765891159943E+000  0.790190405382192E+001  0.140508914231310E+002  0.285859882768905E+001
  0.156088530509478E+000  0.787754874790428E+001  0.130225750318281E+002  0.122344858803149E+001
  0.159400058554610E+000  0.783556117959717E+001  0.134251861646257E+002  0.154101012925454E+001
  0.162284289499505E+000  0.779969610560745E+001  0.104454030954677E+002  0.430658732475648E+001
  0.166974516229206E+000  0.766997775196985E+001  0.130220018268641E+002  0.128252048482735E+001
  0.165488610865158E+000  0.765181839580100E+001  0.134165011177079E+002  0.440342040975476E+001
  0.165746771486849E+000  0.757726468111127E+001  0.113495641060162E+002  0.486505863077023E+001
  0.173764899096059E+000  0.734479477754837E+001  0.118473070168464E+002  0.490937830137850E+001
  0.179066712514791E+000  0.728468437543109E+001  0.101005079001489E+002  0.297067415214120E+001
  0.180859777207037E+000  0.726475720055497E+001  0.127453825386870E+002  0.125833185171317E+001
  0.190925153190796E+000  0.715643827320131E+001  0.110502729818574E+002  0.139416603243282E+001
  0.198670897943888E+000  0.704150273218157E+001  0.107666451279941E+002  0.164184523744069E+001
  0.199032964821479E+000  0.703786115852321E+001  0.130790567041924E+002  0.151752111150209E+001
  0.214104842086530E+000  0.689187046258451E+001  0.105923135238408E+002  0.411109635703027E+001
  0.210638649750493E+000  0.681637943284470E+001  0.113410230520429E+002  0.135489371708477E+001
  0.219703086961479E+000  0.652854819392230E+001  0.106591309533276E+002  0.402706585026499E+001
  0.219504573499956E+000  0.649783507579131E+001  0.132896480116105E+002  0.407651704543945E+001
  0.220354098068673E+000  0.649010963414458E+001  0.130963986759997E+002  0.426975015045972E+001
  0.222182188726258E+000  0.644052717797672E+001  0.125459063046859E+002  0.457059203858587E+001
  0.226230241912064E+000  0.637135750416174E+001  0.132046711049554E+002  0.188448626174822E+001
  0.228019569293170E+000  0.632254248965286E+001  0.124104136178892E+002  0.457427730057082E+001
  0.219872925753020E+000  0.629772553380733E+001  0.110420040790624E+002  0.430545594198204E+001
  0.218672007268673E+000  0.627667854270496E+001  0.132035498199029E+002  0.192650466191134E+001
  0.219955542973642E+000  0.623297280985823E+001  0.128794663932014E+002  0.433557386177989E+001
  0.223593983935271E+000  0.620016003605378E+001  0.125678967488166E+002  0.151612022524780E+001
  0.227486449511416E+000  0.613312131713374E+001  0.109212588523219E+002  0.186259737971935E+001
  0.224574494347659E+000  0.612636667241802E+001  0.135343697740554E+002  0.268964224503876E+001
  0.225337269715378E+000  0.611958511070327E+001  0.132532843046153E+002  0.393440324790184E+001
  0.226686403395845E+000  0.610764646441691E+001  0.105550969481207E+002  0.241335913689001E+001
  0.228871934952914E+000  0.608845640123002E+001  0.135467090841571E+002  0.285719496718493E+001
  0.228472512410491E+000  0.605776094212818E+001  0.134144580764838E+002  0.238249278613184E+001
  0.228404727840665E+000  0.602416553522199E+001  0.111906380979694E+002  0.430128579257032E+001
  0.224212848685604E+000  0.599340915059989E+001  0.107645835130689E+002  0.211039271495766E+001
  0.231720137697403E+000  0.592754010572397E+001  0.125898191835245E+002  0.162018142364592E+001
  0.236352365010386E+000  0.585376439278353E+001  0.134663598872466E+002  0.283326985563815E+001
  0.232464684175254E+000  0.581913218165220E+001  0.133067365479677E+002  0.366016486050000E+001
  0.226073825343053E+000  0.574369103813937E+001  0.130660280087539E+002  0.396515345405433E+001
  0.226319615428176E+000  0.574151779611457E+001  0.121707578250701E+002  0.442709685322165E+001
  0.230620604716450E+000  0.570386633867357E+001  0.130718037905812E+002  0.393773601847782E+001
  0.226980908122473E+000  0.570262383020336E+001  0.105794093510052E+002  0.309376516077419E+001
  0.235421466391692E+000  0.562960088412301E+001  0.125034943361755E+002  0.430397093707802E+001
  0.236622001105647E+000  0.555275493551559E+001  0.112415140809324E+002  0.185907935715359E+001
  0.231743481601131E+000  0.552884100714737E+001  0.120072986432603E+002  0.436126176914520E+001
  0.232158056482994E+000  0.552526632624468E+001  0.132885885235365E+002  0.343480088596499E+001
  0.230481803252692E+000  0.550670072834058E+001  0.106655497409897E+002  0.277597075693105E+001
  0.228225339772341E+000  0.549331900731054E+001  0.106518298963770E+002  0.299850127057537E+001
  0.228750303710427E+000  0.548872389003019E+001  0.107257486614586E+002  0.256496749151653E+001
  0.235977543140920E+000  0.542651266510054E+001  0.120586408481123E+002  0.167813775936578E+001
  0.246812560163889E+000  0.530253872139204E+001  0.119130975530967E+002  0.172750931111636E+001
  0.247628548332325E+000  0.529593741826237E+001  0.132587153521864E+002  0.318925894328688E+001
  0.247648090573571E+000  0.526099610394285E+001  0.114711101149261E+002  0.414259242978013E+001
  0.244547987079256E+000  0.521721813778658E+001  0.131706529389256E+002  0.341356462802405E+001
  0.252460753375174E+000  0.515352964053261E+001  0.112332933444025E+002  0.394336441101860E+001
  0.250816418174077E+000  0.509762635764405E+001  0.130284057408009E+002  0.360353447052609E+001
  0.256633152757468E+000  0.505177360934052E+001  0.114127999683697E+002  0.401548786274149E+001
  0.255540944271214E+000  0.502552011516947E+001  0.131611064149188E+002  0.296002656400503E+001
  0.258528384232640E+000  0.496749094340011E+001  0.121617818205882E+002  0.187502735450653E+001
  0.254405816652614E+000  0.496485705022295E+001  0.112275848583936E+002  0.216784751011523E+001
  0.259894506625597E+000  0.485319447902771E+001  0.115450008156190E+002  0.398509699442324E+001
  0.260980343815588E+000  0.484485590202025E+001  0.109385272527990E+002  0.320585765992841E+001
  0.252931517770603E+000  0.483853619407195E+001  0.115676972318273E+002  0.398787467721542E+001
  0.251101011108965E+000  0.481887428428243E+001  0.119056408287096E+002  0.406499600856398E+001
  0.252960762069877E+000  0.480411609789624E+001  0.112323490111421E+002  0.373421653780277E+001
  0.248037934862262E+000  0.477444912264436E+001  0.111057727079200E+002  0.245314303522314E+001
  0.246894503200270E+000  0.474950138548911E+001  0.129951616567771E+002  0.328879149840501E+001
  0.247888715761393E+000  0.467366071044074E+001  0.129707208266174E+002  0.276418724717841E+001
  0.246231831032095E+000  0.465345932174614E+001  0.127924141271573E+002  0.240857372394446E+001
  0.246415826828504E+000  0.465196538747463E+001  0.115044733667175E+002  0.214521078015477E+001
  0.243702446935224E+000  0.460630720513544E+001  0.110555382609711E+002  0.319632904988122E+001
  0.236775936692824E+000  0.459730180899733E+001  0.127907528940682E+002  0.245570455017384E+001
  0.239318422926304E+000  0.457594040992111E+001  0.111103643901927E+002  0.267025046040182E+001
  0.241557037649890E+000  0.455731911539581E+001  0.115832943454309E+002  0.384138063920397E+001
  0.241731700040387E+000  0.455587350009813E+001  0.120016549601118E+002  0.206185468695598E+001
  0.242199830908509E+000  0.455200410135715E+001  0.115071319279566E+002  0.379582097993119E+001
  0.242578007430865E+000  0.454888368974456E+001  0.111920521273687E+002  0.346941430744755E+001
  0.240020673314957E+000  0.453404323940376E+001  0.110737527601069E+002  0.298115438577618E+001
  0.229940423964425E+000  0.447944434068948E+001  0.127699600362878E+002  0.345918596493193E+001
  0.228666114244720E+000  0.445637012579695E+001  0.127953407861886E+002  0.338477139551066E+001
  0.225527359311631E+000  0.444982414769428E+001  0.118387446680415E+002  0.213509148877436E+001
  0.225090187371751E+000  0.441951592947909E+001  0.118171769022831E+002  0.215718477018886E+001
  0.223778297222743E+000  0.439701773768570E+001  0.126114130495636E+002  0.358943845114678E+001
  0.220861546925633E+000  0.438906846396354E+001  0.120222378735936E+002  0.384428656753670E+001
  0.220985801271432E+000  0.438794360172701E+001  0.113545741174344E+002  0.354370479032541E+001
  0.219696434839660E+000  0.436486351621698E+001  0.115674903609738E+002  0.370855119472605E+001
  0.220030074117254E+000  0.436182854484435E+001  0.126182089473627E+002  0.244873589865982E+001
  0.220695358427431E+000  0.435579045612636E+001  0.111760107354815E+002  0.296716685720173E+001
  0.213775678574895E+000  0.434806638615529E+001  0.126449192152325E+002  0.249364887759534E+001
  0.208475320515646E+000  0.432809688029995E+001  0.127809869138253E+002  0.279408208452177E+001
  0.206140312352837E+000  0.431584059997199E+001  0.113843633308922E+002  0.248904211640957E+001
  0.199477128080310E+000  0.431258321044981E+001  0.121274114233060E+002  0.378777878039604E+001
  0.190846430724636E+000  0.430018251623641E+001  0.115973993967740E+002  0.232004328248055E+001
  0.191668354957035E+000  0.429158754915926E+001  0.117254210671443E+002  0.226485387440835E+001
  0.190934330170255E+000  0.426564733799344E+001  0.126669771194332E+002  0.338083425177795E+001
  0.188542882358615E+000  0.425724124974921E+001  0.121168263550583E+002  0.224644925871292E+001
  0.188699501931666E+000  0.425558057121922E+001  0.113625947622579E+002  0.258341747360286E+001
  0.188873913728270E+000  0.425373285841132E+001  0.113641243877464E+002  0.258329755060265E+001
  0.189761770916139E+000  0.424435330068687E+001  0.127465818316857E+002  0.289410034719113E+001
  0.183344025105859E+000  0.424298094416073E+001  0.117558167689584E+002  0.228753851962360E+001
  0.180379450179507E+000  0.424080069475223E+001  0.123713882074805E+002  0.234645783511851E+001
  0.181887732656961E+000  0.422414678554893E+001  0.114760960265411E+002  0.352337107230355E+001
  0.178925352590461E+000  0.422158952931751E+001  0.127159041460447E+002  0.281747150859419E+001
  0.175809892071586E+000  0.422132125844940E+001  0.127357328887305E+002  0.293469883560826E+001
  0.175826720030933E+000  0.422112983402111E+001  0.126206295186327E+002  0.340024330325967E+001
  0.175888365253460E+000  0.422042875265453E+001  0.127311361939732E+002  0.289942920056908E+001
  0.177722938340335E+000  0.419967614063608E+001  0.113676128043367E+002  0.264785167531497E+001
  0.171481112907261E+000  0.419709895677155E+001  0.125461999548850E+002  0.347223980479890E+001
  0.171530474190756E+000  0.419652333442301E+001  0.126994845324560E+002  0.282254411686544E+001
  0.171854909394055E+000  0.419274407863232E+001  0.119791796781080E+002  0.228128137633011E+001
  0.172251413492539E+000  0.418813498838787E+001  0.125622138539439E+002  0.255694646147137E+001
  0.169024326560252E+000  0.418712375108359E+001  0.126189115949669E+002  0.335821509722579E+001
  0.169305992080763E+000  0.418379368493149E+001  0.113533039380433E+002  0.270029388467625E+001
  0.169376413067452E+000  0.418296197963316E+001  0.126924429376211E+002  0.283347485188994E+001
  0.166536234907879E+000  0.417637780822875E+001  0.113852634935297E+002  0.335031800271001E+001
  0.161800966634330E+000  0.415405900691489E+001  0.115542304387796E+002  0.352876684123112E+001
  0.161886763782597E+000  0.415299876097766E+001  0.117764816954633E+002  0.365366979102298E+001
  0.149086459562907E+000  0.412341266137031E+001  0.125515132128223E+002  0.337880298920942E+001
  0.146416163141856E+000  0.408547692555325E+001  0.114545739828983E+002  0.266498768290825E+001
  0.144265298659730E+000  0.407837673436961E+001  0.121190571902861E+002  0.362325595624277E+001
  0.140485684479617E+000  0.405873817117446E+001  0.123895602027734E+002  0.251913943105001E+001
  0.140785506246208E+000  0.405447435902398E+001  0.125838977424573E+002  0.319438017532288E+001
  0.138960935787632E+000  0.404386536908744E+001  0.125218421660161E+002  0.269049718896848E+001
  0.136539880404466E+000  0.404231933184013E+001  0.124570596328855E+002  0.339706635592553E+001
  0.134446853327935E+000  0.403651656986252E+001  0.119532653669547E+002  0.240118591272587E+001
  0.134549356198626E+000  0.403499234205525E+001  0.122738307835257E+002  0.353315561633564E+001
  0.132291404858442E+000  0.403145605674858E+001  0.121325838515153E+002  0.358148383145815E+001
  0.128257198303273E+000  0.401931249810237E+001  0.116160565792199E+002  0.255711647702433E+001
  0.128537391972810E+000  0.401494801705267E+001  0.119473743582515E+002  0.241997894343004E+001
  0.120582564236320E+000  0.399719961135881E+001  0.118274335417068E+002  0.245993861829208E+001
  0.114694485960032E+000  0.399295360359652E+001  0.114532708750179E+002  0.313522845364090E+001
  0.114749491402076E+000  0.399199466898022E+001  0.116182733444902E+002  0.258705291303262E+001
  0.107605536277684E+000  0.398490811211475E+001  0.123198682891553E+002  0.254520525850784E+001
  0.105289602448756E+000  0.396284331989146E+001  0.124684905483332E+002  0.273998885947856E+001
  0.105466983321086E+000  0.395947676480016E+001  0.114853781512285E+002  0.313742992668454E+001
  0.102098978229861E+000  0.395880758326546E+001  0.118307959493833E+002  0.350440404409724E+001
  0.101075573618912E+000  0.394643499529369E+001  0.121144115230121E+002  0.249246589683348E+001
  0.101304192539208E+000  0.394191638116771E+001  0.115445397250008E+002  0.324231835722180E+001
  0.101766314627742E+000  0.393281367309429E+001  0.116343893125252E+002  0.264873319900704E+001
  0.981668336330142E-001  0.390564126386281E+001  0.124710045549081E+002  0.291032369153480E+001
  0.985098838425818E-001  0.389866432095132E+001  0.116344642068517E+002  0.270117936473513E+001
  0.989888528347249E-001  0.388896360206635E+001  0.123673163239153E+002  0.272019973653873E+001
  0.991079449785155E-001  0.388655887549929E+001  0.118979428533661E+002  0.344764839048246E+001
  0.991968494033569E-001  0.388476558691895E+001  0.120771642349822E+002  0.345061861361896E+001
  0.993448626404318E-001  0.388178357849418E+001  0.122532398002007E+002  0.337669490210221E+001
  0.995050266938682E-001  0.387856176954859E+001  0.116024577172048E+002  0.278841604474843E+001
  0.995346635896155E-001  0.387796617183792E+001  0.117024307075437E+002  0.266285825650583E+001
  0.995415270078763E-001  0.387782826648132E+001  0.124420984494478E+002  0.308138239771902E+001
  0.977678547650705E-001  0.387640214911634E+001  0.118512857384886E+002  0.257746942747207E+001
  0.979108490068892E-001  0.387347910711911E+001  0.124269689751799E+002  0.287581276823166E+001
  0.980308308329868E-001  0.387102976931224E+001  0.124132275352759E+002  0.284341570773756E+001
  0.964215440660825E-001  0.386529833104002E+001  0.115857382805720E+002  0.286609172528236E+001
  0.964344765603365E-001  0.386503009996834E+001  0.117751372190965E+002  0.337244153489371E+001
  0.967752488868052E-001  0.385797512012118E+001  0.122285228248915E+002  0.263944722188551E+001
  0.968934976971992E-001  0.385553282982552E+001  0.122527655598850E+002  0.334042366066836E+001
  0.951482879233650E-001  0.385064588199096E+001  0.118447641943340E+002  0.261167849169599E+001
  0.934949108482818E-001  0.384446649708249E+001  0.121774011580245E+002  0.262953921476711E+001
  0.935125734358900E-001  0.384408870284119E+001  0.124088715608270E+002  0.296596153984998E+001
  0.865902466288484E-001  0.383455007843482E+001  0.122882614098201E+002  0.272486129820644E+001
  0.867133030701632E-001  0.383170982589044E+001  0.116057927571297E+002  0.297641308116099E+001
  0.867140130988525E-001  0.383169344949242E+001  0.116268821897047E+002  0.312931518207134E+001
  0.867775202486759E-001  0.383022923619198E+001  0.116250398253126E+002  0.311781328775515E+001
  0.868119097092725E-001  0.382943680404782E+001  0.116516558566637E+002  0.282016944355199E+001
  0.835439160345662E-001  0.382106034871812E+001  0.116954671390883E+002  0.277072734021616E+001
  0.836542596558469E-001  0.381842051997968E+001  0.116926156980373E+002  0.321950234182778E+001
  0.837366473395393E-001  0.381645177049802E+001  0.120635088171450E+002  0.263031869424574E+001
  0.819969457473077E-001  0.381448340437211E+001  0.117630121842319E+002  0.328734308192625E+001
  0.820945604824302E-001  0.381210388458148E+001  0.123083953374430E+002  0.279691856902655E+001
  0.770151994364159E-001  0.380792587265769E+001  0.120356154515122E+002  0.263819441760445E+001
  0.753973014063057E-001  0.380737608950738E+001  0.118969136705063E+002  0.265215640675701E+001
  0.709138780424546E-001  0.380362894335328E+001  0.123489926589106E+002  0.292203247752358E+001
  0.709514680790448E-001  0.380256906401001E+001  0.116864419691664E+002  0.283119155088960E+001
  0.682786874808478E-001  0.379602051119316E+001  0.119859641935961E+002  0.334651028053012E+001
  0.682798072327646E-001  0.379598771200571E+001  0.122286261457985E+002  0.273930158296538E+001
  0.682901606967112E-001  0.379568446923210E+001  0.123419357140962E+002  0.305486623587367E+001
  0.631129299789726E-001  0.378660132147933E+001  0.122556829831419E+002  0.321324493145744E+001
  0.618756304741970E-001  0.378579440832446E+001  0.123281540383758E+002  0.295146957033551E+001
  0.606683227251128E-001  0.378479842292163E+001  0.123073470408538E+002  0.287924368926896E+001
  0.583954200023183E-001  0.378115622081790E+001  0.123210240687039E+002  0.304843175933183E+001
  0.532470556547420E-001  0.377512576510693E+001  0.119873134573931E+002  0.331497727525161E+001
  0.523077271363248E-001  0.377402429505501E+001  0.117063681071702E+002  0.289022535015079E+001
  0.523145269724681E-001  0.377376431839093E+001  0.122400147642811E+002  0.320100522007985E+001
  0.523312781585032E-001  0.377312401804990E+001  0.122576487997696E+002  0.282396880614936E+001
  0.523650213010989E-001  0.377183483614230E+001  0.117683786334721E+002  0.279400911211574E+001
  0.513705850311801E-001  0.377134487045874E+001  0.118033695718491E+002  0.323859424210414E+001
  0.485785999855934E-001  0.376879329992390E+001  0.123039187262694E+002  0.302593404958685E+001
  0.468712409069831E-001  0.376626839121899E+001  0.121343642059671E+002  0.273081508482990E+001
  0.452857305174226E-001  0.376235771055667E+001  0.122900610767811E+002  0.304968047377555E+001
  0.452921379646825E-001  0.376207475193209E+001  0.119152912916475E+002  0.328132730731776E+001
  0.445088734527316E-001  0.376026625426957E+001  0.122530099089123E+002  0.314317160138475E+001
  0.437134588349355E-001  0.375963304803051E+001  0.122549792040074E+002  0.313734817339721E+001
  0.415298463930744E-001  0.375398596196916E+001  0.119182936724196E+002  0.273250064451705E+001
  0.394262857774859E-001  0.375357368236386E+001  0.117543859496367E+002  0.286773780657612E+001
  0.381325213779483E-001  0.375250107512325E+001  0.118640074394653E+002  0.324135651179070E+001
  0.381388295244878E-001  0.375217024859512E+001  0.119673963685902E+002  0.327450522580694E+001
  0.375269072014189E-001  0.375033080133525E+001  0.122640240584069E+002  0.306977080405812E+001
  0.363247591407152E-001  0.374764494256456E+001  0.119166105240912E+002  0.274517259752232E+001
  0.363463650138911E-001  0.374645570135968E+001  0.118134694994231E+002  0.318949390727806E+001
  0.345729274210108E-001  0.374564053019912E+001  0.117513561709258E+002  0.291020777514860E+001
  0.340189919979976E-001  0.374488587524572E+001  0.122608189660373E+002  0.296675531046518E+001
  0.324616910346195E-001  0.374102214722330E+001  0.117450068264130E+002  0.301570018562401E+001
  0.319635640417689E-001  0.373994951713337E+001  0.117717989285987E+002  0.288991069386195E+001
  0.296052577842670E-001  0.373812236239691E+001  0.122003676543092E+002  0.314906720861702E+001
  0.291796629461175E-001  0.373700657012326E+001  0.119000212659243E+002  0.277360059620840E+001
  0.283496223828526E-001  0.373501720766186E+001  0.122002108386616E+002  0.313848716520165E+001
  0.283500579237403E-001  0.373498648150006E+001  0.122423867172886E+002  0.302193234970187E+001
  0.275178469179365E-001  0.373486915585317E+001  0.120698784829599E+002  0.323287769462467E+001
  0.263627717328992E-001  0.373302774994608E+001  0.118739848853032E+002  0.320345468290344E+001
  0.260039213947268E-001  0.373166128260802E+001  0.121698220066043E+002  0.283547755210243E+001
  0.256387635381161E-001  0.373116769285530E+001  0.120872547211139E+002  0.321863250828718E+001
  0.252779371965645E-001  0.373073709642120E+001  0.120718741328984E+002  0.277680261510803E+001
  0.252953961478827E-001  0.372935621437469E+001  0.119657734391231E+002  0.322897734404640E+001
  0.242485852301676E-001  0.372754013879999E+001  0.122042674503367E+002  0.289969638733206E+001
  0.239096795570364E-001  0.372732065946603E+001  0.118584632220039E+002  0.317757777766885E+001
  0.239102021423466E-001  0.372727694665942E+001  0.121801826671366E+002  0.286195283304512E+001
  0.229491420922905E-001  0.372420708087703E+001  0.119545456010484E+002  0.278462394359101E+001
  0.229538012698131E-001  0.372380107836849E+001  0.121719070361026E+002  0.313599601644239E+001
  0.223373979453445E-001  0.372190181192814E+001  0.120742577293430E+002  0.320157745097672E+001
  0.214461676251841E-001  0.372056407519680E+001  0.122114930938166E+002  0.299102148976707E+001
  0.214529198332549E-001  0.371993448528927E+001  0.120323791357120E+002  0.320768231518626E+001
  0.206037887509108E-001  0.371906205633110E+001  0.119603559898788E+002  0.320429458136211E+001
  0.203352976147099E-001  0.371844962364682E+001  0.117949855722722E+002  0.302577935708196E+001
  0.198104461585047E-001  0.371741071448548E+001  0.118328152437468E+002  0.288292806082009E+001
  0.195502053184929E-001  0.371736744846351E+001  0.118541185511931E+002  0.314259003660427E+001
  0.193070767568106E-001  0.371590517208399E+001  0.120915395631656E+002  0.282175424930518E+001
  0.193114044626623E-001  0.371545691977234E+001  0.121981229113935E+002  0.302121553521885E+001
  0.190578023601540E-001  0.371504935063666E+001  0.118021772306816E+002  0.301270313965840E+001
  0.190614972098416E-001  0.371466163630393E+001  0.119273005732239E+002  0.318336383730626E+001
  0.190648864408520E-001  0.371430605775754E+001  0.118174661561366E+002  0.292765830536065E+001
  0.188082701778391E-001  0.371382253486946E+001  0.120821326072592E+002  0.282301797584057E+001
  0.185546850884360E-001  0.371338459781469E+001  0.118169256971636E+002  0.293585746624162E+001
  0.183017596191255E-001  0.371324818015615E+001  0.121898579135920E+002  0.303805285776333E+001
  0.183038013910103E-001  0.371302506958709E+001  0.120116311723125E+002  0.319270613015427E+001
  0.180591176626895E-001  0.371196873293989E+001  0.118097866120543E+002  0.299421491854859E+001
  0.178188174531345E-001  0.371078751243593E+001  0.118417793553945E+002  0.309999803616999E+001
  0.175713341880662E-001  0.371078747707497E+001  0.120333712275656E+002  0.281582696878467E+001
  0.170916883112518E-001  0.371058145530066E+001  0.118170254211910E+002  0.296328997423539E+001
  0.170929450399745E-001  0.371043440341212E+001  0.118231985247368E+002  0.305849366579536E+001
  0.170933898636859E-001  0.371038235645094E+001  0.120525311210428E+002  0.317851808018863E+001
  0.168553398086837E-001  0.371006173028481E+001  0.121561773365122E+002  0.309958030440843E+001
  0.166226797113454E-001  0.370949145754305E+001  0.118189824354236E+002  0.296885572220783E+001
  0.159411843476880E-001  0.370928713856100E+001  0.119177922169416E+002  0.316363033382271E+001
  0.159466262444651E-001  0.370860450821055E+001  0.121694264163830E+002  0.306438217784037E+001
  0.155107278477938E-001  0.370847614479708E+001  0.118207436901973E+002  0.302427318220399E+001
  0.155185117410798E-001  0.370747271789363E+001  0.118243739098119E+002  0.297043546854475E+001
  0.153036611578644E-001  0.370738328604200E+001  0.121688061958221E+002  0.305597875914458E+001
  0.150944891561508E-001  0.370693554304198E+001  0.120408907331922E+002  0.317178288087670E+001
  0.148882543713407E-001  0.370647729070333E+001  0.121445969869376E+002  0.309907002197038E+001
  0.144879579767601E-001  0.370542773215787E+001  0.119498134637479E+002  0.316478747196979E+001
  0.139163139244700E-001  0.370429575203560E+001  0.121082774498557E+002  0.287031725993929E+001
  0.135532649434979E-001  0.370382794191627E+001  0.120741870003293E+002  0.315023347855828E+001
  0.133774343396502E-001  0.370345386964958E+001  0.121565736507215E+002  0.305643074277934E+001
  0.133791511227717E-001  0.370319721760011E+001  0.121221703540961E+002  0.288811841366227E+001
  0.133798335993888E-001  0.370309519928749E+001  0.119407776099919E+002  0.284561808723000E+001
  0.132011078812301E-001  0.370277961845221E+001  0.118619932986544E+002  0.291067119156049E+001
  0.130231221591244E-001  0.370271701687091E+001  0.121639935604174E+002  0.300830639475669E+001
  0.128615544537325E-001  0.370047334996124E+001  0.118681209992604E+002  0.308559875178098E+001
  0.128623995119760E-001  0.370034194586295E+001  0.118941987928867E+002  0.311573209415557E+001
  0.128645554263513E-001  0.370000674655381E+001  0.121517687626895E+002  0.303491212406639E+001
  0.125135669105684E-001  0.369977257777979E+001  0.118453004781371E+002  0.299069930666585E+001
  0.123431922893549E-001  0.369960339176584E+001  0.119766751497215E+002  0.315266044119756E+001
  0.120134301946948E-001  0.369896438858529E+001  0.121518660817680E+002  0.301212225123599E+001
  0.120134334240139E-001  0.369896385096720E+001  0.119752738756111E+002  0.284967256763578E+001
  0.118490890466770E-001  0.369892617618640E+001  0.120824599842852E+002  0.287204534256468E+001
  0.116886738589017E-001  0.369860086038461E+001  0.118507024064596E+002  0.302359991798627E+001
  0.116901945519288E-001  0.369834067789802E+001  0.119490224633165E+002  0.314137834287121E+001
  0.113732293605104E-001  0.369775780135135E+001  0.120674007453471E+002  0.313213935091154E+001
  0.112199467984297E-001  0.369730942447827E+001  0.119264489011231E+002  0.312706505229050E+001
  0.110683232303196E-001  0.369693456595698E+001  0.121361420181054E+002  0.305143718542535E+001
  0.109170634948966E-001  0.369686840590961E+001  0.121417720770264E+002  0.296814170019381E+001
  0.109170967972221E-001  0.369686230495128E+001  0.119101275777486E+002  0.288584606948834E+001
  0.107657804868414E-001  0.369680470792156E+001  0.118823342187285E+002  0.308488426839313E+001
  0.107674174593156E-001  0.369650062443493E+001  0.120396098084308E+002  0.313848304839335E+001
  0.104704205579864E-001  0.369609983092132E+001  0.121219103111593E+002  0.307405115890833E+001
  0.104713977674760E-001  0.369591317864974E+001  0.120043719806082E+002  0.314191522686664E+001
  0.104714053009447E-001  0.369591173978433E+001  0.119118733584465E+002  0.288868377470404E+001
  0.104723993904315E-001  0.369572188135084E+001  0.120682883345163E+002  0.287628883679659E+001
  0.104729850467204E-001  0.369561003689349E+001  0.118730636206191E+002  0.293881945027641E+001
  0.101694575908453E-001  0.369560269566492E+001  0.120995816294456E+002  0.290034026930002E+001
  0.988063313903077E-002  0.369525218551891E+001  0.118666314696814E+002  0.295863712025415E+001
  0.988192684539766E-002  0.369499033556227E+001  0.120016720931092E+002  0.286131544120482E+001
  0.988256577726411E-002  0.369486102652735E+001  0.118620630467898E+002  0.299103949511754E+001
  0.946124950947502E-002  0.369439120981982E+001  0.119884811955897E+002  0.286396914266943E+001
  0.932789495722535E-002  0.369400391345300E+001  0.120234195630750E+002  0.313304625022781E+001
  0.932852224936621E-002  0.369386941986098E+001  0.119003449066220E+002  0.309046628878263E+001
  0.893692240331969E-002  0.369329574731677E+001  0.119399588250884E+002  0.288194631808657E+001
  0.893710190136382E-002  0.369325557772964E+001  0.120100722406704E+002  0.313190904017099E+001
  0.881039424064176E-002  0.369303645553530E+001  0.120857079365847E+002  0.309968185553550E+001
  0.868453480686643E-002  0.369303568610050E+001  0.118697602569051E+002  0.298213487754360E+001
  0.856151741869496E-002  0.369279099609858E+001  0.120478494643986E+002  0.312143842899449E+001
  0.856163595220997E-002  0.369276330645229E+001  0.120998066973717E+002  0.308395115718888E+001
  0.856260309167815E-002  0.369253739522395E+001  0.118704782523326E+002  0.300271648420498E+001
  0.856264062626181E-002  0.369252862814670E+001  0.119437000760065E+002  0.311663967543820E+001
  0.843553790886090E-002  0.369236315729250E+001  0.119159281608030E+002  0.290232221169660E+001
  0.843647343025792E-002  0.369214136479149E+001  0.120413323860598E+002  0.312115636935549E+001
  0.830877009322610E-002  0.369211199368924E+001  0.118721067913684E+002  0.300108998002476E+001
  0.830920504175802E-002  0.369200730018031E+001  0.118908877127002E+002  0.306593691016281E+001
  0.830955946486803E-002  0.369192199345131E+001  0.120695885721649E+002  0.289357964829667E+001
  0.817989525586714E-002  0.369187977788387E+001  0.118915806002936E+002  0.306611262233863E+001
  0.817998723124447E-002  0.369185728985502E+001  0.118925591780249E+002  0.293247499122806E+001
  0.746069986736846E-002  0.369119337724203E+001  0.119797253803659E+002  0.312258949474582E+001
  0.735126651001222E-002  0.369111643196902E+001  0.119132864409311E+002  0.291143895989812E+001
  0.724411515359457E-002  0.369085261312439E+001  0.118781957124999E+002  0.301619246282402E+001
  0.724521078237616E-002  0.369055014804396E+001  0.120637274394863E+002  0.289639098165801E+001
  0.713845971282301E-002  0.369016167783749E+001  0.121192459892662E+002  0.298629091313328E+001
  0.703211347295012E-002  0.369010538246289E+001  0.120347280733529E+002  0.288534743541729E+001
  0.682547665779519E-002  0.369004969277202E+001  0.119629949029712E+002  0.311369337160635E+001
  0.653386236972343E-002  0.368977230616440E+001  0.119519234980049E+002  0.289180192561035E+001
  0.635047354325185E-002  0.368956329204262E+001  0.120230443632218E+002  0.311523071008909E+001
  0.635191266392716E-002  0.368911011083462E+001  0.119060063968682E+002  0.306723972476322E+001
  0.635197552298529E-002  0.368909031876555E+001  0.120152576809385E+002  0.311447003590126E+001
  0.635198546913858E-002  0.368908718709558E+001  0.120116168131618E+002  0.311488300104388E+001
  0.635205833936116E-002  0.368906424314995E+001  0.121060664109413E+002  0.304538751812209E+001
  0.625740343420285E-002  0.368901568065151E+001  0.120641121579620E+002  0.309566179506093E+001
  0.616413505373499E-002  0.368897489571730E+001  0.119000119521247E+002  0.305677282079216E+001
  0.616556142564957E-002  0.368851215215395E+001  0.120954200622616E+002  0.306044030983754E+001
  0.589462748917379E-002  0.368814699772695E+001  0.121113162081888E+002  0.299874832004096E+001
  0.580810723381839E-002  0.368809002723226E+001  0.121052808132752E+002  0.303538141842381E+001
  0.572287844811723E-002  0.368802552858871E+001  0.120825360541146E+002  0.307388636911642E+001
  0.572366185974148E-002  0.368775176495205E+001  0.120208672966988E+002  0.289247238465471E+001
  0.563866968475635E-002  0.368759724950139E+001  0.120902704087991E+002  0.306078132918868E+001
  0.555471007752624E-002  0.368752536622357E+001  0.120407712109633E+002  0.310054323329529E+001
  0.547220563369840E-002  0.368737855468101E+001  0.120762490527191E+002  0.292377333916696E+001
  0.547245422116072E-002  0.368728770216822E+001  0.119038898180375E+002  0.304792079165303E+001
  0.547297572922208E-002  0.368709711739846E+001  0.121027671821389E+002  0.302796231133131E+001
  0.547323012115269E-002  0.368700415662863E+001  0.118952539699251E+002  0.301668211597728E+001
  0.530590864743920E-002  0.368659490796488E+001  0.119104999258420E+002  0.305320255512562E+001
  0.530610790032509E-002  0.368651980333797E+001  0.120761540524978E+002  0.307047148932323E+001
  0.514362810011083E-002  0.368621452536733E+001  0.119732101071164E+002  0.309870508694049E+001
  0.514394498448200E-002  0.368609131482247E+001  0.119792139046720E+002  0.309952447058284E+001
  0.506380170351473E-002  0.368600013246921E+001  0.120985902210277E+002  0.302293399154577E+001
  0.483433097031864E-002  0.368570965897951E+001  0.120027601564306E+002  0.290026080160088E+001
  0.483433707625164E-002  0.368570713290955E+001  0.120975123975348E+002  0.297892080604303E+001
  0.476062268449056E-002  0.368542982861623E+001  0.120896136735727E+002  0.304055965121091E+001
  0.468757530101897E-002  0.368534749628874E+001  0.120966958540100E+002  0.301559728461352E+001
  0.447828812182581E-002  0.368507761951947E+001  0.119034457501385E+002  0.300087380458902E+001
  0.441162606960157E-002  0.368499689074143E+001  0.120208856444807E+002  0.309384320847757E+001
  0.410291066768701E-002  0.368404002866693E+001  0.120498769013749E+002  0.307614585055984E+001
  0.410293273027060E-002  0.368402927409485E+001  0.119160421640012E+002  0.296498253220806E+001
  0.404441185066743E-002  0.368398355858666E+001  0.119833635970427E+002  0.308917766460618E+001
  0.404447169969250E-002  0.368395396289539E+001  0.120188513386451E+002  0.291143106013965E+001
  0.404467396350474E-002  0.368385394550384E+001  0.120864049244087E+002  0.302517939084004E+001
  0.398530136960454E-002  0.368379979299995E+001  0.119121335376860E+002  0.298196822300275E+001
  0.387110056752374E-002  0.368312019137962E+001  0.119685258713527E+002  0.307984633859375E+001
  0.365660664115268E-002  0.368280992542928E+001  0.120836688445504E+002  0.300743754409649E+001
  0.360592725423243E-002  0.368275067963553E+001  0.119230691641045E+002  0.303283585395957E+001
  0.355603853102594E-002  0.368264179159199E+001  0.119318683522969E+002  0.304738921137303E+001
  0.345889466644100E-002  0.368247881462687E+001  0.119464233289975E+002  0.306208238182020E+001
  0.341168800486527E-002  0.368237595548250E+001  0.119461906250034E+002  0.306104403186459E+001
  0.341177008218228E-002  0.368232784069028E+001  0.120675573366961E+002  0.304482983526751E+001
  0.336445585674023E-002  0.368228535482869E+001  0.120369595999829E+002  0.307186939528826E+001
  0.331774840248685E-002  0.368227263573308E+001  0.119595288713019E+002  0.293013877573151E+001
  0.331787237741586E-002  0.368219790275292E+001  0.120681659352143E+002  0.295760689666245E+001
  0.327115626537530E-002  0.368218904664496E+001  0.120374874133760E+002  0.307091972690758E+001
  0.313690560253936E-002  0.368207401497085E+001  0.120790595324638E+002  0.300833501522258E+001
  0.313695851205753E-002  0.368204028168164E+001  0.119463043895636E+002  0.294166535949532E+001
  0.313708070868487E-002  0.368196237548879E+001  0.119942610117879E+002  0.307858311958940E+001
  0.313714697966126E-002  0.368192012584172E+001  0.119549212880252E+002  0.293570456664960E+001
  0.309242004630982E-002  0.368186227253283E+001  0.120285454125503E+002  0.307275506261744E+001
  0.309244621115616E-002  0.368184535068181E+001  0.119436881923895E+002  0.294596114188147E+001
  0.292117967878661E-002  0.368147831806969E+001  0.119485033831824E+002  0.305542818513484E+001
  0.288064727543479E-002  0.368145086805665E+001  0.120094606378458E+002  0.307488145010286E+001
  0.284068680453312E-002  0.368141670769148E+001  0.119316020041293E+002  0.296862661902736E+001
  0.284078495793313E-002  0.368134760348460E+001  0.120474901803777E+002  0.305777675513216E+001
  0.280094225177436E-002  0.368122739061969E+001  0.120176403135434E+002  0.292815240338685E+001
  0.276150632036138E-002  0.368121728056326E+001  0.120702703457312E+002  0.297708218475988E+001
  0.276158265971572E-002  0.368116199312927E+001  0.120532416995766E+002  0.305072653878178E+001
  0.268391377455565E-002  0.368107094813444E+001  0.119953902268774E+002  0.307277063492580E+001
  0.264630752780871E-002  0.368092329868654E+001  0.120405641862610E+002  0.305936086809367E+001
  0.257285453313486E-002  0.368088011834796E+001  0.120378362052356E+002  0.306078163458345E+001
  0.253712096602835E-002  0.368087970557180E+001  0.120068994088913E+002  0.292874011710607E+001
  0.250189838050035E-002  0.368086755023155E+001  0.119747149053238E+002  0.306688857451072E+001
  0.246733636546226E-002  0.368071630969779E+001  0.119483762700969E+002  0.304792877413399E+001
  0.243317414149102E-002  0.368062890207493E+001  0.120340951877145E+002  0.293907145635295E+001
  0.227323384442695E-002  0.368050841010501E+001  0.119372286517275E+002  0.302853130074790E+001
  0.227326399800289E-002  0.368048188104727E+001  0.119345226206489E+002  0.297901283673556E+001
  0.227330987558776E-002  0.368044151871190E+001  0.119319976831965E+002  0.299205828717715E+001
  0.227344828060958E-002  0.368031975721316E+001  0.120173206776263E+002  0.293468829721227E+001
  0.224230566218584E-002  0.368031930347667E+001  0.119329937856926E+002  0.299132025909537E+001
  0.224238880813049E-002  0.368024514373605E+001  0.119949972202337E+002  0.293317198856789E+001
  0.224242638170127E-002  0.368021163192414E+001  0.120649559404798E+002  0.298456546399033E+001
  0.224252027105195E-002  0.368012789460643E+001  0.119358422068840E+002  0.298395196678012E+001
  0.221055976768621E-002  0.368005958449159E+001  0.119438881448359E+002  0.296598659995035E+001
  0.217903938464013E-002  0.368000539271616E+001  0.119367849829550E+002  0.298402747617096E+001
  0.217912555938622E-002  0.367992630002719E+001  0.119663053850568E+002  0.305510753244637E+001
  0.214760339485079E-002  0.367987101409180E+001  0.120072862296602E+002  0.306374787941921E+001
  0.208628506709372E-002  0.367983097195426E+001  0.119564682105208E+002  0.304670998223411E+001
  0.205651542328301E-002  0.367979748923476E+001  0.120573564748251E+002  0.302745161583046E+001
  0.202713991153359E-002  0.367979425313408E+001  0.119381869804245E+002  0.298519220048931E+001
  0.194273300249407E-002  0.367973531061892E+001  0.120630578320428E+002  0.299778920414877E+001
  0.191578364053077E-002  0.367970081702231E+001  0.120403563322029E+002  0.304814613852378E+001
  0.188923139846717E-002  0.367964167669584E+001  0.119942893533699E+002  0.306208810185710E+001
  0.186299413258703E-002  0.367963946616853E+001  0.120481105090098E+002  0.303963221256326E+001
  0.176371115519545E-002  0.367955247760725E+001  0.119387112838528E+002  0.299351632345137E+001
  0.176371183849057E-002  0.367955170276950E+001  0.120487172487658E+002  0.296226143055825E+001
  0.176371721502501E-002  0.367954560593880E+001  0.119565784152698E+002  0.304365820770055E+001
  0.173958772536926E-002  0.367950994183834E+001  0.119404383056741E+002  0.301442960805692E+001
  0.173959064982121E-002  0.367950657960550E+001  0.120548636289330E+002  0.302724755047915E+001
  0.171547393302790E-002  0.367945497284606E+001  0.120606741435148E+002  0.299558544043917E+001
  0.171552483235200E-002  0.367939563231278E+001  0.120121599744901E+002  0.294089302482374E+001
  0.171556598404781E-002  0.367934765725411E+001  0.120593431115771E+002  0.299151946088033E+001
  0.171558654043897E-002  0.367932369283863E+001  0.120595768947847E+002  0.300448927920261E+001
  0.169072833139007E-002  0.367931734763302E+001  0.119513435740315E+002  0.303457986446321E+001
  0.166626611193589E-002  0.367926802753612E+001  0.119423123755484E+002  0.301363938057840E+001
  0.164212841640269E-002  0.367925452221573E+001  0.120578375065405E+002  0.298754157978642E+001
  0.161841452084751E-002  0.367914939557975E+001  0.119924012257814E+002  0.305777128518075E+001
  0.161843445147944E-002  0.367912476590800E+001  0.119584142314716E+002  0.304051242951508E+001
  0.157163546502166E-002  0.367898203425297E+001  0.120417093312205E+002  0.303857762464715E+001
  0.154887689557822E-002  0.367895781509107E+001  0.120209382652852E+002  0.305258584713808E+001
  0.154896614630866E-002  0.367884257267336E+001  0.120547986703432E+002  0.299075091446194E+001
  0.152621652847400E-002  0.367880418183919E+001  0.120270191549546E+002  0.295183347338617E+001
  0.152622607940599E-002  0.367879166605009E+001  0.120075386840695E+002  0.294540419911844E+001
  0.150352762777749E-002  0.367868386054428E+001  0.120512390843157E+002  0.301744373710210E+001
  0.150353568792465E-002  0.367867313892480E+001  0.120124216281880E+002  0.294741949734675E+001
  0.150359443323334E-002  0.367859499756566E+001  0.120522028565656E+002  0.301075762582345E+001
  0.150362072026541E-002  0.367856003228286E+001  0.119967234226794E+002  0.294713069411059E+001
  0.143531195489953E-002  0.367850759559409E+001  0.119477605615027E+002  0.299504986455838E+001
  0.141356810291987E-002  0.367850292817694E+001  0.120522564201949E+002  0.300424993019569E+001
  0.141358372180995E-002  0.367848082976688E+001  0.120078488396279E+002  0.305162453549122E+001
  0.135035630553410E-002  0.367838103548483E+001  0.120509126172870E+002  0.299410016380464E+001
  0.135037538302233E-002  0.367835278019637E+001  0.119532531595839E+002  0.302033175567415E+001
  0.135037698392897E-002  0.367835040914355E+001  0.120509536422874E+002  0.299994840054720E+001
  0.128996467368076E-002  0.367826927221662E+001  0.120164827882204E+002  0.295263485363255E+001
  0.127071270090530E-002  0.367826733423343E+001  0.119506627821386E+002  0.300889046390449E+001
  0.123338832496972E-002  0.367818702209551E+001  0.119514467718453E+002  0.299131246222616E+001
  0.121528429069817E-002  0.367813101905548E+001  0.119643164665432E+002  0.296677995067994E+001
  0.121530924874113E-002  0.367808994588952E+001  0.120406827568027E+002  0.302609073340785E+001
  0.121531090356185E-002  0.367808722259979E+001  0.119700006207844E+002  0.296214333575471E+001
  0.117905386814966E-002  0.367805176672554E+001  0.120026359560420E+002  0.304786110782873E+001
  0.112788104257171E-002  0.367789148439221E+001  0.119651326503384E+002  0.296964181327714E+001
  0.112789687176106E-002  0.367786341569052E+001  0.119895443016223E+002  0.304472092623442E+001
  0.112796135691208E-002  0.367774907313082E+001  0.120446501239632E+002  0.299885687174609E+001
  0.112798036541770E-002  0.367771536923603E+001  0.119807483373888E+002  0.296011754892136E+001
  0.111092850161164E-002  0.367764561053081E+001  0.120014219963306E+002  0.295653213096375E+001
  0.109410487776413E-002  0.367762984200425E+001  0.120117335644845E+002  0.304168971875716E+001
  0.106147273875943E-002  0.367757763443759E+001  0.120291447740687E+002  0.303121031501588E+001
  0.103029927416811E-002  0.367748771321708E+001  0.119596053204532E+002  0.301009208911464E+001
  0.103030197031169E-002  0.367748247951437E+001  0.119859729646354E+002  0.296086447937539E+001
  0.103031377454859E-002  0.367745956551513E+001  0.120409399216244E+002  0.299458192711102E+001
  0.103031386129381E-002  0.367745939712911E+001  0.119735361217430E+002  0.303170059081495E+001
  0.101448723505380E-002  0.367741137970124E+001  0.119596251348708E+002  0.300520741282678E+001
  0.998884955052167E-003  0.367740093618447E+001  0.119724958690749E+002  0.302983833352988E+001
  0.998885128480577E-003  0.367740058894049E+001  0.120355826236425E+002  0.301950212851257E+001
  0.968156789579653E-003  0.367738697926129E+001  0.119815086403825E+002  0.296407067963218E+001
  0.924851211722400E-003  0.367729025616739E+001  0.120049768362288E+002  0.303887614242498E+001
  0.924860265020471E-003  0.367727067841553E+001  0.119774296746682E+002  0.303173524871904E+001
  0.897279836290736E-003  0.367720973691036E+001  0.120181561609672E+002  0.296644470368783E+001
  0.883889701133947E-003  0.367720498245230E+001  0.119785839590730E+002  0.296850074882448E+001
  0.870698501420841E-003  0.367720226305697E+001  0.119716831023899E+002  0.302542210746620E+001
  0.857707376753241E-003  0.367719206059193E+001  0.120376937088858E+002  0.300413667543668E+001
  0.857710082665574E-003  0.367718575096200E+001  0.119907732858564E+002  0.296330550600675E+001
  0.857710557241833E-003  0.367718464435002E+001  0.119656760270339E+002  0.301588635927948E+001
  0.844520694209055E-003  0.367717118341086E+001  0.120362937704655E+002  0.300999063649475E+001
  0.844532816211881E-003  0.367714247620236E+001  0.119852400465071E+002  0.296578761691210E+001
  0.844535770681409E-003  0.367713547951897E+001  0.120371512678260E+002  0.300106301420746E+001
  0.831137432905465E-003  0.367711865451135E+001  0.119864803802454E+002  0.296562353167714E+001
  0.831139370600520E-003  0.367711399176192E+001  0.120213209519770E+002  0.303008780400804E+001
  0.831148350826228E-003  0.367709238244462E+001  0.119634866606629E+002  0.300224180203854E+001
  0.831153492337646E-003  0.367708001041617E+001  0.120344218338852E+002  0.298812502844377E+001
  0.831195247545673E-003  0.367697953761638E+001  0.120096969316269E+002  0.303363590811482E+001
  0.831201713233778E-003  0.367696398010933E+001  0.120260295896502E+002  0.302307179562331E+001
  0.831213160446044E-003  0.367693643653415E+001  0.120307241845410E+002  0.301543788197094E+001
  0.831213396623935E-003  0.367693586826149E+001  0.119810834458163E+002  0.297129635178910E+001
  0.831217249157182E-003  0.367692659862186E+001  0.120253039657589E+002  0.302306892108546E+001
  0.831234692277419E-003  0.367688462899904E+001  0.119665771608922E+002  0.300366196754750E+001
  0.831235011056113E-003  0.367688386199873E+001  0.120325223367348E+002  0.299151313995965E+001
  0.831258469181431E-003  0.367682742117511E+001  0.119979355685430E+002  0.303269597038141E+001
  0.831275701452476E-003  0.367678596092401E+001  0.119790329331654E+002  0.302433536960213E+001
  0.831276251524248E-003  0.367678463748441E+001  0.119900030773415E+002  0.296949481678335E+001
  0.831278611146676E-003  0.367677896038471E+001  0.120317578230118E+002  0.300403339107683E+001
  0.831285555032508E-003  0.367676225393579E+001  0.119772065296028E+002  0.297789618077462E+001
  0.831308645121534E-003  0.367670670198203E+001  0.119723823347301E+002  0.298622198387348E+001
  0.831314573817830E-003  0.367669243850676E+001  0.120305335082800E+002  0.300245164438288E+001
  0.831353906754952E-003  0.367659781245812E+001  0.120279216939519E+002  0.299199633544656E+001
  0.831356150260073E-003  0.367659241523300E+001  0.119724873796967E+002  0.300901876589975E+001
  0.831357078222062E-003  0.367659018282882E+001  0.119792672131938E+002  0.297984555727931E+001
  0.831383838184441E-003  0.367652580728572E+001  0.119797575300401E+002  0.298097588696002E+001
  0.831384844255214E-003  0.367652338705546E+001  0.120132444462492E+002  0.297563119042047E+001
  0.831393887382232E-003  0.367650163280314E+001  0.120167802424383E+002  0.297841474002570E+001
  0.831394561805009E-003  0.367650001041329E+001  0.119994543722831E+002  0.297269469126720E+001
  0.831397298693588E-003  0.367649342657404E+001  0.120003252532386E+002  0.297281198856698E+001
  0.831404257323432E-003  0.367647668704233E+001  0.120268569012523E+002  0.299887702236758E+001
  0.831420593972216E-003  0.367643738849860E+001  0.120261107070927E+002  0.300121928463777E+001
  0.831421511013792E-003  0.367643518253672E+001  0.119849216992469E+002  0.297869989285415E+001
  0.831437621909011E-003  0.367639642785233E+001  0.119818790876474E+002  0.298228199872584E+001
  0.831440171979705E-003  0.367639029373784E+001  0.119791035949526E+002  0.298587551150506E+001
  0.831467367619265E-003  0.367632487665622E+001  0.119781512667673E+002  0.300966316168006E+001
  0.831469993864965E-003  0.367631855953144E+001  0.119885863127343E+002  0.297916362661706E+001
  0.831474681971812E-003  0.367630728289209E+001  0.119778388038760E+002  0.299212399468302E+001
  0.831492754398365E-003  0.367626381258435E+001  0.119978360425762E+002  0.297752786049511E+001
  0.831493188463128E-003  0.367626276852318E+001  0.119831039170153E+002  0.298506152336218E+001
  0.831506070895572E-003  0.367623178250230E+001  0.119849890179276E+002  0.298411541310482E+001
  0.831510939475889E-003  0.367622007226654E+001  0.120067879132650E+002  0.302049057542754E+001
  0.831518628049668E-003  0.367620157933309E+001  0.120034361913748E+002  0.302087196931849E+001
  0.831527051058451E-003  0.367618132009694E+001  0.119796517337869E+002  0.300362427101228E+001
  0.831531899309293E-003  0.367616965905307E+001  0.119975139517702E+002  0.297976770407040E+001
  0.831534377764172E-003  0.367616369788385E+001  0.120016408720705E+002  0.297982891663778E+001
  0.831540078130814E-003  0.367614998745345E+001  0.120030035171612E+002  0.298033191622389E+001
  0.831551294591848E-003  0.367612301007574E+001  0.119863472693211E+002  0.298649147668844E+001
  0.831554387381264E-003  0.367611557148792E+001  0.119878078928821E+002  0.301458736416414E+001
  0.831560703399107E-003  0.367610038067431E+001  0.120136512790206E+002  0.298735522096998E+001
  0.831563635089357E-003  0.367609332963144E+001  0.119848266327420E+002  0.301043866556637E+001
  0.831579604962566E-003  0.367605492073719E+001  0.119858070530204E+002  0.300996735544332E+001
  0.831603977784713E-003  0.367599630346269E+001  0.119883357218207E+002  0.301030122607068E+001
  0.831621865738003E-003  0.367595328356048E+001  0.120101038902719E+002  0.299014798786239E+001
  0.831624926234239E-003  0.367594592326674E+001  0.120109990352611E+002  0.300841496710468E+001
  0.831626017057194E-003  0.367594329991526E+001  0.120043865789676E+002  0.298696447079980E+001
  0.831635037925299E-003  0.367592160550216E+001  0.120066731900371E+002  0.298891211389848E+001
  0.831639648059207E-003  0.367591051861688E+001  0.119875874521462E+002  0.299847866704212E+001
  0.831645274033451E-003  0.367589698882611E+001  0.120040560973592E+002  0.298875704302087E+001
  0.831659915498768E-003  0.367586177829371E+001  0.119896326750296E+002  0.300040502837089E+001
  0.831665661698072E-003  0.367584795971392E+001  0.120093254543426E+002  0.299738030602390E+001
  0.831676113896854E-003  0.367582282429332E+001  0.119928413959765E+002  0.300417682451915E+001
  0.831677319453267E-003  0.367581992519469E+001  0.119922976408598E+002  0.300254284086720E+001
  0.831694692940536E-003  0.367577814623691E+001  0.120025099226703E+002  0.300420876542601E+001
  0.831699933247381E-003  0.367576554476096E+001  0.119996112693794E+002  0.300335571613479E+001
  0.831701758623802E-003  0.367576115525858E+001  0.119973744364250E+002  0.300035896491035E+001
