  0.289463375710776E+000  0.117650084549938E+002  0.123657681094755E+002  0.150765329617693E+002
  0.289463375710776E+000  0.125622420263613E+002  0.878086817702312E+001  0.318244165306579E+001
  0.289463375710776E+000  0.117572517759001E+002  0.473018097532835E+001  0.974434678217127E+001
  0.289463375710776E+000  0.101892728259594E+002  0.546803601587284E+001  0.126498591696209E+002
  0.289463375710776E+000  0.986860805788809E+001  0.540549628242862E+000  0.116205822962313E+002
  0.289463375710776E+000  0.912916430447771E+001  0.265057996450232E+001  0.969103576989381E+001
  0.289463375710776E+000  0.645981458525235E+001  0.306697776573342E+001  0.103327944243891E+002
  0.289463375710776E+000  0.774078484559643E+001  0.381106339555761E+001  0.138458620970062E+002
  0.289463375710776E+000  0.764599454897762E+001  0.495621253240378E+001  0.116212217740504E+002
  0.289463375710776E+000  0.714886747930893E+001  0.477811871128046E+001  0.125580387039718E+002
  0.289463375710776E+000  0.710443595583109E+001  0.161340500083678E+001  0.132272066375749E+002
  0.289463375710776E+000  0.669654261597802E+001  0.163374355021907E+001  0.109256947377065E+002
  0.289463375710776E+000  0.632280329191584E+001  0.459505376634592E+001  0.116792935273935E+002
  0.289463375710776E+000  0.627235580271425E+001  0.409013731157411E+001  0.131866770039946E+002
  0.289463375710776E+000  0.618080342865104E+001  0.181299105630699E+001  0.130469283946026E+002
  0.289463375710776E+000  0.615458222952994E+001  0.453044225629492E+001  0.123695600044148E+002
  0.289463375710776E+000  0.611115618764938E+001  0.431562505136078E+001  0.128393645090563E+002
  0.289463375710776E+000  0.605753237426592E+001  0.419766112269870E+001  0.110266624035703E+002
  0.289463375710776E+000  0.603300664251195E+001  0.147259844486983E+001  0.121558749469260E+002
  0.289463375710776E+000  0.602022757631661E+001  0.439691908807805E+001  0.126269693013718E+002
  0.289463375710776E+000  0.601055673408882E+001  0.165149428395922E+001  0.112814355038861E+002
  0.289463375710776E+000  0.601001546834674E+001  0.451908492145362E+001  0.121632248049310E+002
  0.289463375710776E+000  0.591969307756004E+001  0.228878060213875E+001  0.106816275515440E+002
  0.289463375710776E+000  0.589128911089774E+001  0.263878994610922E+001  0.105560255282556E+002
  0.289463375710776E+000  0.577080857533152E+001  0.413470550721994E+001  0.111013911560653E+002
  0.289463375710776E+000  0.553035798180823E+001  0.337994281513080E+001  0.133077642395401E+002
  0.289463375710776E+000  0.549682689479709E+001  0.167800067911486E+001  0.122709069167770E+002
  0.289463375710776E+000  0.539675319074023E+001  0.267393624016476E+001  0.132707011774779E+002
  0.289463375710776E+000  0.520593522227068E+001  0.365836463168781E+001  0.130472521669563E+002
  0.289463375710776E+000  0.517863712803013E+001  0.308122784438566E+001  0.107767726979387E+002
  0.289463375710776E+000  0.511524433692003E+001  0.191451655427145E+001  0.114889071579932E+002
  0.289463375710776E+000  0.500236013627335E+001  0.193240421954726E+001  0.115677439959767E+002
  0.289463375710776E+000  0.494825993290364E+001  0.404998983952492E+001  0.115876565303301E+002
  0.289463375710776E+000  0.474543095101474E+001  0.205958376062241E+001  0.124304580292095E+002
  0.289463375710776E+000  0.469443363177568E+001  0.234220136166232E+001  0.112345064008379E+002
  0.289463375710776E+000  0.464869385400552E+001  0.296877938988747E+001  0.110141171496110E+002
  0.289463375710776E+000  0.459193799341145E+001  0.364961188498153E+001  0.112970147515890E+002
  0.289463375710776E+000  0.458503152280548E+001  0.371075401385290E+001  0.126356934180710E+002
  0.289463375710776E+000  0.454451817756183E+001  0.361782920596536E+001  0.126978904763638E+002
  0.289463375710776E+000  0.454341700488824E+001  0.216487297742844E+001  0.115874157925462E+002
  0.289463375710776E+000  0.454292262978152E+001  0.236759959745291E+001  0.126835482629786E+002
  0.289463375710776E+000  0.453844616683614E+001  0.207497327237786E+001  0.120837710403548E+002
  0.289463375710776E+000  0.452300018122569E+001  0.259310526409461E+001  0.128256407949584E+002
  0.289463375710776E+000  0.450213209176528E+001  0.359352633889519E+001  0.113114475735398E+002
  0.289463375710776E+000  0.450136447705397E+001  0.369004712415786E+001  0.125911389943801E+002
  0.289463375710776E+000  0.443400406533303E+001  0.299859479885005E+001  0.111292256561404E+002
  0.289463375710776E+000  0.431827872250492E+001  0.230005334583843E+001  0.116093604333733E+002
  0.289463375710776E+000  0.429216437254883E+001  0.375943525611960E+001  0.118008308972438E+002
  0.289463375710776E+000  0.428976667794891E+001  0.254385121420914E+001  0.113628651395884E+002
  0.289463375710776E+000  0.428729975136938E+001  0.245325205617818E+001  0.125591174335301E+002
  0.289463375710776E+000  0.427320038998414E+001  0.322637174040648E+001  0.112609451357911E+002
  0.289463375710776E+000  0.421934669802624E+001  0.279569685292199E+001  0.112915843103787E+002
  0.289463375710776E+000  0.421624404070123E+001  0.368347389554642E+001  0.122708382210641E+002
  0.289463375710776E+000  0.414793010698722E+001  0.359803100998555E+001  0.123384300300863E+002
  0.289463375710776E+000  0.409010932915505E+001  0.364322775431796E+001  0.120247639336826E+002
  0.289463375710776E+000  0.405077006397957E+001  0.265602041610294E+001  0.125066497577448E+002
  0.289463375710776E+000  0.404673420324526E+001  0.359506221416188E+001  0.118700729754696E+002
  0.289463375710776E+000  0.404160487102594E+001  0.285978104308987E+001  0.125883786045824E+002
  0.289463375710776E+000  0.403622072673434E+001  0.335243025303739E+001  0.115139346642069E+002
  0.289463375710776E+000  0.403471280074812E+001  0.244231285406539E+001  0.117810394665956E+002
  0.289463375710776E+000  0.399404390664326E+001  0.276982042337498E+001  0.125150797378361E+002
  0.289463375710776E+000  0.398623984692022E+001  0.249774319766372E+001  0.122412961222408E+002
  0.289463375710776E+000  0.396822684242830E+001  0.308723577609614E+001  0.125337252373446E+002
  0.289463375710776E+000  0.393365036835019E+001  0.251559477424368E+001  0.121524723345118E+002
  0.289463375710776E+000  0.389664554827561E+001  0.253763533653320E+001  0.119156772069120E+002
  0.289463375710776E+000  0.386508160243115E+001  0.315249941383452E+001  0.115924814134391E+002
  0.289463375710776E+000  0.385697404978580E+001  0.320657789255988E+001  0.116277830051265E+002
  0.289463375710776E+000  0.385110585495034E+001  0.334167072216297E+001  0.117578991124587E+002
  0.289463375710776E+000  0.380549297474377E+001  0.334214939740688E+001  0.118874272156372E+002
  0.289463375710776E+000  0.380366471237356E+001  0.306940361343836E+001  0.116491528566504E+002
  0.289463375710776E+000  0.380275742285991E+001  0.323003986586723E+001  0.117278144931246E+002
  0.289463375710776E+000  0.376141160688706E+001  0.315514958918843E+001  0.122481654267682E+002
  0.289463375710776E+000  0.375962723893718E+001  0.271048815183267E+001  0.120074830401058E+002
  0.289463375710776E+000  0.370458522624008E+001  0.283136473752719E+001  0.120198303220376E+002
  0.289463375710776E+000  0.370282444472760E+001  0.313111413951572E+001  0.120993951423761E+002
  0.289463375710776E+000  0.370001062147016E+001  0.299032161163446E+001  0.121554439366785E+002
  0.289463375710776E+000  0.369381509229119E+001  0.289746087168653E+001  0.119131283323677E+002
