  0.887916102917524E-115  0.539025383886228E+003  0.292978985431844E+002  0.272654403069934E+002
  0.456127873558511E-083  0.392982170981906E+003  0.257342377890945E+002  0.260562605704706E+002
  0.171908004490318E-082  0.390318653150019E+003  0.217014848871765E+002  0.290125078111476E+002
  0.589751234468443E-080  0.378632855024260E+003  0.287545076416968E+002  0.215469841625005E+002
  0.240006933000681E-079  0.375815775757378E+003  0.195838668326644E+002  0.296501081444915E+002
  0.287719315746420E-076  0.361627654923640E+003  0.297251343247934E+002  0.183775266351558E+002
  0.327919584589579E-073  0.347540603277478E+003  0.270552366112640E+002  0.226820424894674E+002
  0.313241912906240E-071  0.338411873087856E+003  0.299847764845794E+002  0.586099048630892E+001
  0.299541320652471E-070  0.333886174625273E+003  0.298898655323444E+002  0.342094104306563E+000
  0.430517400082550E-070  0.333150728806508E+003  0.700821863390177E+001  0.296163069863754E+002
  0.109699188196113E-069  0.331270075086148E+003  0.708782238746277E+001  0.295451915290946E+002
  0.404870615668184E-067  0.319438108468062E+003  0.253424898300558E+002  0.236035189271777E+002
  0.145638285929894E-066  0.316867846188188E+003  0.295244033506033E+002  0.127121103543429E+001
  0.220863517851293E-066  0.316025033324267E+003  0.198650072934084E+002  0.277287085130774E+002
  0.349204834918376E-066  0.315098830791029E+003  0.295575704271731E+002  0.122369163910283E+002
  0.138922919485082E-065  0.312327164374677E+003  0.232128030762375E+002  0.254099138490390E+002
  0.135305740716036E-064  0.307764783664525E+003  0.898156232982797E+001  0.290844783011685E+002
  0.164801165021328E-063  0.302755232949628E+003  0.130378526198540E+002  0.291727596145623E+002
  0.222418611101243E-063  0.302145614756346E+003  0.291123802403094E+002  0.140700434468009E+001
  0.414178231811745E-063  0.300892169371484E+003  0.562179258401718E+001  0.289482728028399E+002
  0.575155436027311E-063  0.300225506418486E+003  0.290481580419299E+002  0.103232794847270E+002
  0.603402493296725E-063  0.300119643073457E+003  0.287581047419365E+002  0.846284136146333E+001
  0.148324380687310E-061  0.293705693262531E+003  0.625427291174593E+001  0.286235076323615E+002
  0.116432780762299E-060  0.289574723032403E+003  0.287562577859355E+002  0.442412286483071E+001
  0.176710314470758E-060  0.288730352683208E+003  0.286050797942369E+002  0.144954469741284E+002
  0.223818982718751E-059  0.283642555690422E+003  0.284980648870714E+002  0.983620967643958E+001
  0.123398801410265E-058  0.280218242849239E+003  0.251498443350181E+002  0.220262363180051E+002
  0.131713499822790E-058  0.280077852347285E+003  0.206399357379745E+002  0.260945003700525E+002
  0.459709364132239E-058  0.277567946534556E+003  0.132078324172140E+002  0.284114187466208E+002
  0.118329132830054E-056  0.271061880019022E+003  0.884838491728852E+001  0.279485043502982E+002
  0.125939306856218E-056  0.270927244743366E+003  0.220043377953092E+002  0.248088269529714E+002
  0.564442751987883E-056  0.267917191929341E+003  0.414177848259269E+001  0.281195257906826E+002
  0.108712885571679E-055  0.266596303930662E+003  0.275525739515942E+002  0.773849341451847E+001
  0.214546582402725E-055  0.265226695742540E+003  0.123769789603233E+002  0.280720303787812E+002
  0.340880831919263E-055  0.264290708524470E+003  0.112577448118331E+002  0.280301386035980E+002
  0.693019958386255E-055  0.262861681743324E+003  0.861237694705933E+001  0.276400562484358E+002
  0.240327186368303E-054  0.260364651528907E+003  0.260252505870827E+002  0.195420537911696E+002
  0.312309146844217E-054  0.259830691883790E+003  0.278843164084690E+002  0.213700404990283E+001
  0.558421826658763E-054  0.258658474628700E+003  0.273881933118249E+002  0.158842707316897E+002
  0.698009735136919E-054  0.258202262723053E+003  0.273521422671629E+002  0.803057037403428E+001
  0.336567219771494E-053  0.255045987772319E+003  0.225239869653762E+002  0.237267755165418E+002
  0.365246595100125E-053  0.254872463013767E+003  0.273129031486130E+002  0.668976956337662E+001
  0.681161240126325E-053  0.253616035292172E+003  0.239759610005206E+002  0.221694626847554E+002
  0.116328910070924E-052  0.252535644897697E+003  0.161287440606276E+001  0.276152843513909E+002
  0.507257054780243E-052  0.249580477262661E+003  0.231805849931871E+002  0.228535973005835E+002
  0.955525356104328E-052  0.248304015351992E+003  0.437404731001084E+001  0.274803613404952E+002
  0.138072518435502E-051  0.247557834597556E+003  0.274264269305379E+002  0.132406305465190E+001
  0.965753657084204E-051  0.243657600023976E+003  0.244288062195244E+001  0.273809231164138E+002
  0.130401570658855E-050  0.243047034942908E+003  0.257347380486394E+002  0.189014189532745E+002
  0.291874925899652E-050  0.241425646499493E+003  0.262451634065924E+002  0.176326320587649E+002
  0.468688060932471E-050  0.240468447301810E+003  0.154185414757680E+002  0.268999194417526E+002
  0.776316651862317E-050  0.239449226095592E+003  0.185435938446081E+002  0.257788309947852E+002
  0.612421030951669E-048  0.230703191617446E+003  0.414995952668752E+001  0.269199987464771E+002
  0.113095922725045E-047  0.229466413693941E+003  0.268035007858895E+002  0.488370806301887E+001
  0.150467468391589E-047  0.228885417467596E+003  0.269029899523912E+002  0.289097781430245E+001
  0.301234930937355E-047  0.227487155268950E+003  0.268560876127900E+002  0.119030773477996E+002
  0.526274960545411E-047  0.226361313479793E+003  0.267833430862829E+002  0.130196364859579E+002
  0.572869865243857E-047  0.226181668867137E+003  0.254491168156547E+002  0.182071332865071E+002
  0.184433857660222E-046  0.223833258949156E+003  0.267215677564428E+002  0.242183079287163E+001
  0.352817060514892E-046  0.222525966313548E+003  0.260555838933649E+002  0.730133572454110E+001
  0.393838521402078E-046  0.222296008629127E+003  0.320551299008702E+001  0.266792149289560E+002
  0.115219933200813E-045  0.220139059793278E+003  0.216819595718574E+002  0.229372892680339E+002
  0.150629499211232E-045  0.219593123891196E+003  0.885122661950605E+001  0.262444353500073E+002
  0.414063273983046E-044  0.212955587374638E+003  0.234565142612651E+002  0.206561796565528E+002
  0.558325444591496E-044  0.212347765834523E+003  0.262629507674984E+002  0.134634135194443E+002
  0.218241154389632E-043  0.209611303289949E+003  0.189298343251145E+002  0.244424385635159E+002
  0.366334501372902E-043  0.208565435826910E+003  0.255400024723337E+002  0.765042725576475E+001
  0.830666499165653E-043  0.206918097673086E+003  0.171715452204526E+002  0.251680976453075E+002
  0.101134957335137E-042  0.206514497510972E+003  0.248782767168639E+002  0.178215173456158E+002
  0.516024297568061E-042  0.203245126394873E+003  0.256639372278363E+002  0.887469486481974E+001
  0.140246526676743E-041  0.201235485273493E+003  0.255692489655778E+002  0.152150498711703E+002
  0.345389173674763E-041  0.199422970106387E+003  0.257790205456284E+002  0.133052678967543E+001
  0.572094241239116E-041  0.198403731194745E+003  0.150695745279086E+002  0.254984081025435E+002
  0.684160744861235E-041  0.198035977787923E+003  0.117468332271015E+001  0.257087481086342E+002
  0.125443132562943E-040  0.196813513255372E+003  0.257811542596057E+002  0.123447874979964E+002
  0.211348044578522E-040  0.195760230680297E+003  0.240523615373210E+002  0.186125932843669E+002
  0.264996705755362E-040  0.195297833357514E+003  0.251563426341163E+002  0.806987645466315E+001
  0.201025491469946E-039  0.191235259431595E+003  0.255086939194151E+002  0.105942881114510E+002
  0.224076160816859E-039  0.191008175799649E+003  0.254959574291029E+002  0.105533187075429E+002
  0.256537957135157E-039  0.190727619442661E+003  0.247698193047747E+002  0.165700013409754E+002
  0.324841109015684E-039  0.190245525294142E+003  0.157275055750414E+002  0.250221659247849E+002
  0.480201154909957E-039  0.189453812368321E+003  0.162237078900757E+002  0.248389906892281E+002
  0.194645425062580E-038  0.186644718136245E+003  0.134375470166076E+002  0.253343074286496E+002
  0.341875667667522E-038  0.185508207941713E+003  0.969409320786183E+001  0.251687729004432E+002
  0.705955547366455E-038  0.184048022568074E+003  0.252853484457136E+002  0.111207292029747E+002
  0.226130534721659E-037  0.181709757002351E+003  0.153298785684825E+001  0.251447027453895E+002
  0.264911771209020E-037  0.181383213095491E+003  0.250141261823262E+002  0.142893909007498E+002
  0.231489400622659E-036  0.177037793316251E+003  0.250467769301651E+002  0.321209182260684E+001
  0.533273541809412E-036  0.175358817398555E+003  0.248994519534634E+002  0.152063034055142E+001
  0.604114508318781E-036  0.175099383797318E+003  0.191328943640267E+002  0.228372865459674E+002
  0.742822668436530E-036  0.174676021547720E+003  0.242624541636707E+002  0.779670460204671E+001
  0.755470303784581E-036  0.174632280209354E+003  0.236894397918369E+002  0.175870256355976E+002
  0.904996572599197E-035  0.169655953575795E+003  0.194022750915478E+002  0.223965309086877E+002
  0.956348850187642E-035  0.169535595300706E+003  0.822754578734638E+001  0.241873962174910E+002
  0.110102843975740E-033  0.164638695602319E+003  0.670014125259239E+001  0.240072779061767E+002
  0.174854519352816E-033  0.163703641647366E+003  0.243658618846228E+002  0.996333513717863E+000
  0.198590255106639E-033  0.163439087819820E+003  0.626608127716235E+001  0.240829387512659E+002
  0.212505336741707E-033  0.163293665897472E+003  0.241262940420017E+002  0.607770078346676E+001
  0.103662915861836E-032  0.160114165949799E+003  0.699140098486612E+001  0.237230081631801E+002
  0.420353786545542E-031  0.152699116152470E+003  0.690465049684204E+001  0.234318762980092E+002
  0.633853363193669E-031  0.151867699201990E+003  0.288151754416268E+001  0.240448843498018E+002
  0.784786126490558E-031  0.151430536937002E+003  0.230079942392411E+002  0.168456349074491E+002
  0.305223389428409E-030  0.148704126262911E+003  0.234942292323586E+002  0.613247626341754E+001
  0.379168922204318E-030  0.148260275424011E+003  0.185223355133087E+001  0.238392772369673E+002
  0.992912235903355E-030  0.146324979407883E+003  0.382666959078219E+001  0.237841917281590E+002
  0.167355780568532E-029  0.145270874755898E+003  0.161098635306465E+002  0.230274872208410E+002
  0.259437322074208E-029  0.144384113330578E+003  0.140284093643679E+001  0.236214789999685E+002
  0.109925980837246E-027  0.136881213679953E+003  0.758150399041739E+001  0.225531061699752E+002
  0.123428476131990E-027  0.136639529377217E+003  0.452513267318703E+001  0.232933200431428E+002
  0.127329237197091E-027  0.136567325687911E+003  0.809015720460776E+001  0.227012092073335E+002
  0.792507368910070E-027  0.132900499298477E+003  0.850203078517253E+001  0.226719506602969E+002
  0.177309292026790E-026  0.131279966397091E+003  0.195957690735488E+002  0.201737284313136E+002
  0.214792519424744E-026  0.130886437481962E+003  0.229288881483638E+002  0.516134662060815E+001
  0.482664713422943E-026  0.129257162996471E+003  0.227494235528784E+002  0.367010412526177E+000
  0.515008776440523E-026  0.129117464504135E+003  0.169873195239838E+002  0.218726737189212E+002
  0.641004689808539E-026  0.128669783758838E+003  0.226471888784056E+002  0.789161879797390E-001
  0.689775435128536E-026  0.128513150045825E+003  0.216326603155725E+002  0.173805746143951E+002
  0.807597582199686E-026  0.128187779354120E+003  0.226169314753389E+002  0.514201227488642E-001
  0.134856635052128E-025  0.127152337367200E+003  0.212440316888933E+002  0.179098048523101E+002
  0.665228169666518E-025  0.123950526599164E+003  0.227952306489464E+002  0.379943713052716E+001
  0.130001052754381E-024  0.122600556421260E+003  0.682867885313664E+001  0.220584343231082E+002
  0.138618712503156E-024  0.122462212258329E+003  0.221398513760844E+002  0.658772179988528E+001
  0.243624032009929E-024  0.121324438983201E+003  0.438590163907673E+001  0.226126949226132E+002
  0.342584919224824E-024  0.120632677136635E+003  0.223595230156942E+002  0.145570564941726E+002
  0.440635852346612E-024  0.120119303580834E+003  0.219686894711172E+002  0.673794215185770E+001
  0.470591331915372E-024  0.119977785989408E+003  0.199175324883394E+002  0.191074639060604E+002
  0.861817078607928E-024  0.118757704935488E+003  0.221530585524413E+002  0.598306674598000E+001
  0.106669648596146E-023  0.118321172426537E+003  0.688304254440574E+001  0.218222436598773E+002
  0.138164059030800E-023  0.117793787042941E+003  0.141374405670533E+002  0.223174954691392E+002
  0.228540868690609E-023  0.116777265483630E+003  0.165372141326870E+002  0.214560314766940E+002
  0.515752516406674E-023  0.115139466439997E+003  0.215647415182850E+002  0.788381198225060E+001
  0.193282217401954E-022  0.112487272458776E+003  0.219943253645360E+002  0.958622476791248E+001
  0.670685037163031E-022  0.109989000882941E+003  0.168394504562721E+002  0.209327654203321E+002
  0.125476420472246E-021  0.108726219168604E+003  0.844370866142522E+001  0.214501321986903E+002
  0.129828103160648E-021  0.108648057213878E+003  0.220584797618697E+002  0.216296954392992E+001
  0.160621202663388E-021  0.108212407086304E+003  0.219998653069049E+002  0.179971719144380E+001
  0.581029438172652E-021  0.105630926784650E+003  0.217223210737490E+002  0.140815805567020E+002
  0.922870207270153E-021  0.104695577340776E+003  0.297250929834479E+001  0.218954736871234E+002
  0.117031299177106E-020  0.104210526453265E+003  0.173134756427950E+002  0.203188389176099E+002
  0.121152469832005E-020  0.104131334529722E+003  0.213947041028964E+002  0.898396777094302E+001
  0.353004835146452E-020  0.101982495605657E+003  0.210535366780140E+002  0.156388936664823E+002
  0.431913505779569E-020  0.101569033330721E+003  0.201572423075853E+002  0.173154500427070E+002
  0.667415097712530E-020  0.100688684572396E+003  0.644705213394668E+001  0.210571655224728E+002
  0.801156714812955E-020  0.100313420711094E+003  0.210316784252765E+002  0.154594484277037E+002
  0.854862394540754E-020  0.100173677753992E+003  0.146145428439601E+002  0.213039465476507E+002
  0.276292034239922E-019  0.978174967100322E+002  0.205274154545433E+002  0.732444756805573E+001
  0.336769799146183E-019  0.974116392131046E+002  0.215128800658992E+002  0.262273357507533E+001
  0.394776238145595E-019  0.970838251094304E+002  0.206853043406604E+002  0.685759632038181E+001
  0.718993256804116E-019  0.958747843055657E+002  0.114035859891543E+002  0.214204380218589E+002
  0.115688767338592E-018  0.949135359045217E+002  0.212961698817487E+002  0.431161706478790E+001
  0.129879321055285E-018  0.946721564722484E+002  0.195549445240223E+001  0.213170136054284E+002
  0.133030180658037E-018  0.946142407792749E+002  0.203061566113902E+002  0.747101487754006E+001
  0.171445648187851E-018  0.940968851533147E+002  0.546466885725905E+001  0.210137600639238E+002
  0.259181734946169E-018  0.932603836727370E+002  0.212914229463781E+002  0.123942349486135E+002
  0.326666317063863E-018  0.927875891540815E+002  0.501525528478412E+001  0.210527295984179E+002
  0.328465774647420E-018  0.927666272051639E+002  0.183205012702914E+002  0.187855337879832E+002
  0.489455605369801E-018  0.919589298855503E+002  0.219303777400327E+001  0.211942003318297E+002
  0.199538428562966E-017  0.891383584602817E+002  0.702629033200336E+001  0.201351628970359E+002
  0.267813353915816E-017  0.885398164670300E+002  0.153235818626251E+002  0.204094707300705E+002
  0.463231905636111E-017  0.874339663689624E+002  0.271908440234254E+001  0.209766714703395E+002
  0.865126411928665E-017  0.861746956211028E+002  0.709404935376904E+001  0.199177125330503E+002
  0.101300695703024E-016  0.858491150685562E+002  0.115740879381530E+002  0.208821895878540E+002
  0.124030216825934E-016  0.854342761034972E+002  0.190120644714500E+002  0.174305437888096E+002
  0.163422167689407E-016  0.848726777836770E+002  0.808527634911504E+001  0.199236027800703E+002
  0.338862287468677E-016  0.834041887910707E+002  0.442892542606856E+001  0.206364309068191E+002
  0.982522246713160E-016  0.812651553215247E+002  0.201246574059650E+002  0.878401060937684E-001
  0.185966316139810E-015  0.799791249028372E+002  0.187731134463363E+002  0.172277755342352E+002
  0.185464830295006E-015  0.799745504024462E+002  0.202363131304386E+002  0.684125584090695E+000
  0.263937052112895E-015  0.792588845878768E+002  0.994866746580710E+001  0.202629593556442E+002
  0.478667999117463E-015  0.780583162871370E+002  0.178835095664553E+002  0.180554280904836E+002
  0.769745602408817E-015  0.770982355457784E+002  0.474137942396256E+001  0.202031342265054E+002
  0.107180380679366E-014  0.764261839926472E+002  0.159032508874374E+002  0.193767468705940E+002
  0.134336143576344E-014  0.759645449553324E+002  0.191073129576031E+001  0.202464305330094E+002
  0.153001952196086E-014  0.756943588967510E+002  0.132370822015437E+002  0.202091147155968E+002
  0.328033021447539E-014  0.741590566183307E+002  0.201481792677431E+002  0.110041038560651E+002
  0.364519405416499E-014  0.739381505152607E+002  0.201864730800747E+002  0.338129636101700E+001
  0.676475954674834E-014  0.726915412026874E+002  0.468762596984300E+001  0.199416017074059E+002
  0.946836138623723E-014  0.720091078339119E+002  0.193766522420977E+002  0.152893293273127E+002
  0.131608408801727E-013  0.713405528301385E+002  0.507881035209151E+001  0.197617445359478E+002
  0.294340256950551E-013  0.697207667047406E+002  0.197527660942287E+002  0.468551549485331E+001
  0.942596393648289E-013  0.673829881140927E+002  0.138994050111288E+002  0.195498891785406E+002
  0.153796780300588E-012  0.663938549770715E+002  0.142318781684478E+002  0.193917624900108E+002
  0.196335250156473E-012  0.658954968230177E+002  0.192607548968799E+002  0.946968122938604E+001
  0.203619207501057E-012  0.658126658168335E+002  0.144322410366688E+002  0.192885147490302E+002
  0.305651380144490E-012  0.649903036292464E+002  0.194751906621106E+002  0.104711422287217E+002
  0.427864012688323E-012  0.643076080545709E+002  0.420122397000499E+000  0.191328407733921E+002
  0.623043730680137E-012  0.635460103869488E+002  0.173447692402077E+002  0.173108408040847E+002
  0.996286382124735E-012  0.625971992269731E+002  0.191921141320035E+002  0.502392475899691E+001
  0.163673885986970E-010  0.569892013728854E+002  0.168267960583149E+002  0.171881421602317E+002
  0.190280497315073E-010  0.566779796156569E+002  0.675070149424257E+001  0.179864973908365E+002
  0.192173633615696E-010  0.566482044927373E+002  0.183146273603640E+002  0.883783689807024E+001
  0.214586863638531E-010  0.564175987897619E+002  0.166985829594659E+002  0.172503804484276E+002
  0.264777281275171E-010  0.559872748877172E+002  0.107774691048918E+002  0.189078412683469E+002
  0.314483498812452E-010  0.556332146403640E+002  0.508823450734476E+001  0.186706873089585E+002
  0.364722417133283E-010  0.553268296443597E+002  0.183751571637053E+002  0.918756703550700E+001
  0.411070424741801E-010  0.550775985887295E+002  0.175248589111737E+002  0.723789327767011E+001
  0.474304102672032E-010  0.547814552392206E+002  0.826548733568487E+001  0.178363074225957E+002
  0.561979217919893E-010  0.544322477809544E+002  0.153595613320779E+002  0.180308517911995E+002
  0.686399979535126E-010  0.540222814020539E+002  0.171225791130767E+002  0.165833440327753E+002
  0.860190412970275E-010  0.535609198054089E+002  0.100183272984766E+002  0.185467145195270E+002
  0.865092058264250E-010  0.535395804187115E+002  0.142305903230357E+002  0.184644895482894E+002
  0.173874443628596E-009  0.521334401029116E+002  0.183242883350664E+002  0.684315425558263E+000
  0.392032623547536E-009  0.504974418013691E+002  0.186042612699708E+002  0.332673042372196E+001
  0.455273078388246E-009  0.501883620152704E+002  0.371789994859983E+001  0.185496991968733E+002
  0.505489078019151E-009  0.499691288907820E+002  0.159181544182335E+002  0.172766251274950E+002
  0.574051965190191E-009  0.497047668238051E+002  0.185139970962045E+002  0.370582330996950E+001
  0.607963984793705E-009  0.495800002992571E+002  0.852314433315527E+001  0.175423147926016E+002
  0.176808388721051E-008  0.474349531264065E+002  0.445829591138098E+001  0.182075682881231E+002
  0.198576019225947E-008  0.471927672461623E+002  0.651700420572943E+001  0.172961603231734E+002
  0.333472357743423E-008  0.461460162003659E+002  0.849729732101533E+001  0.172060465724341E+002
  0.352273193106511E-008  0.460263470878205E+002  0.170567969268897E+002  0.669894692561257E+001
  0.390377377995413E-008  0.458109581732055E+002  0.103429392632925E+001  0.179306437842440E+002
  0.427755367935968E-008  0.456181079806261E+002  0.179772377044275E+002  0.102346911613290E+002
  0.535334143205420E-008  0.451594535841155E+002  0.172327621693962E+002  0.868288089637542E+001
  0.550118835102236E-008  0.450949921010217E+002  0.181668125733596E+002  0.114605626296521E+002
  0.550026306558987E-008  0.450853534410404E+002  0.224001653482444E+001  0.181427482826625E+002
  0.551685679948790E-008  0.450693536449720E+002  0.179342551652332E+002  0.124513613937504E+001
  0.611264786310058E-008  0.448542750278185E+002  0.742715260621356E+001  0.163950461691912E+002
  0.638604947073462E-008  0.447567883523561E+002  0.147926710042620E+001  0.179724147286472E+002
  0.729745898137385E-008  0.444799925457248E+002  0.167289148677116E+002  0.808163774735964E+001
  0.112099991320622E-007  0.436114575490162E+002  0.176004354363899E+002  0.660735508263992E+000
  0.118230055681512E-007  0.434950002696314E+002  0.146687447265147E+002  0.174404392970406E+002
  0.147725959030177E-007  0.430395720298634E+002  0.812790403198284E+001  0.166129207085154E+002
  0.158346135352880E-007  0.428907480713391E+002  0.178287187064289E+002  0.153631827123596E+001
  0.184020526812688E-007  0.425802451019307E+002  0.172891969202297E+002  0.920174708477212E+001
  0.206902051069837E-007  0.423358736431287E+002  0.179469809069250E+002  0.255855960056828E+001
  0.263060935167939E-007  0.418456181601995E+002  0.179217723202776E+002  0.306171415920196E+001
  0.266452007881621E-007  0.418100261843808E+002  0.172773844270951E+002  0.146804510224005E+002
  0.288658497949596E-007  0.416399507473495E+002  0.535850984092884E+001  0.174132208505259E+002
  0.485985765573608E-007  0.405881056380664E+002  0.164865161615319E+002  0.830049432328595E+001
  0.521944994718607E-007  0.404353648076448E+002  0.159141989202819E+002  0.732692199497565E+001
  0.568805764706926E-007  0.402534361144887E+002  0.772838345151666E+001  0.159336065582029E+002
  0.674359667781891E-007  0.399030118574460E+002  0.132027995276610E+001  0.175051912147372E+002
  0.808503927060570E-007  0.395301929025885E+002  0.172591205705312E+002  0.974225297672681E+001
  0.121812607829621E-006  0.387004509810702E+002  0.880571983397243E+001  0.166607530344057E+002
  0.149180259042473E-006  0.382851328890668E+002  0.168774027805245E+002  0.577878629450214E+001
  0.175423375164878E-006  0.379510638623456E+002  0.835085255110897E+001  0.162262642175841E+002
  0.773670946625143E-006  0.349732001576872E+002  0.799480800888944E+001  0.154900374694322E+002
  0.975306681267346E-006  0.345000144410792E+002  0.159230105267637E+002  0.848775623109675E+001
  0.108122756015320E-005  0.342838386820838E+002  0.168465629422369E+002  0.999494533245936E+001
  0.132371776352705E-005  0.338691691194289E+002  0.169195420627684E+002  0.102991611179900E+002
  0.133599532428063E-005  0.338407294162690E+002  0.889572439388960E+001  0.718903357780470E+001
  0.139407211610384E-005  0.337456493954502E+002  0.171145605646011E+002  0.110986135584946E+002
  0.153551331056158E-005  0.335424029420353E+002  0.148956232950110E+002  0.733489799032717E+001
  0.190030215487144E-005  0.331061315130229E+002  0.128012756012911E+001  0.168346404410305E+002
  0.197015870632638E-005  0.330239540326335E+002  0.978369065003871E+001  0.166192537049540E+002
  0.217457029665930E-005  0.328165449912598E+002  0.161217905150498E+002  0.600881518210574E+001
  0.217215822571211E-005  0.328087895740690E+002  0.141916460631343E+002  0.166077168965193E+002
  0.217542764830530E-005  0.327958064555033E+002  0.161380941467929E+002  0.149828780025730E+002
  0.232930235770706E-005  0.326491442918288E+002  0.732514060498668E+001  0.925325576431212E+001
  0.246762063359530E-005  0.325237980594560E+002  0.737491133654306E+001  0.146779536956540E+002
  0.249221056980346E-005  0.324939915453422E+002  0.767768677438060E+001  0.927874022220124E+001
  0.270732391713910E-005  0.323184353285487E+002  0.168640823618796E+002  0.106271504103312E+002
  0.299357042691991E-005  0.321074479751992E+002  0.165224755579276E+002  0.142091266812022E+002
  0.297939770586656E-005  0.321069641516896E+002  0.734863104712100E+001  0.562257872456388E+001
  0.402495114605644E-005  0.314954058582544E+002  0.157048513049287E+002  0.631588715532011E+001
  0.464270953175688E-005  0.311998600283448E+002  0.114460339620810E+002  0.169110650115458E+002
  0.468894358907409E-005  0.311700666194446E+002  0.167840355574679E+002  0.107717295514505E+002
  0.485525927880684E-005  0.310903811459126E+002  0.127919933990020E+002  0.168671044258678E+002
  0.566469958190037E-005  0.307720233474727E+002  0.744513449654898E+000  0.163486068641736E+002
  0.576984039716931E-005  0.307252671508165E+002  0.740454476747642E+000  0.746902522439154E+001
  0.616324998147330E-005  0.305833724408413E+002  0.658411413224183E+000  0.767561468033527E+001
  0.673367275140236E-005  0.303963643772568E+002  0.120034544750991E+002  0.168602397404152E+002
  0.855209824269248E-005  0.299082774177341E+002  0.154644246362723E+002  0.633641632135034E+001
  0.921017104765900E-005  0.297500388133086E+002  0.910696564957288E+001  0.158217757650141E+002
  0.103941989924331E-004  0.294981848517040E+002  0.120771260371164E+002  0.167663208365106E+002
  0.110137510151548E-004  0.293724163226131E+002  0.295869617107084E+000  0.159096896405445E+002
  0.110329500697394E-004  0.293589578958719E+002  0.147870461500511E+002  0.814997894125095E+001
  0.118615738058632E-004  0.292041471584991E+002  0.495847358210041E+001  0.737868154252996E+001
  0.121013318721878E-004  0.291541492050339E+002  0.902981051789799E+001  0.668225147970776E+001
  0.133133514970823E-004  0.289532703519729E+002  0.163628909015215E+002  0.122685837456602E+001
  0.167318870364533E-004  0.284861974718241E+002  0.126003673117222E+001  0.759814717533437E+001
  0.172289796870631E-004  0.284176693301159E+002  0.165607650457139E+002  0.129179702709581E+002
  0.175851941547500E-004  0.283667652966097E+002  0.512729866136190E+001  0.714054949689991E+001
  0.226714543007891E-004  0.278486916004635E+002  0.544254627900451E+001  0.688797211676608E+001
  0.228402741946421E-004  0.278238789646849E+002  0.997935090886093E+001  0.712736587919537E+001
  0.296900994967220E-004  0.272893273812203E+002  0.374315990474439E-002  0.153966675168252E+002
  0.296113972515809E-004  0.272846609191042E+002  0.103479439919379E+002  0.723815906965714E+001
  0.303226417754227E-004  0.272272151215392E+002  0.892167597735004E+000  0.799590768066065E+001
  0.335551858719856E-004  0.270146465662309E+002  0.121805880991322E+001  0.161309696260994E+002
  0.335658804926090E-004  0.270040341500261E+002  0.143383522037972E+002  0.815719996097357E+001
  0.342576356179060E-004  0.269532602908019E+002  0.637868657801866E+001  0.596030402815822E+001
  0.351975912347724E-004  0.268891488641361E+002  0.163329782208919E+002  0.131575951329654E+002
  0.368876100767497E-004  0.267853776312080E+002  0.934330171175810E+001  0.155990151224622E+002
  0.380567146976720E-004  0.267129989187342E+002  0.387123391921187E+001  0.163794438308079E+002
  0.400923037011602E-004  0.265988101374539E+002  0.851281237439919E+000  0.690083016408206E+001
  0.409498237843560E-004  0.265465088167133E+002  0.673617409466798E+001  0.588536431877567E+000
  0.512790992948988E-004  0.260866622518780E+002  0.163012988793927E+002  0.129005931892179E+002
  0.627735945463976E-004  0.256721846327763E+002  0.883651515261255E+001  0.149816334592070E+002
  0.667482683940877E-004  0.255394218712815E+002  0.653606913169547E+001  0.949768980012101E+001
  0.688903841017932E-004  0.254662702884823E+002  0.880971892090927E+001  0.591787102575436E+001
  0.718218249457018E-004  0.253729516188655E+002  0.794794545731049E+001  0.134881422138956E+002
  0.764608541113806E-004  0.252377955349769E+002  0.770552628545313E+001  0.244052582097305E+001
  0.822638145383278E-004  0.250815155828478E+002  0.694060810008908E+001  0.103291685787017E+002
  0.907289914076290E-004  0.248756492733269E+002  0.832150156213667E+001  0.141380146137138E+002
  0.960935064547665E-004  0.247507845977471E+002  0.824245065834186E+001  0.139646094425321E+002
  0.961787101322496E-004  0.247390369511259E+002  0.722325044508469E+001  0.114633809624091E+002
  0.101628196018874E-003  0.246188358846420E+002  0.753302193310478E+000  0.842267450546812E+001
  0.111069535166296E-003  0.244311899384104E+002  0.781050849138842E+001  0.115271175864759E+002
  0.110662852938314E-003  0.244285513151176E+002  0.122396949410386E+002  0.721201830759862E+001
  0.116775477072894E-003  0.243110464850382E+002  0.124607361668895E+002  0.161622525824379E+002
  0.125057156596689E-003  0.241640358144458E+002  0.166353749588771E+001  0.695194212853787E+001
  0.128176854081141E-003  0.241047805369642E+002  0.673019194238628E+001  0.115122069331751E+001
  0.129216014058540E-003  0.240786563565587E+002  0.636492141032166E+001  0.955426670530276E+001
  0.132918496733598E-003  0.240121800687852E+002  0.161075440829121E+002  0.360484672948706E+001
  0.149453872647521E-003  0.237677016513778E+002  0.538787196978232E+001  0.636027040423772E+001
  0.158818526075731E-003  0.236361777605630E+002  0.482044176484621E+001  0.668089722085870E+001
  0.180578712302117E-003  0.233693935635403E+002  0.794234739258321E+001  0.115908400294000E+002
  0.181575172656915E-003  0.233484125196733E+002  0.704630039638303E+001  0.251536990885145E+001
  0.184102434384110E-003  0.233107922987774E+002  0.707098535172761E+001  0.307141463373187E+001
  0.184400251761260E-003  0.232975844855399E+002  0.154616575141661E+002  0.869251391972746E+000
  0.194680732324992E-003  0.231791048620723E+002  0.150343411369585E+002  0.931719237086551E+001
  0.206175311889794E-003  0.230543980014156E+002  0.835923600142142E+001  0.473945087701917E+001
  0.220387595494171E-003  0.229111010015001E+002  0.109657353517688E+001  0.653751219019455E+001
  0.233451500132708E-003  0.227859528116470E+002  0.100622502933495E+002  0.849901359875549E+001
  0.240008583248310E-003  0.227205770507977E+002  0.200456022141432E+001  0.158672024240347E+002
  0.241371226940975E-003  0.226992791220442E+002  0.805326074750864E+001  0.126015116757003E+002
  0.260428005379930E-003  0.225373233530407E+002  0.100808448040839E+002  0.647562120523350E+001
  0.263127596478287E-003  0.225067230297279E+002  0.804649780940879E+001  0.116584028213531E+002
  0.300585277016305E-003  0.222305630962549E+002  0.813802173330811E+001  0.374004731075307E+001
  0.389111652171752E-003  0.217043183561359E+002  0.879659199146760E+001  0.141605764234769E+002
  0.417127806435058E-003  0.215552905949551E+002  0.139688261306064E+002  0.153022101921061E+002
  0.421265027645496E-003  0.215255765321851E+002  0.666291030286250E+001  0.415555685592919E+001
  0.440562743217071E-003  0.214260200159068E+002  0.843687779748270E+001  0.133986399262511E+002
  0.439734935244410E-003  0.214198064251023E+002  0.148701290708766E+001  0.848481333051339E+001
  0.439092838200505E-003  0.214127538585394E+002  0.125400220761162E+002  0.678814017464115E+001
  0.438508685431647E-003  0.214054412725135E+002  0.595013398180935E+001  0.543469308531799E+001
  0.516451684430467E-003  0.210682619470009E+002  0.798607594044374E-001  0.540138015847684E+001
  0.522589417515086E-003  0.210346581375902E+002  0.157668618801274E+002  0.117335650096439E+002
  0.523788141180761E-003  0.210201006772795E+002  0.111030206653283E+001  0.873277630635691E+001
  0.538802342788278E-003  0.209536025925685E+002  0.154614985071827E+002  0.134822984071343E+002
  0.586895155086342E-003  0.207726327100428E+002  0.545107342139567E+001  0.582673845263086E+001
  0.598949592954113E-003  0.207219951267406E+002  0.866109744792227E+001  0.132687099488704E+001
  0.609334753502344E-003  0.206776393408018E+002  0.852760708944080E+001  0.106413619998278E+002
  0.610672463131093E-003  0.206632783487568E+002  0.355419140967255E+001  0.156853396208022E+002
  0.613132188698986E-003  0.206452636529537E+002  0.152000287528854E+001  0.154176673410752E+002
  0.628464079128425E-003  0.205858919336860E+002  0.221114601059216E+001  0.663180221092591E+001
  0.653802323175330E-003  0.204968645015336E+002  0.117138597469208E+002  0.830649569738757E+001
  0.682665086748968E-003  0.204004907474521E+002  0.876665214080095E+001  0.478088535653936E+001
  0.684566725334291E-003  0.203849521899854E+002  0.910440834387621E+001  0.713937858928243E+000
  0.695171946227208E-003  0.203442309085024E+002  0.256233102014480E+001  0.665776918982165E+001
  0.835921612969871E-003  0.199655045761010E+002  0.841553634555654E+001  0.241414117175434E+001
  0.869234996589918E-003  0.198773721605546E+002  0.110841287225148E+002  0.155020179688409E+002
  0.896123177961673E-003  0.198064683407943E+002  0.658397014571903E+001  0.115667221708512E+002
  0.940988921995510E-003  0.196987862817738E+002  0.646612093714012E+001  0.204577163862019E+001
  0.941715353147572E-003  0.196872678205426E+002  0.491841488314854E+001  0.603850850335113E+001
  0.997827986560074E-003  0.195615370429878E+002  0.939435105294957E+001  0.544902196728696E+001
  0.102692961058597E-002  0.194940664291355E+002  0.889835575337587E+001  0.123947333688696E+001
  0.103128594424003E-002  0.194756250994191E+002  0.146659930186629E+002  0.963490291460207E+001
  0.104798490156504E-002  0.194335246847740E+002  0.897028371166373E+001  0.101345441923836E+002
  0.106995542047893E-002  0.193820539905308E+002  0.114644667168743E+002  0.651014335571900E+001
  0.109364507663718E-002  0.193282804282001E+002  0.149290061609900E+002  0.499368533822536E+001
  0.110634335062297E-002  0.192952171964433E+002  0.353377276058622E+001  0.649801717639234E+001
  0.116649706537032E-002  0.191793521170288E+002  0.877724953262711E+001  0.442085530198014E+001
  0.120550136826926E-002  0.191035965201253E+002  0.141402387482560E+002  0.147836221925832E+002
  0.120075015754774E-002  0.191015195588834E+002  0.967887486952204E+001  0.146342884398047E+002
  0.135335802526680E-002  0.188522596013022E+002  0.142849326482514E+002  0.381427815638919E+000
  0.138790382103033E-002  0.187918732454245E+002  0.641705415127917E+001  0.241578338237661E+001
  0.139523353676172E-002  0.187713636731045E+002  0.864364510512122E+001  0.385550636110117E+001
  0.144460433309670E-002  0.186918412800497E+002  0.444964999194626E+001  0.613304056004185E+001
  0.145838864930740E-002  0.186628728065626E+002  0.114913119108511E+002  0.858975115749298E+001
  0.151033155103822E-002  0.185829036523944E+002  0.860274738844275E+001  0.114830337223571E+002
  0.174328999041653E-002  0.182860387092582E+002  0.558031586450817E+001  0.979691427676111E+001
  0.186419549112011E-002  0.181419527042988E+002  0.863034572691551E+001  0.311417985739859E+001
  0.195643046922073E-002  0.180353935498496E+002  0.150434439518254E+002  0.105863450377122E+002
  0.197038956913331E-002  0.180111991661460E+002  0.611621614804793E+001  0.107646936497497E+002
  0.199719399583246E-002  0.179742002444872E+002  0.867969985812389E+001  0.124188485162918E+002
  0.207641609088347E-002  0.178864247994495E+002  0.151253080426012E+002  0.415950520859303E+001
  0.221593415749882E-002  0.177463883528903E+002  0.595680919714433E+001  0.105069335333463E+002
  0.222564998358532E-002  0.177276633812927E+002  0.562374581032894E+001  0.982774358854045E+000
  0.237717672182750E-002  0.175859592346986E+002  0.484318776753153E+001  0.927709783405506E+001
  0.257330787229605E-002  0.174174268538030E+002  0.152094249572936E+002  0.358531716851341E+001
  0.257689245458602E-002  0.174046677370414E+002  0.145779718903703E+002  0.100039272156855E+002
  0.261603383335347E-002  0.173645423165263E+002  0.344186536869376E+001  0.877588836879477E+001
  0.261992202515121E-002  0.173515968551301E+002  0.446542474755327E+001  0.590339563342970E+001
  0.265370228519523E-002  0.173159993765218E+002  0.454404422107609E+001  0.585613470647067E+001
  0.266796178782156E-002  0.172953061898707E+002  0.497056689306738E+001  0.145763831626002E+002
  0.277035577489742E-002  0.172100092168531E+002  0.146647516139295E+002  0.117388775170703E+001
  0.282513177664856E-002  0.171608756146932E+002  0.950290134812828E+001  0.503738848973748E+001
  0.289261308991978E-002  0.171036899979745E+002  0.132124963593086E+002  0.235725328692216E-001
  0.302332659147940E-002  0.170053199778410E+002  0.100546800806427E+002  0.145390211263107E+002
  0.303837913372822E-002  0.169854119987852E+002  0.111164413578073E+002  0.892911752026490E+001
  0.309328020635447E-002  0.169396211362032E+002  0.138543490761722E+002  0.940643322795426E+001
  0.314792678204276E-002  0.168946220763636E+002  0.100404560247609E+002  0.550607011241220E+001
  0.328241104393349E-002  0.168009786833219E+002  0.600157750793875E+001  0.400850970185374E+001
  0.330988383345936E-002  0.167743338674792E+002  0.136359581976474E+002  0.570620633513778E+001
  0.329910488565340E-002  0.167708826009267E+002  0.893265234185719E+001  0.112332902359601E+002
  0.333265471846653E-002  0.167406714894385E+002  0.604392008402384E+001  0.216285964547991E+001
  0.336053987702764E-002  0.167140315271867E+002  0.101413704864174E+002  0.945341291228841E+001
  0.347116251839640E-002  0.166392806065479E+002  0.506271939783628E+001  0.536855381883480E+001
  0.349019288289348E-002  0.166183706346680E+002  0.130904144757886E+002  0.149419287544248E+002
  0.353474938285470E-002  0.165830247538376E+002  0.534811409833916E+001  0.927570789330898E+000
  0.352812335340064E-002  0.165768022693093E+002  0.550017914410657E+001  0.101154617441492E+002
  0.352180862294581E-002  0.165704100476055E+002  0.582033651369651E+000  0.498731645070712E+001
  0.356038108046206E-002  0.165386491381462E+002  0.654744299203991E-001  0.192632094779320E+001
  0.383643850373240E-002  0.163793202970532E+002  0.184207669701072E+001  0.125263175193228E+000
  0.391177735778643E-002  0.163304504646759E+002  0.890926319856120E+001  0.119418572107804E+002
  0.394602972993976E-002  0.163030391739600E+002  0.136562694401590E+002  0.560487786360315E+001
  0.405270112545965E-002  0.162397167677397E+002  0.124314257989890E+002  0.895382689383010E+001
  0.423941041806606E-002  0.161396604769885E+002  0.132492259500300E+002  0.147936844655782E+002
  0.427384696141988E-002  0.161135051096675E+002  0.605593476497796E+001  0.119812850747346E+002
  0.254209127674614E-001  0.128783183427463E+002  0.584446971453371E+001  0.194569599766933E+001
  0.251453445096854E-001  0.128437753930484E+002  0.573793688589619E+001  0.429295132481577E+001
  0.251789777371140E-001  0.127847603208518E+002  0.594091619556016E+000  0.117774561245074E+001
  0.273280791948166E-001  0.125646079950084E+002  0.597674548765993E+001  0.316686038480591E+001
  0.270007153597790E-001  0.125323689512325E+002  0.193674383124821E+001  0.577958657271070E+001
  0.334177299624334E-001  0.120495807255450E+002  0.506609125333851E+001  0.973896960611876E+000
  0.332054763200062E-001  0.120059825408506E+002  0.574639380990320E+001  0.211256001401543E+001
  0.336673256096714E-001  0.119220148092601E+002  0.140611813199103E+001  0.611318089976474E+000
  0.342346137280141E-001  0.118885959512448E+002  0.543017398495276E+000  0.152484634212934E+001
  0.353026236445504E-001  0.115527535965542E+002  0.445978818306845E+001  0.539708530018756E+001
  0.385456920787297E-001  0.113769794776564E+002  0.547551894489780E+001  0.174579454524931E+001
  0.396199617287434E-001  0.112167145497306E+002  0.492608121285898E+001  0.104266211947002E+001
  0.447913016205735E-001  0.109194018069193E+002  0.210162517868660E+001  0.462960316721336E+000
  0.447154211556453E-001  0.108708418859021E+002  0.182586797541247E+001  0.588257529933723E+000
  0.470901522282287E-001  0.107673509608246E+002  0.205338714472492E+001  0.548908034379019E+001
  0.525821800274135E-001  0.105467241955514E+002  0.533138167527049E+001  0.180182240313722E+001
  0.534992291775732E-001  0.105121442629368E+002  0.821194257914991E+000  0.155459498119888E+001
  0.580806602980035E-001  0.102366735739934E+002  0.191490726205050E+001  0.532023559089692E+001
  0.602951748486937E-001  0.980647253507998E+001  0.389504894550673E+001  0.691406101669547E+000
  0.670734021698816E-001  0.954634055417026E+001  0.542045476196658E+001  0.310947685377345E+001
  0.689620841783841E-001  0.935281626235634E+001  0.371096599800956E+001  0.527411290027573E+001
  0.722539093913215E-001  0.921461137895624E+001  0.172791007792781E+001  0.498006173554834E+001
  0.743932686049555E-001  0.915625332444646E+001  0.453650701245643E+001  0.123374820812399E+001
  0.756886538406622E-001  0.912172771646793E+001  0.406349025110295E+001  0.922751322191226E+000
  0.763542110683196E-001  0.905715688376807E+001  0.150359398752765E+001  0.477261721666853E+001
  0.899086708290787E-001  0.868327348574120E+001  0.400304715357513E+001  0.999646091156022E+000
  0.927911205224717E-001  0.862016035643962E+001  0.385966365238674E+001  0.949296552793156E+000
  0.936972876718904E-001  0.850546767706482E+001  0.472771423190605E+001  0.164179637861453E+001
  0.100684949411571E+000  0.836161350306385E+001  0.326207280200170E+001  0.514876178716649E+001
  0.120990910221687E+000  0.789891922158049E+001  0.121385235304951E+001  0.198371181643442E+001
  0.129468272945863E+000  0.767043832245895E+001  0.221433427184049E+001  0.116222592432153E+001
  0.129945638208477E+000  0.766307764084690E+001  0.100361828079990E+001  0.304223196978405E+001
  0.137102860082594E+000  0.755584713631344E+001  0.385976132497091E+001  0.477225942446997E+001
  0.134472964765994E+000  0.749932758685182E+001  0.233252331953970E+001  0.116205322844354E+001
  0.142977886283370E+000  0.737667397975910E+001  0.213612712565223E+001  0.471890764845977E+001
  0.145185202596654E+000  0.734603356020022E+001  0.480983937181783E+001  0.362829998858879E+001
  0.149252979172811E+000  0.724138328237097E+001  0.488634791507494E+001  0.291443895181591E+001
  0.150415719254540E+000  0.722586286368294E+001  0.482978325205305E+001  0.344944630540648E+001
  0.163265478680291E+000  0.701127793352795E+001  0.276200291840591E+001  0.118923187849411E+001
  0.168896318012551E+000  0.689282742895680E+001  0.206497229923107E+001  0.453061964411079E+001
  0.172815089943454E+000  0.684695311925670E+001  0.478060373515775E+001  0.297451814709935E+001
  0.174284674579358E+000  0.683001743024267E+001  0.233075065469471E+001  0.135489556221119E+001
  0.171362303066761E+000  0.675854991644127E+001  0.171520945524030E+001  0.419670758321275E+001
  0.172443807659897E+000  0.674596714811121E+001  0.143075650472323E+001  0.377954337135536E+001
  0.173278122352019E+000  0.673631411497299E+001  0.235612749436745E+001  0.462664937176286E+001
  0.173492078248171E+000  0.667904818148234E+001  0.441054564746909E+001  0.199319563714129E+001
  0.175281436696155E+000  0.665852627748462E+001  0.156067619756402E+001  0.204547439195841E+001
  0.176393530517854E+000  0.664587712548487E+001  0.147376380295306E+001  0.219954633894905E+001
  0.181867296458785E+000  0.658475749957074E+001  0.244473245935236E+001  0.461266280575498E+001
  0.202226514287824E+000  0.631282928082886E+001  0.176103633187403E+001  0.404978291902377E+001
  0.193686725922312E+000  0.622509930284663E+001  0.311324056432501E+001  0.459264614545352E+001
  0.195209194565763E+000  0.615309807457967E+001  0.368607761272042E+001  0.441655972379798E+001
  0.193506211290358E+000  0.605948270133296E+001  0.153006734693777E+001  0.252774311653963E+001
  0.195092044656185E+000  0.604315898247902E+001  0.147030043493083E+001  0.316560220495971E+001
  0.198016316933346E+000  0.601340305251903E+001  0.372942192273275E+001  0.165627659902151E+001
  0.199306538337786E+000  0.600041385824111E+001  0.319115454165858E+001  0.451265318782262E+001
  0.198478760610958E+000  0.577991703234757E+001  0.330295994180324E+001  0.158141684304675E+001
  0.200409101277282E+000  0.570576170642459E+001  0.206324605716894E+001  0.192645464735002E+001
  0.200140146293221E+000  0.565364962028490E+001  0.170277588789661E+001  0.354323575954071E+001
  0.201391574424395E+000  0.564118303676475E+001  0.392779305895399E+001  0.194898670621972E+001
  0.206854473259303E+000  0.558765428893256E+001  0.309926795286137E+001  0.437914684847185E+001
  0.200951809136290E+000  0.558758000422680E+001  0.417691318314386E+001  0.227425815144053E+001
  0.193305213862991E+000  0.555085270657571E+001  0.320100581291805E+001  0.164549077635840E+001
  0.194154694507135E+000  0.554208295273142E+001  0.179479234514054E+001  0.364327546866090E+001
  0.193466779108346E+000  0.543486496933992E+001  0.173153236299422E+001  0.261257169645184E+001
  0.187198205347376E+000  0.533626444558169E+001  0.190109592914601E+001  0.367299342925732E+001
  0.180236144641715E+000  0.525614150548168E+001  0.285014102285214E+001  0.424817052506121E+001
  0.181527140450146E+000  0.524186696362545E+001  0.181464693069626E+001  0.259868848521511E+001
  0.182048240517980E+000  0.523613389750563E+001  0.177508018714782E+001  0.275515062432364E+001
  0.178522475899407E+000  0.522191180544217E+001  0.257581617783788E+001  0.416885660268469E+001
  0.182593171892444E+000  0.507153220853607E+001  0.411239712571366E+001  0.260206695233810E+001
  0.172827386152169E+000  0.493423878694969E+001  0.209991654600101E+001  0.366957779978749E+001
  0.174476145970476E+000  0.491524937795130E+001  0.397704703401982E+001  0.353373620679669E+001
  0.174615011398909E+000  0.486546310947345E+001  0.208745054790691E+001  0.359746336635760E+001
  0.171431290621650E+000  0.485407014050322E+001  0.334685049051518E+001  0.197140350724207E+001
  0.164718325584695E+000  0.483870534474142E+001  0.236427563702714E+001  0.387109456791182E+001
  0.162974589249044E+000  0.481292955586082E+001  0.271898833404789E+001  0.197130769097803E+001
  0.166320518598700E+000  0.467924459029835E+001  0.231559807862305E+001  0.226850531957149E+001
  0.164540328579060E+000  0.465478767970575E+001  0.246318691077416E+001  0.383118304489618E+001
  0.154379156512038E+000  0.464739325191506E+001  0.218303441322954E+001  0.355154904508047E+001
  0.151704039460829E+000  0.463839567415507E+001  0.354054064856178E+001  0.381881459964317E+001
  0.154303466558141E+000  0.460441625112787E+001  0.278342623293117E+001  0.393901965992562E+001
  0.151931089636192E+000  0.459045886957763E+001  0.395283442527499E+001  0.291746943130057E+001
  0.152621700110809E+000  0.458138836775854E+001  0.206910079866843E+001  0.280236166389060E+001
  0.153239360058122E+000  0.457331070286606E+001  0.269238094294466E+001  0.210393801230956E+001
  0.153526293718994E+000  0.456956929647304E+001  0.391961402425694E+001  0.278062541158028E+001
  0.154347816185105E+000  0.455889578558668E+001  0.390396685962395E+001  0.274312343534369E+001
  0.154606629397855E+000  0.455554495795509E+001  0.211130277200842E+001  0.330001343652656E+001
  0.155482043336905E+000  0.454425249432516E+001  0.386438450473873E+001  0.334833574245843E+001
  0.151919232572887E+000  0.453866398761512E+001  0.352223060986433E+001  0.376823501932493E+001
  0.153611812999500E+000  0.451650456694477E+001  0.219534475416902E+001  0.256036336653690E+001
  0.153703942460886E+000  0.451530541639672E+001  0.226266736517496E+001  0.354395943709067E+001
  0.154192965080023E+000  0.450895234147635E+001  0.305514848143298E+001  0.391112943847365E+001
  0.151866959912969E+000  0.448301051592399E+001  0.312214821693801E+001  0.389013268460617E+001
  0.152307813896715E+000  0.447721313454472E+001  0.387878918657143E+001  0.317084661919740E+001
  0.145452801065531E+000  0.445500015057558E+001  0.229004253959405E+001  0.247539879701737E+001
  0.137369246665711E+000  0.435293120397656E+001  0.368631260650812E+001  0.345403973097725E+001
  0.134039089404328E+000  0.435006235508714E+001  0.249831036405776E+001  0.234991098189818E+001
  0.131530131743300E+000  0.433590239284457E+001  0.373150054655384E+001  0.264636853870546E+001
  0.125705565167007E+000  0.432390295623089E+001  0.339365264220594E+001  0.229772767340833E+001
  0.125725979757492E+000  0.432357818249520E+001  0.373328410159482E+001  0.266815895970390E+001
  0.118758834930860E+000  0.428562623918732E+001  0.362445729166497E+001  0.253103817079096E+001
  0.111048052390234E+000  0.427524857105256E+001  0.231304428931350E+001  0.335719223086327E+001
  0.111399384247458E+000  0.426893099500556E+001  0.374236326748824E+001  0.279488139706242E+001
  0.107513754619775E+000  0.424468091851115E+001  0.312963507744101E+001  0.225695119111237E+001
  0.105408369741741E+000  0.423717341782134E+001  0.325297628990605E+001  0.229471829617662E+001
  0.100061450950450E+000  0.420330274586743E+001  0.348242249206141E+001  0.354297067342721E+001
  0.980301756714183E-001  0.419937535510330E+001  0.297528652718323E+001  0.227680537436597E+001
  0.963607775187423E-001  0.418878184275842E+001  0.360573887373255E+001  0.261775907232617E+001
  0.930005617261981E-001  0.417086574443208E+001  0.366533581386712E+001  0.277100247512436E+001
  0.926589843424349E-001  0.413426715978501E+001  0.232355258052403E+001  0.296947270646415E+001
  0.887795182492183E-001  0.409073000902750E+001  0.312679202061070E+001  0.363158503759848E+001
  0.888726027599687E-001  0.408863412593328E+001  0.314695581743875E+001  0.237447303748320E+001
  0.891900599992038E-001  0.408150275834247E+001  0.308812082214529E+001  0.363085921268395E+001
  0.874145029072822E-001  0.407776172958575E+001  0.362641534549287E+001  0.309803780749342E+001
  0.855564196909971E-001  0.407677425275784E+001  0.274319679940226E+001  0.242114575573647E+001
  0.837586050265774E-001  0.407529069078384E+001  0.292140170137888E+001  0.362718327896957E+001
  0.838314604389330E-001  0.407355179494314E+001  0.238287315019489E+001  0.286979971822583E+001
  0.842796852922720E-001  0.406288680509934E+001  0.241075684838892E+001  0.319981286385037E+001
  0.842829247449311E-001  0.406280993270970E+001  0.362210350188692E+001  0.300655994139017E+001
  0.776927013709538E-001  0.404370231937496E+001  0.360620683505375E+001  0.302148161284406E+001
  0.731080352858528E-001  0.403627135103173E+001  0.354365678341085E+001  0.325486176658026E+001
  0.690805609650937E-001  0.402585036116866E+001  0.266093104669958E+001  0.251509952231646E+001
  0.656289133247235E-001  0.400951756624823E+001  0.293055950993512E+001  0.357353417663561E+001
  0.657143925036176E-001  0.400691433678257E+001  0.296621243438256E+001  0.242552754254575E+001
  0.658483515495938E-001  0.400284147882465E+001  0.350912024136094E+001  0.326054543911290E+001
  0.646702249548583E-001  0.399854306519760E+001  0.270265818468845E+001  0.251587524619563E+001
  0.635075865432021E-001  0.399442069470842E+001  0.334895366509480E+001  0.344373179005637E+001
  0.636013787141603E-001  0.399146914246217E+001  0.339988369449548E+001  0.339472527220857E+001
  0.611526190548244E-001  0.398835006699248E+001  0.348219657074589E+001  0.328298834134057E+001
  0.611633992848602E-001  0.398799753000803E+001  0.258397119070311E+001  0.337304614597172E+001
  0.612766135691354E-001  0.398429892482492E+001  0.295813112394917E+001  0.355388788506743E+001
  0.614536418547584E-001  0.397852925025577E+001  0.323743090866934E+001  0.349638863911811E+001
  0.616821253042260E-001  0.397110707822679E+001  0.353893703782265E+001  0.306999867620930E+001
  0.604523686176431E-001  0.396742611723610E+001  0.272532667488718E+001  0.253499833453108E+001
  0.593787127459377E-001  0.395930824084449E+001  0.270824411048553E+001  0.255454224784002E+001
  0.581622045516975E-001  0.395675053421535E+001  0.348086879104796E+001  0.322307309831698E+001
  0.583264252112917E-001  0.395111150253578E+001  0.276733362568498E+001  0.252965573461538E+001
  0.584033988428458E-001  0.394847383411352E+001  0.261608513087160E+001  0.264598153359330E+001
  0.586884492852909E-001  0.393873614493667E+001  0.252609511579643E+001  0.280405058600245E+001
  0.587139272717266E-001  0.393786808800007E+001  0.262278647870439E+001  0.334615591072976E+001
  0.575489263964563E-001  0.392975594626478E+001  0.350322448092415E+001  0.297230640426535E+001
  0.576264530987750E-001  0.392706347103727E+001  0.302948223912484E+001  0.350043994224559E+001
  0.564160579594906E-001  0.392013401363553E+001  0.339365446905877E+001  0.270097485087891E+001
  0.565893854439419E-001  0.391399881819181E+001  0.326678062240117E+001  0.340874537903732E+001
  0.566023463448996E-001  0.391354080237000E+001  0.256384082680505E+001  0.321806385576066E+001
  0.530790825005925E-001  0.389010401863586E+001  0.345966844671663E+001  0.305527028958035E+001
  0.518141078202402E-001  0.388895971379394E+001  0.333729580078522E+001  0.268466347539825E+001
  0.476384172325364E-001  0.386638524116476E+001  0.342662984841854E+001  0.309283361882661E+001
  0.476554847853660E-001  0.386566882373822E+001  0.338373091146247E+001  0.320655575157259E+001
  0.456399388370493E-001  0.385905788101708E+001  0.335307023476469E+001  0.275783237722273E+001
  0.428584662572730E-001  0.384993528025649E+001  0.265724759747219E+001  0.276187831262312E+001
  0.428589307715123E-001  0.384991360371215E+001  0.320874947754825E+001  0.263863712626115E+001
  0.421069222698498E-001  0.384037167420516E+001  0.304983978988432E+001  0.259734191088374E+001
  0.421299650812651E-001  0.383927748315824E+001  0.264813475437866E+001  0.280071578270373E+001
  0.422792640126118E-001  0.383220247069135E+001  0.325278341496934E+001  0.269578152096052E+001
  0.404615835488539E-001  0.382705000700191E+001  0.261388279408347E+001  0.304700401555645E+001
  0.405076429709323E-001  0.382477460292427E+001  0.264529317114661E+001  0.315232706808167E+001
  0.405609100291888E-001  0.382214635490696E+001  0.310657446599695E+001  0.263253013009807E+001
  0.406644083381854E-001  0.381704950249243E+001  0.310347673024294E+001  0.263863047171632E+001
  0.407026016211743E-001  0.381517192159998E+001  0.337284279879137E+001  0.297984966077944E+001
  0.407488021264137E-001  0.381290305903562E+001  0.336021527779526E+001  0.308598767272007E+001
  0.407579146118509E-001  0.381245585734036E+001  0.276128559699648E+001  0.328234227157892E+001
  0.408428745423057E-001  0.380829119363870E+001  0.333565586268469E+001  0.314096880032620E+001
  0.410092101340692E-001  0.380016258841674E+001  0.273123127714381E+001  0.277158846523807E+001
  0.378275876018385E-001  0.379720241539951E+001  0.310408518487055E+001  0.266741233205171E+001
  0.359651198535410E-001  0.379289313112134E+001  0.334056837684583E+001  0.296605623775642E+001
  0.351036526751392E-001  0.378943093019981E+001  0.296146620262305E+001  0.266504934118465E+001
  0.342624792454508E-001  0.378598862539064E+001  0.283157440829956E+001  0.271387535472751E+001
  0.317769781043006E-001  0.378463438595587E+001  0.321423066980416E+001  0.325096906831808E+001
  0.310396604913053E-001  0.378220178305899E+001  0.276893099311596E+001  0.323033619840990E+001
  0.303315821076935E-001  0.377896910589095E+001  0.318147953571751E+001  0.273489596157732E+001
  0.303359653835645E-001  0.377868010288621E+001  0.268626373922927E+001  0.293295129572377E+001
  0.303366487335348E-001  0.377863505126085E+001  0.279355584135186E+001  0.324548264256810E+001
  0.303860029591614E-001  0.377538392601393E+001  0.326643747500258E+001  0.316923612235420E+001
  0.295943130460626E-001  0.377484714656594E+001  0.296539245649320E+001  0.331288229684608E+001
  0.288726928350690E-001  0.377088255683209E+001  0.289322006576518E+001  0.328935526547517E+001
  0.289077904360563E-001  0.376845283639246E+001  0.277424680164061E+001  0.279571050686765E+001
  0.281292276756095E-001  0.376825880295742E+001  0.308570468594979E+001  0.270817920405670E+001
  0.273898973589172E-001  0.376673071599655E+001  0.273214496629603E+001  0.313867322775976E+001
  0.259629515630533E-001  0.376560358131352E+001  0.298620939742856E+001  0.329943157444656E+001
  0.259759212975939E-001  0.376460473523960E+001  0.275375386401381E+001  0.316796857721842E+001
  0.240137535595263E-001  0.376160586748134E+001  0.311484448092875E+001  0.326955978903178E+001
  0.240148353964371E-001  0.376151576806893E+001  0.283557737937874E+001  0.275766379329890E+001
  0.240274222563261E-001  0.376046778566410E+001  0.299325491625082E+001  0.329097793162134E+001
  0.227739363571110E-001  0.375949140763320E+001  0.316258011569234E+001  0.323938458763249E+001
  0.221930621792792E-001  0.375782894197775E+001  0.313640847422560E+001  0.274807235697822E+001
  0.216374644074105E-001  0.375519934788706E+001  0.304350203451755E+001  0.327848301215909E+001
  0.191943618733006E-001  0.374131532075789E+001  0.274423984107921E+001  0.301216260860227E+001
  0.179169225629178E-001  0.373782203164604E+001  0.289949409010964E+001  0.277203846617364E+001
  0.175109466817211E-001  0.373768189675443E+001  0.283898004761238E+001  0.281026244739424E+001
  0.175155774181026E-001  0.373715307049747E+001  0.275713591960484E+001  0.304915258012141E+001
  0.167305902204268E-001  0.373581669848268E+001  0.278304074486294E+001  0.288602084719405E+001
  0.167362759186161E-001  0.373513713700592E+001  0.297236940626386E+001  0.324211475476933E+001
  0.159897381930798E-001  0.373335994720317E+001  0.311647836238447E+001  0.279014622833814E+001
  0.156566548642619E-001  0.372948310275721E+001  0.313642126906991E+001  0.281260147470198E+001
  0.146583727065071E-001  0.372636928022956E+001  0.283668114383902E+001  0.315473234514199E+001
  0.137589706766860E-001  0.372393356551226E+001  0.301235114639364E+001  0.278084963637646E+001
  0.132023135958966E-001  0.372318604787793E+001  0.320290978125800E+001  0.292088277223593E+001
  0.129359168324053E-001  0.372271626058189E+001  0.285040801098008E+001  0.315679401960617E+001
  0.126731036536200E-001  0.372252922205272E+001  0.305810496389162E+001  0.279167596776852E+001
  0.126814556796026E-001  0.372121158506681E+001  0.320960696689111E+001  0.296098241833697E+001
  0.121754762165558E-001  0.371930011456675E+001  0.312726807504447E+001  0.316537478291000E+001
  0.121756763346578E-001  0.371926724251249E+001  0.286861843184590E+001  0.283797533137462E+001
  0.121806422171843E-001  0.371845170340139E+001  0.292957855458001E+001  0.280573628592127E+001
  0.121841392585163E-001  0.371787758926710E+001  0.319578244849821E+001  0.306158481394349E+001
  0.121855607901518E-001  0.371764426154715E+001  0.317614844614669E+001  0.289577978291825E+001
  0.119299339094023E-001  0.371510057540480E+001  0.319209997801758E+001  0.295056275663271E+001
  0.111818412223200E-001  0.371270374606957E+001  0.287404597138727E+001  0.314520742380161E+001
  0.111840718875489E-001  0.371230480591000E+001  0.300023607097979E+001  0.319118215754040E+001
  0.111850259109296E-001  0.371213420924313E+001  0.319046453765793E+001  0.298983455268130E+001
  0.111852923877872E-001  0.371208656095239E+001  0.313749339007460E+001  0.313201513481222E+001
  0.109412870745870E-001  0.371022011868234E+001  0.317053672263451E+001  0.292662962384767E+001
  0.109418907691987E-001  0.371010977006367E+001  0.281883260766834E+001  0.296083351942385E+001
  0.104525151443557E-001  0.370858169831649E+001  0.317818333474822E+001  0.303283694132834E+001
  0.104565721545713E-001  0.370780557447932E+001  0.292449704906157E+001  0.283767087118997E+001
  0.976925113697557E-002  0.370580159382141E+001  0.316902610360461E+001  0.296155995183450E+001
  0.955251850524669E-002  0.370572583477742E+001  0.289866412005592E+001  0.285963354604933E+001
  0.934137694897587E-002  0.370548246554018E+001  0.311772529474014E+001  0.312597256725110E+001
  0.894356115434786E-002  0.370361857447209E+001  0.298237537980800E+001  0.283400658321341E+001
  0.894569637156159E-002  0.370314114443437E+001  0.314780343036513E+001  0.307443895208813E+001
  0.874730808531808E-002  0.370304855004341E+001  0.285054441645788E+001  0.292959086868307E+001
  0.855780593525881E-002  0.370190716697825E+001  0.289157587027614E+001  0.288001149116194E+001
  0.856385687858512E-002  0.370049353241623E+001  0.315575844594540E+001  0.297812064639415E+001
  0.837047004167640E-002  0.370019573151623E+001  0.315591427085556E+001  0.298849613799100E+001
  0.818171468059435E-002  0.369983328212417E+001  0.296973022892220E+001  0.284780640531095E+001
  0.781949822219530E-002  0.369947125549762E+001  0.312879659770341E+001  0.308443079473127E+001
  0.781956110311387E-002  0.369945517245394E+001  0.310669230852067E+001  0.311098554382340E+001
  0.782024836383172E-002  0.369927940030793E+001  0.312278814511395E+001  0.290808515403529E+001
  0.782043243324451E-002  0.369923232578088E+001  0.310457878139561E+001  0.288801128876534E+001
  0.782107961674855E-002  0.369906682170369E+001  0.297910191883940E+001  0.315124800523909E+001
  0.711938753449347E-002  0.369644826639139E+001  0.313974724748573E+001  0.303412975817176E+001
  0.695836987249951E-002  0.369622216613185E+001  0.314156590373466E+001  0.302066708041666E+001
  0.665295446205722E-002  0.369506581233724E+001  0.287409997431820E+001  0.294117089961703E+001
  0.665638023120885E-002  0.369403622842302E+001  0.286602051008632E+001  0.298179033534636E+001
  0.636133057329739E-002  0.369378800599277E+001  0.311375292747519E+001  0.307137327696623E+001
  0.622013434231643E-002  0.369373441458405E+001  0.313405548445749E+001  0.300306738524336E+001
  0.622116410977766E-002  0.369340333420123E+001  0.298549889988507E+001  0.313205650108192E+001
  0.581579940584905E-002  0.369327836374907E+001  0.291985674953683E+001  0.289463733898776E+001
  0.556855683189669E-002  0.369319279151461E+001  0.311498522635826E+001  0.293506113324627E+001
  0.533692594206065E-002  0.369304576833417E+001  0.300615498446412E+001  0.286864646300259E+001
  0.522719334256274E-002  0.369248961530336E+001  0.290900933406012E+001  0.290804250331546E+001
  0.511912736628036E-002  0.369216379690231E+001  0.289327263976568E+001  0.292915556012618E+001
  0.501373645565256E-002  0.369166208169502E+001  0.311341373079002E+001  0.305518400623931E+001
  0.501375392551998E-002  0.369165511290552E+001  0.311784426366941E+001  0.304487437584014E+001
  0.480492781737911E-002  0.369162168634987E+001  0.308086663345653E+001  0.309658230233632E+001
  0.451838084903689E-002  0.369084749787981E+001  0.290394198637771E+001  0.307659127287139E+001
  0.451930398754588E-002  0.369043892487515E+001  0.296451839311127E+001  0.288413004000582E+001
  0.451947059440566E-002  0.369036519503122E+001  0.298367160454008E+001  0.288023169987748E+001
  0.451993625555065E-002  0.369015913675633E+001  0.289681998257923E+001  0.293869022963111E+001
  0.442398259884079E-002  0.369006184657913E+001  0.290540375165996E+001  0.307320699119916E+001
  0.442412753709649E-002  0.368999632377099E+001  0.303923629072680E+001  0.288729372492047E+001
  0.442437077648646E-002  0.368988636640584E+001  0.310487257552503E+001  0.294401806996987E+001
  0.442480854017605E-002  0.368968848876125E+001  0.308312242853394E+001  0.291618462064051E+001
  0.442498167740845E-002  0.368961023278990E+001  0.293582767828847E+001  0.309868137158227E+001
  0.442522693351954E-002  0.368949938518304E+001  0.290933533564931E+001  0.307433149401518E+001
  0.403330641060688E-002  0.368878868445088E+001  0.307639539513827E+001  0.291515723228316E+001
  0.394404535817098E-002  0.368860207600967E+001  0.297344735110061E+001  0.311019482758914E+001
  0.394407136640038E-002  0.368858888744752E+001  0.308994691717734E+001  0.306887892797599E+001
  0.385504341056640E-002  0.368827237841127E+001  0.289385328263926E+001  0.303537117450866E+001
  0.376771001882149E-002  0.368812308787802E+001  0.295981764873968E+001  0.289629689635060E+001
  0.368237936112955E-002  0.368796062356741E+001  0.290464098854815E+001  0.294420439368868E+001
  0.359964566979414E-002  0.368742897353985E+001  0.289875317786040E+001  0.296226511259074E+001
  0.359989165850756E-002  0.368729230436110E+001  0.291101066744898E+001  0.306015870871733E+001
  0.360000719728714E-002  0.368722811524850E+001  0.306508750693120E+001  0.308507407872728E+001
  0.360082853829336E-002  0.368677186764617E+001  0.310420990165730E+001  0.298742895294513E+001
  0.360110124865295E-002  0.368662040248736E+001  0.302792325507565E+001  0.310043187489365E+001
  0.351133410186285E-002  0.368647208616451E+001  0.296806508444419E+001  0.290152099455082E+001
  0.342406740856796E-002  0.368617028238939E+001  0.299529048656876E+001  0.289804917825766E+001
  0.342410727056168E-002  0.368614699910845E+001  0.308095418978442E+001  0.306196196773917E+001
  0.342452522735493E-002  0.368590288801392E+001  0.290057551476495E+001  0.301623351258892E+001
  0.333456108615757E-002  0.368580995384421E+001  0.293217194373935E+001  0.292614083801301E+001
  0.300982005819677E-002  0.368542317915216E+001  0.304482614209829E+001  0.291248049749881E+001
  0.293665119905575E-002  0.368525877685463E+001  0.292024690051222E+001  0.305607216027609E+001
  0.293674626983488E-002  0.368519403015247E+001  0.308506738955821E+001  0.295305922276388E+001
  0.293702139123765E-002  0.368500667415281E+001  0.290566090401338E+001  0.301877967791384E+001
  0.293708753743305E-002  0.368496163161363E+001  0.291289274980199E+001  0.304024705899669E+001
  0.293710913684007E-002  0.368494692362326E+001  0.307845298402448E+001  0.294488266967435E+001
  0.271225103180936E-002  0.368415527162009E+001  0.308499343864960E+001  0.296568886204285E+001
  0.264289829082503E-002  0.368400985228723E+001  0.293988608984421E+001  0.306813249793103E+001
  0.257527689410319E-002  0.368389706424868E+001  0.295165067881343E+001  0.307619235244292E+001
  0.257542146586897E-002  0.368378479072325E+001  0.294600183345041E+001  0.292848177914793E+001
  0.250769476458016E-002  0.368374686883224E+001  0.293179783395781E+001  0.294219688104697E+001
  0.244187184400916E-002  0.368360840720899E+001  0.306645091685893E+001  0.294136084892406E+001
  0.231704216983906E-002  0.368326783805125E+001  0.306009282199475E+001  0.306247045683573E+001
  0.220136469316979E-002  0.368310917397321E+001  0.298165176604259E+001  0.308377579283521E+001
  0.220144129541558E-002  0.368303957994977E+001  0.293268515616142E+001  0.305248008126962E+001
  0.220155138962261E-002  0.368293956233455E+001  0.296332492614713E+001  0.292357769649020E+001
  0.220165523407163E-002  0.368284522703946E+001  0.305413596145565E+001  0.293549890002453E+001
  0.214219469000270E-002  0.368280447267529E+001  0.293290442237732E+001  0.305048290126442E+001
  0.202964217325120E-002  0.368261273294348E+001  0.301535296732333E+001  0.291861888106470E+001
  0.202971492583005E-002  0.368254104417399E+001  0.293161622796719E+001  0.304594095207829E+001
  0.192311139824425E-002  0.368230851810106E+001  0.307643507597488E+001  0.302668453565427E+001
  0.192330129267673E-002  0.368211104118124E+001  0.292116922947260E+001  0.298805772297231E+001
  0.177550513881964E-002  0.368194195603760E+001  0.301135278093442E+001  0.307783917769327E+001
  0.173017124992166E-002  0.368172013460408E+001  0.292636030681067E+001  0.297669340495973E+001
  0.173022722197979E-002  0.368165543447362E+001  0.297616487516095E+001  0.292697131742366E+001
  0.173023432884325E-002  0.368164721954234E+001  0.297672528206285E+001  0.307315308762176E+001
  0.168366522723084E-002  0.368141677048452E+001  0.297313333026284E+001  0.292970903526724E+001
  0.163817210693101E-002  0.368140291926554E+001  0.301364556974521E+001  0.307390930166886E+001
  0.159396584129585E-002  0.368131677230975E+001  0.302203333660142E+001  0.307125427404210E+001
  0.155104045703797E-002  0.368111718842787E+001  0.306174178492423E+001  0.303938283386896E+001
  0.155121521185577E-002  0.368089186229535E+001  0.302777027235980E+001  0.293392018878871E+001
  0.150834943616172E-002  0.368059544250489E+001  0.296057040251344E+001  0.305732901994839E+001
  0.150840793182339E-002  0.368051788152860E+001  0.297660753913070E+001  0.293506509810288E+001
  0.150856993590841E-002  0.368030309163980E+001  0.295013043561526E+001  0.295459091094085E+001
  0.134584198708527E-002  0.367976700903484E+001  0.297895541224870E+001  0.294025051010656E+001
  0.130955135890074E-002  0.367963951157574E+001  0.304873201919467E+001  0.296113396003888E+001
  0.127415809117202E-002  0.367963949236058E+001  0.305890040284810E+001  0.302039858049527E+001
  0.127420139764819E-002  0.367957151690207E+001  0.305361751207246E+001  0.296929908010271E+001
  0.127421056973640E-002  0.367955712034716E+001  0.294092518138391E+001  0.298230386104422E+001
  0.120344510489157E-002  0.367951721575810E+001  0.303629310765919E+001  0.304945597310582E+001
  0.117007983317782E-002  0.367940823051952E+001  0.298517539384165E+001  0.294139685372715E+001
  0.113766789050487E-002  0.367924952252053E+001  0.294317795959881E+001  0.298367071873946E+001
  0.113768773916264E-002  0.367921462923613E+001  0.303879942560662E+001  0.304421652394787E+001
  0.113769795027638E-002  0.367919667867278E+001  0.301028142836851E+001  0.305776537098291E+001
  0.110427682996868E-002  0.367912317381079E+001  0.304444277484558E+001  0.296266528751785E+001
  0.110428648538435E-002  0.367910568657716E+001  0.294270226926713E+001  0.300827791104863E+001
  0.107085608486869E-002  0.367904437709260E+001  0.303369882307437E+001  0.304641803095038E+001
  0.107090356312995E-002  0.367895570559050E+001  0.302665497963534E+001  0.304991076870228E+001
  0.100610407968554E-002  0.367874942840896E+001  0.304975432814301E+001  0.302279917589085E+001
  0.919978925065680E-003  0.367850519502305E+001  0.295463203855568E+001  0.297367871054182E+001
  0.823188130555558E-003  0.367838591778619E+001  0.296529317116228E+001  0.303777857858006E+001
  0.823193226877177E-003  0.367837353591221E+001  0.294884435627964E+001  0.299841784669547E+001
  0.759895624816357E-003  0.367830785778031E+001  0.298664646174851E+001  0.295126184269190E+001
  0.759919427686772E-003  0.367824521102503E+001  0.302867660313408E+001  0.295914990037923E+001
  0.759931272712914E-003  0.367821403684156E+001  0.303542926584507E+001  0.303470837283059E+001
  0.739412335177092E-003  0.367816062746987E+001  0.295369189369942E+001  0.298381191975457E+001
  0.700522675096283E-003  0.367808417277249E+001  0.296631562940085E+001  0.296542539759965E+001
  0.700532553947649E-003  0.367805596874124E+001  0.295535332958816E+001  0.301756447390866E+001
  0.700538266081640E-003  0.367803966083187E+001  0.304545839609496E+001  0.301480075125293E+001
  0.662695067286188E-003  0.367796802930037E+001  0.295787421808402E+001  0.302095984207118E+001
  0.662698588430269E-003  0.367795740258861E+001  0.304618062951435E+001  0.300840352471181E+001
  0.610423473231192E-003  0.367781587479995E+001  0.304531710855998E+001  0.300284634028597E+001
  0.610427245647231E-003  0.367780351484150E+001  0.300950559088243E+001  0.304426088300955E+001
  0.563512049468670E-003  0.367765889586659E+001  0.297730753989806E+001  0.296271977330510E+001
  0.535340046212796E-003  0.367764544934906E+001  0.301231712690466E+001  0.295829142875635E+001
  0.535348503164521E-003  0.367761385490740E+001  0.303488967165097E+001  0.297465373990504E+001
  0.535351498959756E-003  0.367760266299472E+001  0.302347302505623E+001  0.303602148346110E+001
  0.521275234136473E-003  0.367755688044624E+001  0.303067895272156E+001  0.302935216325010E+001
  0.494563495990566E-003  0.367747468448567E+001  0.295901150661658E+001  0.299363642575783E+001
  0.458392626826554E-003  0.367740180365506E+001  0.301269831863061E+001  0.303855416372233E+001
  0.458398308468146E-003  0.367737701439779E+001  0.295988730711906E+001  0.300372202215665E+001
  0.458400116914357E-003  0.367736912413026E+001  0.299299977536196E+001  0.303957256835974E+001
  0.458404408071351E-003  0.367735040189721E+001  0.296103881790753E+001  0.299115153298746E+001
  0.458409416206600E-003  0.367732855172385E+001  0.300451767004577E+001  0.296057907202359E+001
  0.458416953053609E-003  0.367729566939298E+001  0.303537324363861E+001  0.298296268187863E+001
  0.445688275651021E-003  0.367727266282687E+001  0.301478643177326E+001  0.296394599268334E+001
  0.400018452425157E-003  0.367706368760120E+001  0.296535891324932E+001  0.298953339160744E+001
  0.400025857147260E-003  0.367702666604120E+001  0.297453734290978E+001  0.302498372102813E+001
  0.400029757855535E-003  0.367700716385559E+001  0.302100009184693E+001  0.297150390940292E+001
  0.400031326573758E-003  0.367699932086333E+001  0.298496712668763E+001  0.296807507612211E+001
  0.400032478485178E-003  0.367699356176555E+001  0.303513252526376E+001  0.300226596898735E+001
  0.400033552690002E-003  0.367698819118472E+001  0.298435486452158E+001  0.303145295060711E+001
  0.400041575994535E-003  0.367694807842908E+001  0.302750072542841E+001  0.302092022254421E+001
  0.400044820354915E-003  0.367693185837887E+001  0.298283357734642E+001  0.302971598043907E+001
  0.400055993971079E-003  0.367687599733754E+001  0.296661436245899E+001  0.299730487016483E+001
  0.400070680659013E-003  0.367680257552372E+001  0.296776314870423E+001  0.300303778267228E+001
  0.400081317515899E-003  0.367674940134226E+001  0.297343342877571E+001  0.301701428273410E+001
  0.400093309890077E-003  0.367668945255724E+001  0.300107759904165E+001  0.296943599308252E+001
  0.400104548243672E-003  0.367663327468332E+001  0.302661441440526E+001  0.301306961401457E+001
  0.400111094777342E-003  0.367660055083581E+001  0.297302577175778E+001  0.301089995540613E+001
  0.400112790782350E-003  0.367659207318329E+001  0.297307720490324E+001  0.301063501146110E+001
  0.400116912921205E-003  0.367657146840526E+001  0.297279273851256E+001  0.299121931045274E+001
  0.400117041450402E-003  0.367657082594716E+001  0.300316574170965E+001  0.302840195781803E+001
  0.400127995552572E-003  0.367651607220717E+001  0.297470620674686E+001  0.301105275582570E+001
  0.400131104134489E-003  0.367650053432991E+001  0.299200800131671E+001  0.297387473505847E+001
  0.400138705042549E-003  0.367646254260276E+001  0.297847691665470E+001  0.301565779893145E+001
  0.400141028125013E-003  0.367645093125054E+001  0.298123729991090E+001  0.298143229908653E+001
  0.400149764339481E-003  0.367640726605009E+001  0.300194468208919E+001  0.302548237514388E+001
  0.400155242788056E-003  0.367637988424677E+001  0.298175782341784E+001  0.298288350440014E+001
  0.400155300886924E-003  0.367637959386514E+001  0.301073456996204E+001  0.297741172750775E+001
  0.400170734413508E-003  0.367630245766862E+001  0.298605269914401E+001  0.301880950953004E+001
  0.400178434883818E-003  0.367626397211454E+001  0.299474638466089E+001  0.297804006325793E+001
  0.400183020703368E-003  0.367624105337192E+001  0.298722139811995E+001  0.301798966056427E+001
  0.400187493183425E-003  0.367621870132382E+001  0.301114696579053E+001  0.298155240777791E+001
  0.400188332053591E-003  0.367621450894249E+001  0.300697086221753E+001  0.302029244203491E+001
  0.400207808356218E-003  0.367611717562642E+001  0.299576030355803E+001  0.298142399984368E+001
  0.400211607790283E-003  0.367609818841051E+001  0.300257957200930E+001  0.298163151067535E+001
  0.400212541861914E-003  0.367609352052722E+001  0.299923906727721E+001  0.298159324336235E+001
  0.400214637438175E-003  0.367608304823783E+001  0.299941772458082E+001  0.301812667577021E+001
  0.400214810614040E-003  0.367608218282307E+001  0.299551717779386E+001  0.298245137300397E+001
  0.400225060641808E-003  0.367603096084807E+001  0.298345452321395E+001  0.300175363260166E+001
  0.400230294226172E-003  0.367600480781240E+001  0.299497354630677E+001  0.301501365235294E+001
  0.400237116669014E-003  0.367597071551708E+001  0.301265812003594E+001  0.300750697645801E+001
  0.400261435077083E-003  0.367584919920440E+001  0.300587125362396E+001  0.300778426403681E+001
