  0.196704671673316E-103  0.487374109488702E+003  0.268633812194815E+002  0.281170431523613E+002
  0.208886368156548E-091  0.431971992723698E+003  0.278945701514612E+002  0.251392429076406E+002
  0.487622078829793E-087  0.411835910785796E+003  0.240412843221955E+002  0.281291182158186E+002
  0.970696723100414E-085  0.401228722936712E+003  0.263722891568422E+002  0.257102552525777E+002
  0.797391630211125E-078  0.369365967265806E+003  0.249919847661798E+002  0.259240572701768E+002
  0.256500586950289E-075  0.357798986017395E+003  0.193173364875620E+002  0.292499462175160E+002
  0.188274281846843E-070  0.335371696640382E+003  0.811842606535205E+001  0.297092571939022E+002
  0.384090243366147E-069  0.329320670416393E+003  0.258142888254713E+002  0.234800333808251E+002
  0.493063931987947E-069  0.328801247131926E+003  0.131062241528480E+002  0.299131958906720E+002
  0.115814972015047E-067  0.322468296090904E+003  0.207474864730810E+002  0.274678650193288E+002
  0.203912657970770E-066  0.316711829430875E+003  0.126810721081208E+002  0.295941195283089E+002
  0.381595297774182E-065  0.310833420858895E+003  0.202002891150841E+002  0.273913531260229E+002
  0.537666841130653E-063  0.300917422831539E+003  0.269258236510280E+002  0.204523536918399E+002
  0.956590970301415E-063  0.299745248614045E+003  0.290826802248540E+002  0.131101156297579E+002
  0.454794195539855E-061  0.292002069365772E+003  0.277789106006307E+002  0.180276961921686E+002
  0.166648697459362E-059  0.284779742352953E+003  0.204743559278161E+002  0.263621065907355E+002
  0.679555133396152E-058  0.277343570745686E+003  0.224774052903488E+002  0.246835571071157E+002
  0.346493801933120E-057  0.274065646773298E+003  0.277044684178610E+002  0.165541618600694E+002
  0.189973468674924E-055  0.266037366753563E+003  0.117370454508149E+002  0.281019655142046E+002
  0.712565271210158E-055  0.263373491906245E+003  0.112558112237294E+002  0.280038978606315E+002
  0.566046570763855E-054  0.259208811381237E+003  0.278001266178631E+002  0.136940726084606E+002
  0.780455394401514E-053  0.253941338067598E+003  0.271500883184565E+002  0.722958373222322E+001
  0.141172792574741E-052  0.252736053157798E+003  0.276359997276102E+002  0.424765277139931E+001
  0.374839882644200E-051  0.246157953638447E+003  0.269676672822873E+002  0.159283535389779E+002
  0.790640103000599E-050  0.240040194952413E+003  0.266727670643928E+002  0.772071458337333E+001
  0.323647538213074E-049  0.237201499696128E+003  0.186377542807497E+002  0.256545519723836E+002
  0.431613399647238E-047  0.227395508261020E+003  0.878295075845442E+001  0.265034890126122E+002
  0.879807341833178E-047  0.225951262250478E+003  0.262444161090189E+002  0.795192642608902E+001
  0.267848867493961E-046  0.223704751521956E+003  0.262182624204522E+002  0.814554498152853E+001
  0.186427965788870E-045  0.219804436618518E+003  0.262527055283671E+002  0.884248439132000E+001
  0.105036816723856E-044  0.216326833766603E+003  0.130206754124209E+002  0.264426495917851E+002
  0.375166452068993E-043  0.209155645167893E+003  0.640924510134357E+000  0.260319449743439E+002
  0.119194227765314E-042  0.206823805262201E+003  0.260781404378476E+002  0.160901515592385E+001
  0.243527318335196E-041  0.200769784818813E+003  0.769820164701157E+001  0.252619744575566E+002
  0.435816413690963E-039  0.190375559867850E+003  0.180317780376213E+002  0.241366504989938E+002
  0.241515167782235E-038  0.186931066635128E+003  0.242202190349818E+002  0.175589913774177E+002
  0.135759775868246E-037  0.183458086402810E+003  0.247389522483883E+002  0.819393527860523E+001
  0.322932251981492E-037  0.181705074571000E+003  0.338091486375349E+001  0.252236549485979E+002
  0.589989849244795E-037  0.180479848355201E+003  0.231248509321010E+002  0.190726665307887E+002
  0.379620739180175E-036  0.176736642772584E+003  0.236211577515806E+002  0.179152689750736E+002
  0.708279391727554E-036  0.175469410236093E+003  0.236694147914491E+002  0.177095744520244E+002
  0.795563999981070E-036  0.175217084254131E+003  0.114617779853866E+002  0.249704461403270E+002
  0.290277791030280E-035  0.172608439271381E+003  0.248341241550022E+002  0.130948827368152E+002
  0.177439312501808E-034  0.168967787854758E+003  0.816315587118277E+001  0.241472876339725E+002
  0.354320595227592E-034  0.167564740212105E+003  0.218073330205738E+002  0.200427626471054E+002
  0.194876010934661E-032  0.159530176427540E+003  0.840919500321451E+001  0.238297052562021E+002
  0.391105065234189E-032  0.158117050329917E+003  0.349815058696708E+001  0.242952823507485E+002
  0.300520884322533E-031  0.154018897447804E+003  0.527218547467287E+001  0.239231347548544E+002
  0.572991438000297E-031  0.152708289737983E+003  0.115694344879036E+002  0.240759254237422E+002
  0.616678131864433E-031  0.152541436181779E+003  0.741862398652198E+001  0.232741910077276E+002
  0.859354237609553E-028  0.138042356963615E+003  0.185987540662367E+002  0.213703721110181E+002
  0.169496651041996E-027  0.136663982219780E+003  0.133192461993228E+002  0.233238086988150E+002
  0.206821704580988E-027  0.136246033712434E+003  0.199453258410958E+002  0.201500247087513E+002
  0.102954371957988E-025  0.128410935063151E+003  0.149121271307607E+002  0.226412180881441E+002
  0.243203937960678E-025  0.126671805515740E+003  0.194916365473925E+002  0.199907608598631E+002
  0.251238915315162E-025  0.126586896857997E+003  0.226724179722341E+002  0.552253435108328E+000
  0.622834987466990E-025  0.124751241644645E+003  0.225178291540133E+002  0.147260930456679E+002
  0.198821275526287E-024  0.122409921412607E+003  0.798460144549014E+001  0.219808279645291E+002
  0.103948920467290E-023  0.119081863923135E+003  0.165817697774843E+002  0.215600377295946E+002
  0.395352243479568E-023  0.116390208273363E+003  0.224548185928893E+002  0.113738624550903E+002
  0.418208610433418E-023  0.116257901105884E+003  0.223994234903729E+002  0.418952256631427E+001
  0.447873483323013E-022  0.111495769431828E+003  0.119921980465180E+001  0.220776005021968E+002
  0.592102379508763E-022  0.110917531232009E+003  0.689822955846835E+001  0.214358507814916E+002
  0.803556805003380E-022  0.110286893927618E+003  0.735799502792805E+001  0.212244971403401E+002
  0.110306537119123E-021  0.109633392456746E+003  0.221321456486389E+002  0.125273412306274E+002
  0.149228203848954E-021  0.109009064769994E+003  0.219452626591189E+002  0.115449541503268E+001
  0.341190338878403E-021  0.107335236515600E+003  0.210449350136637E+002  0.745768778551921E+001
  0.159410461987689E-020  0.104232081872581E+003  0.232493321033388E+001  0.218529913459861E+002
  0.200345502379310E-018  0.945447188583768E+002  0.366734735978742E+001  0.213490340742650E+002
  0.620906262970104E-018  0.922625447222101E+002  0.880663142409443E+001  0.206815914007272E+002
  0.268497136740098E-017  0.893141536250367E+002  0.162025293371279E+002  0.200596508955179E+002
  0.616707270991253E-017  0.876311445191195E+002  0.116893606989038E+001  0.208081451603035E+002
  0.129950294416882E-016  0.861205585621964E+002  0.208284889638387E+002  0.107820455921579E+002
  0.313699564019106E-016  0.843380905031059E+002  0.205893217602848E+002  0.139663961867873E+002
  0.432500261540253E-016  0.836758954300087E+002  0.620229144576741E+001  0.201686176077465E+002
  0.717630782259875E-016  0.826432502185798E+002  0.188452479035657E+002  0.173935983461244E+002
  0.141477491515547E-015  0.812658085150487E+002  0.186087436980341E+002  0.175583618999441E+002
  0.304920731620256E-015  0.797100854280768E+002  0.205054170896460E+002  0.217961148152806E+001
  0.331886563182095E-015  0.795207019926351E+002  0.744890784083503E+001  0.193492761027648E+002
  0.372286055546851E-015  0.792710627470798E+002  0.641773771078305E+000  0.201862631012149E+002
  0.430722147904014E-015  0.789595607084017E+002  0.204356150027909E+002  0.194879497951313E+001
  0.270947819456078E-014  0.752615637798516E+002  0.195417733259958E+002  0.858116839828272E+001
  0.391317799326272E-014  0.745064755948512E+002  0.144471129897419E+002  0.198627721175355E+002
  0.600562967522401E-014  0.736298799758309E+002  0.169129240981585E+002  0.185420278617239E+002
  0.673758800635163E-014  0.733799699345371E+002  0.142519000946095E+002  0.198494577940417E+002
  0.157440864212404E-013  0.716625436105672E+002  0.197411918617197E+002  0.754657279473941E+000
  0.189411894113878E-013  0.712728948383627E+002  0.196732977792626E+002  0.538714637217017E+001
  0.413355755338952E-013  0.696922249015453E+002  0.957178839099432E+001  0.195565259915788E+002
  0.131238331680015E-012  0.673617412922775E+002  0.195164332587677E+002  0.140420685886560E+002
  0.159609431665634E-012  0.669504110648016E+002  0.184875703902551E+002  0.729717837670697E+001
  0.205482780887154E-011  0.618200752967006E+002  0.193818354274906E+001  0.193483122463474E+002
  0.238766957744555E-011  0.614999231051570E+002  0.186321694167907E+002  0.871072033108466E+001
  0.825944511117782E-011  0.589979432646505E+002  0.171255676719719E+002  0.171021143721691E+002
  0.172219050083715E-010  0.575083931767606E+002  0.176885389566353E+002  0.765149491395622E+001
  0.194162018893184E-010  0.572486410232227E+002  0.189908261000438E+002  0.170305619852850E+001
  0.501957544375667E-010  0.553290951941085E+002  0.591626877002040E+001  0.183347884501125E+002
  0.530769836750869E-010  0.551975686690636E+002  0.188874038614370E+002  0.109673778616871E+002
  0.691884538435923E-010  0.546474867775624E+002  0.189234033571570E+002  0.286199821132833E+001
  0.105611014446048E-009  0.537817287707196E+002  0.182642182034373E+002  0.919886250063454E+001
  0.299041954024768E-009  0.516801856915886E+002  0.113290814893531E+002  0.186734643031687E+002
  0.489532268917486E-009  0.506745520219075E+002  0.117986135796171E+002  0.186286550139225E+002
  0.109303441527558E-008  0.490481261748657E+002  0.184700620642846E+002  0.370106691633388E+001
  0.127018565420250E-008  0.487278147561325E+002  0.433147922976699E+001  0.183450807385595E+002
  0.201496454068906E-008  0.477850370476805E+002  0.177479887711890E+002  0.148373815210458E+002
  0.319287441424296E-008  0.468444964183715E+002  0.172669653857889E+002  0.652263344194786E+001
  0.950032756637577E-008  0.446437863620432E+002  0.180953453257461E+002  0.111080227110766E+002
  0.300710451280994E-007  0.423194127519007E+002  0.174292859081363E+002  0.144793827944915E+002
  0.672295119682278E-007  0.406904129613615E+002  0.168322051736914E+002  0.626271467508557E+001
  0.809627569448874E-007  0.402987584180258E+002  0.172346911476533E+002  0.144903491258682E+002
  0.138187587643653E-006  0.392096120868749E+002  0.135182874908915E+002  0.174963157609333E+002
  0.231185614650983E-006  0.381604937818884E+002  0.174888679071636E+002  0.184332604351756E+001
  0.258302900868271E-006  0.379187690878609E+002  0.922329417708551E+000  0.171872079003399E+002
  0.353022740260384E-006  0.372740693377462E+002  0.370513911402187E+001  0.174846987091024E+002
  0.733213168231050E-006  0.357923606742620E+002  0.152046198887835E+002  0.745669511336358E+001
  0.791713782458445E-006  0.356189330826244E+002  0.114949415898884E+002  0.173543366393053E+002
  0.155140220341087E-005  0.342536034056895E+002  0.105561437095614E+002  0.170471728898721E+002
  0.220578970935855E-005  0.335298499034475E+002  0.908020120472464E+001  0.732149278887328E+001
  0.391723500801483E-005  0.323613483213209E+002  0.144759762134730E+002  0.164199504379171E+002
  0.533280595305111E-005  0.317244646695041E+002  0.766214229962329E+001  0.145749678577862E+002
  0.708818358045916E-005  0.311354608712666E+002  0.770325021705053E+001  0.494758743944762E+000
  0.147934130340396E-004  0.296440544029872E+002  0.937439711139682E+001  0.799007694612147E+001
  0.194596688174994E-004  0.290758296581738E+002  0.901159386304522E+001  0.666762158030290E+001
  0.224359254626945E-004  0.287712901335945E+002  0.147784615823052E+002  0.157889989616329E+002
  0.224642419475537E-004  0.287488668542458E+002  0.101986637988305E+002  0.744648404275611E+001
  0.266195734238815E-004  0.283895222126429E+002  0.621087448670782E+001  0.862583687025925E+001
  0.367950180045240E-004  0.277221902159220E+002  0.143275730793907E+002  0.804726256084004E+001
  0.395441391993998E-004  0.275581794733867E+002  0.871203704024838E+001  0.617058356612323E+001
  0.430052400011499E-004  0.273704698663838E+002  0.980536633555499E+001  0.159823516556459E+002
  0.596442339543080E-004  0.266964181837336E+002  0.137835813912690E+002  0.710833040646036E+001
  0.599994346136225E-004  0.266646422023504E+002  0.152333740716273E+001  0.776064999609384E+001
  0.607510243707222E-004  0.266198439304909E+002  0.602433323285292E+001  0.628304167290728E+001
  0.697598521255794E-004  0.263233938374026E+002  0.738946633947902E+001  0.129951758389990E+002
  0.760459748627192E-004  0.261309343157889E+002  0.998285205972138E+001  0.692148576235053E+001
  0.799511655455608E-004  0.260108777984584E+002  0.108717431793464E+002  0.772261839206146E+001
  0.802969982552599E-004  0.259823446947098E+002  0.126786021233626E+002  0.745613452318653E+001
  0.844803737468304E-004  0.258608700221858E+002  0.796891670835244E+001  0.128375836198856E+001
  0.863718790617606E-004  0.257966835505295E+002  0.425911872755534E+001  0.161852569028025E+002
  0.122139327596630E-003  0.250837823416541E+002  0.591353663459286E+001  0.614645354108706E+001
  0.136059875026358E-003  0.248480164323405E+002  0.150723956599163E+002  0.595185956324226E+001
  0.185064038803835E-003  0.242129020216765E+002  0.949093955423286E+001  0.153500133576179E+002
  0.189699379367051E-003  0.241435239911623E+002  0.456840421505953E+001  0.158715247605252E+002
  0.210389524017167E-003  0.239165831623552E+002  0.117005657864752E+002  0.714912894479233E+001
  0.243004956363973E-003  0.236084401989267E+002  0.505465477615232E+001  0.656263096012983E+001
  0.353534769283794E-003  0.228387395411279E+002  0.117571149457701E+002  0.798629905536112E+001
  0.414110926370694E-003  0.225025348028386E+002  0.213111439567806E+001  0.688075073473810E+001
  0.411574450528483E-003  0.224949220362173E+002  0.587782412844560E+001  0.574191963153036E+001
  0.410400565822931E-003  0.224807338863526E+002  0.101314165676605E+001  0.855931049118252E+001
  0.442718246049907E-003  0.223092334612363E+002  0.392617795471920E+000  0.149691519433592E+002
  0.442390492062013E-003  0.222908139915633E+002  0.436883772014442E+001  0.670455450683253E+001
  0.442814932772223E-003  0.222689953988058E+002  0.594468077303365E+001  0.937265836478050E+001
  0.454644451986626E-003  0.221963672061108E+002  0.693844628854078E+001  0.305298043007822E+001
  0.482158791182177E-003  0.220589509187877E+002  0.128254285218529E+002  0.158317998951023E+002
  0.481854978296880E-003  0.220403108734957E+002  0.614595664138541E+001  0.143341700119686E+002
  0.479527575536522E-003  0.220300937963222E+002  0.485204606491469E+001  0.154503754769376E+002
  0.502806482704436E-003  0.219153851981551E+002  0.913640255909008E+001  0.350421267460520E+000
  0.547467266314055E-003  0.217252899314304E+002  0.672753813127954E+001  0.130666458636357E+002
  0.705698967168429E-003  0.211976171055230E+002  0.376405986119485E+000  0.239666085804077E+000
  0.765366382964472E-003  0.210153846504060E+002  0.146209110314077E+002  0.270296393771250E+000
  0.852031647980327E-003  0.207809459476970E+002  0.152317578665516E+002  0.100916607215084E+002
  0.939379720098014E-003  0.205658530588704E+002  0.153417636974754E+002  0.464424457156666E+001
  0.108539624875382E-002  0.202569911565414E+002  0.143664511688668E+002  0.582169671206682E+001
  0.110731839543480E-002  0.201970982830114E+002  0.660039849082541E+001  0.373478562786781E+001
  0.111366117469550E-002  0.201657741996947E+002  0.580364833755298E+001  0.143686288078555E+002
  0.122152971122496E-002  0.199609715545597E+002  0.152200025893224E+002  0.102977583481342E+002
  0.142200352104050E-002  0.196371451478143E+002  0.658077252153715E+001  0.116524433774577E+002
  0.146983836383505E-002  0.195510732247605E+002  0.520130283146947E-001  0.959039980415822E+000
  0.165211432829966E-002  0.192973656820011E+002  0.471386315263164E+000  0.950830372925669E+001
  0.169888800797175E-002  0.192216289295299E+002  0.633632905228065E+001  0.181861702924602E+001
  0.175583771408004E-002  0.191357839699974E+002  0.652076545622713E+001  0.122129879141375E+002
  0.200679231600896E-002  0.188487002849883E+002  0.154849737047258E+002  0.290656379521564E+001
  0.207437836725651E-002  0.187625517390613E+002  0.860569215448012E+001  0.127391840681632E+002
  0.212255383710064E-002  0.186967341232049E+002  0.641062049621536E+001  0.126079343118638E+002
  0.241591463393528E-002  0.184179175775320E+002  0.228371035936165E+001  0.153481216361197E+002
  0.251635684884782E-002  0.183165484862571E+002  0.169824751264359E+001  0.151507238390448E+002
  0.269251954927972E-002  0.181613173644149E+002  0.147778235738370E+002  0.100634862976865E+002
  0.296313113047050E-002  0.179498784368520E+002  0.929707756114165E+001  0.101275047425898E+001
  0.303635487537626E-002  0.178811553386812E+002  0.187607629017432E+001  0.615008463060216E+001
  0.305434392829139E-002  0.178494405283503E+002  0.232635844042252E+001  0.627120021134364E+001
  0.327016733465536E-002  0.176929871863638E+002  0.523528542749923E+001  0.550192250646502E+000
  0.352348687930380E-002  0.175238666571920E+002  0.488069554704841E+001  0.147003560281242E+002
  0.376068767653431E-002  0.173736645087573E+002  0.120182879782879E+001  0.271389254868650E+000
  0.412455698308993E-002  0.171690502818390E+002  0.151830222627545E+002  0.114147724214846E+002
  0.410052325642380E-002  0.171608376739230E+002  0.974902112737739E+001  0.676424403171840E+000
  0.420418939495874E-002  0.170910031841231E+002  0.878086817702312E+001  0.318244165306579E+001
  0.446887341578346E-002  0.169489928394869E+002  0.143787450625948E+002  0.856256421893095E+000
  0.487159029903595E-002  0.167565239991768E+002  0.506944814706403E+001  0.144039509413524E+002
  0.538426981015149E-002  0.165365007964406E+002  0.371486799756878E+001  0.150545926577040E+002
  0.601885453960581E-002  0.162937696127555E+002  0.123657681094755E+002  0.150765329617693E+002
  0.601886486149777E-002  0.162738655211995E+002  0.164796177742974E+001  0.147840491963892E+002
  0.621136139554969E-002  0.161910020236382E+002  0.366114983910379E+000  0.459960104640901E+001
  0.621487430367689E-002  0.161699705582659E+002  0.145007592819913E+000  0.184932164562952E+001
  0.710890710228390E-002  0.158812638582538E+002  0.132408604941711E+000  0.398145565933887E+001
  0.713981116045350E-002  0.158526875792579E+002  0.102736773326527E+002  0.951452833123712E+001
  0.722761277188050E-002  0.158083419774187E+002  0.112180372705248E+002  0.591581023291681E+001
  0.758777796442371E-002  0.156911813311471E+002  0.983227694898621E+001  0.927023910222698E+000
  0.756327387695793E-002  0.156777499519929E+002  0.907654343675815E+001  0.126604731740534E+002
  0.752557442822674E-002  0.156678433008075E+002  0.549943655433097E+001  0.103490208953445E+002
  0.753345098217522E-002  0.156458504573160E+002  0.149917419074020E+002  0.120200643668635E+002
  0.749620276392831E-002  0.156358630764174E+002  0.924163655326756E+001  0.108457182987921E+002
  0.798741611499621E-002  0.154890209678583E+002  0.906976681891672E+001  0.254411876795143E+001
  0.810568134955379E-002  0.154397245073971E+002  0.241467788607357E+001  0.148986538759142E+002
  0.537778825927340E-001  0.117572517759001E+002  0.473018097532835E+001  0.974434678217127E+001
  0.574254583787354E-001  0.116260008712160E+002  0.412518832618184E+000  0.131203517067608E+002
  0.828849802462320E-001  0.101892728259594E+002  0.546803601587284E+001  0.126498591696209E+002
  0.936951027436111E-001  0.986860805788809E+001  0.540549628242862E+000  0.116205822962313E+002
  0.125921642320369E+000  0.912916430447771E+001  0.265057996450232E+001  0.969103576989381E+001
  0.133209114607556E+000  0.901664359128535E+001  0.433224479532046E+001  0.101116109341735E+002
  0.131459817318631E+000  0.896760083641970E+001  0.502110051932156E+001  0.130986352419289E+002
  0.160288934080361E+000  0.828484556619609E+001  0.513985692688100E+001  0.121735043718417E+002
  0.170880201111476E+000  0.815687615016293E+001  0.197972555546597E+001  0.138547673911235E+002
  0.191017345728373E+000  0.793407313702809E+001  0.456613018696362E+001  0.133437095079285E+002
  0.202885289059460E+000  0.774078484559643E+001  0.381106339555761E+001  0.138458620970062E+002
  0.212732581095406E+000  0.764599454897762E+001  0.495621253240378E+001  0.116212217740504E+002
  0.224276910241448E+000  0.725410165028284E+001  0.487705038878204E+001  0.117654166341165E+002
  0.228513897402566E+000  0.714886747930893E+001  0.477811871128046E+001  0.125580387039718E+002
  0.233647317998399E+000  0.710443595583109E+001  0.161340500083678E+001  0.132272066375749E+002
  0.258779608231966E+000  0.669654261597802E+001  0.163374355021907E+001  0.109256947377065E+002
  0.257026100573864E+000  0.645981458525235E+001  0.306697776573342E+001  0.103327944243891E+002
  0.271320173493306E+000  0.635157071099703E+001  0.203554631850243E+001  0.106787711498666E+002
  0.275250965979768E+000  0.632280329191584E+001  0.459505376634592E+001  0.116792935273935E+002
  0.273460812851539E+000  0.627235580271425E+001  0.409013731157411E+001  0.131866770039946E+002
  0.272142212457595E+000  0.621852552961642E+001  0.459455423439934E+001  0.119870311771677E+002
  0.277323812063831E+000  0.618080342865104E+001  0.181299105630699E+001  0.130469283946026E+002
  0.280983632308188E+000  0.615458222952994E+001  0.453044225629492E+001  0.123695600044148E+002
  0.260230914031421E+000  0.611115618764938E+001  0.431562505136078E+001  0.128393645090563E+002
  0.258949374185410E+000  0.605753237426592E+001  0.419766112269870E+001  0.110266624035703E+002
  0.251546624622577E+000  0.605204341283017E+001  0.284598729838521E+001  0.104661912219061E+002
  0.246016361867164E+000  0.603300664251195E+001  0.147259844486983E+001  0.121558749469260E+002
  0.232587668202289E+000  0.602022757631661E+001  0.439691908807805E+001  0.126269693013718E+002
  0.226632776739520E+000  0.601055673408882E+001  0.165149428395922E+001  0.112814355038861E+002
  0.226694119318844E+000  0.601001546834674E+001  0.451908492145362E+001  0.121632248049310E+002
  0.229755135579468E+000  0.591969307756004E+001  0.228878060213875E+001  0.106816275515440E+002
  0.218917673760359E+000  0.589128911089774E+001  0.263878994610922E+001  0.105560255282556E+002
  0.232510644789896E+000  0.577080857533152E+001  0.413470550721994E+001  0.111013911560653E+002
  0.262214089290159E+000  0.553035798180823E+001  0.337994281513080E+001  0.133077642395401E+002
  0.249981852980989E+000  0.549682689479709E+001  0.167800067911486E+001  0.122709069167770E+002
  0.262808381500927E+000  0.539675319074023E+001  0.267393624016476E+001  0.132707011774779E+002
  0.279791404217277E+000  0.520593522227068E+001  0.365836463168781E+001  0.130472521669563E+002
  0.283636471335066E+000  0.517863712803013E+001  0.308122784438566E+001  0.107767726979387E+002
  0.283011697749091E+000  0.511524433692003E+001  0.191451655427145E+001  0.114889071579932E+002
  0.289463375710776E+000  0.500236013627335E+001  0.193240421954726E+001  0.115677439959767E+002
  0.287486910426104E+000  0.494825993290364E+001  0.404998983952492E+001  0.115876565303301E+002
  0.271381919706902E+000  0.474543095101474E+001  0.205958376062241E+001  0.124304580292095E+002
  0.262482729151763E+000  0.469443363177568E+001  0.234220136166232E+001  0.112345064008379E+002
  0.246780132162137E+000  0.464869385400552E+001  0.296877938988747E+001  0.110141171496110E+002
  0.222922145919419E+000  0.459193799341145E+001  0.364961188498153E+001  0.112970147515890E+002
  0.218237345589862E+000  0.458503152280548E+001  0.371075401385290E+001  0.126356934180710E+002
  0.217271401844115E+000  0.454451817756183E+001  0.361782920596536E+001  0.126978904763638E+002
  0.217391061447796E+000  0.454341700488824E+001  0.216487297742844E+001  0.115874157925462E+002
  0.217444804454425E+000  0.454292262978152E+001  0.236759959745291E+001  0.126835482629786E+002
  0.212344040270622E+000  0.453844616683614E+001  0.207497327237786E+001  0.120837710403548E+002
  0.213990320689139E+000  0.452300018122569E+001  0.259310526409461E+001  0.128256407949584E+002
  0.210544405048010E+000  0.450213209176528E+001  0.359352633889519E+001  0.113114475735398E+002
  0.205082459863296E+000  0.450136447705397E+001  0.369004712415786E+001  0.125911389943801E+002
  0.205757885153060E+000  0.449478843449667E+001  0.222778723996448E+001  0.124719340578050E+002
  0.207680634734119E+000  0.447618578040690E+001  0.222761469829356E+001  0.124515003801727E+002
  0.204959799467454E+000  0.444621928661333E+001  0.385708646668538E+001  0.118106116623986E+002
  0.195068663917086E+000  0.443400406533303E+001  0.299859479885005E+001  0.111292256561404E+002
  0.192970900554916E+000  0.434749405484128E+001  0.364455023272456E+001  0.114937442153246E+002
  0.195810444109994E+000  0.431827872250492E+001  0.230005334583843E+001  0.116093604333733E+002
  0.183123636989545E+000  0.429216437254883E+001  0.375943525611960E+001  0.118008308972438E+002
  0.183343305915748E+000  0.428976667794891E+001  0.254385121420914E+001  0.113628651395884E+002
  0.183569592682540E+000  0.428729975136938E+001  0.245325205617818E+001  0.125591174335301E+002
  0.179871832171892E+000  0.427320038998414E+001  0.322637174040648E+001  0.112609451357911E+002
  0.179786929649905E+000  0.421934669802624E+001  0.279569685292199E+001  0.112915843103787E+002
  0.175199404590871E+000  0.421624404070123E+001  0.368347389554642E+001  0.122708382210641E+002
  0.175689182645444E+000  0.421066074856269E+001  0.242292541974311E+001  0.115506765702021E+002
  0.176164354103904E+000  0.420525882193467E+001  0.372351454401415E+001  0.120776620481058E+002
  0.163907595443164E+000  0.418037317150799E+001  0.254509054302520E+001  0.114544026900321E+002
  0.166341520340063E+000  0.415089277202334E+001  0.294434023831954E+001  0.126870521305799E+002
  0.166588110038824E+000  0.414793010698722E+001  0.359803100998555E+001  0.123384300300863E+002
  0.169893248622237E+000  0.410863824367711E+001  0.292981351603303E+001  0.113458150350805E+002
  0.152936743788174E+000  0.409010932915505E+001  0.364322775431796E+001  0.120247639336826E+002
  0.146306393107811E+000  0.407061766845561E+001  0.284064314314493E+001  0.126078395576221E+002
  0.143876970209414E+000  0.405077006397957E+001  0.265602041610294E+001  0.125066497577448E+002
  0.144167597050477E+000  0.404673420324526E+001  0.359506221416188E+001  0.118700729754696E+002
  0.136930560004802E+000  0.404160487102594E+001  0.285978104308987E+001  0.125883786045824E+002
  0.133686534014074E+000  0.403622072673434E+001  0.335243025303739E+001  0.115139346642069E+002
  0.130266646543826E+000  0.403471280074812E+001  0.244231285406539E+001  0.117810394665956E+002
  0.127870606411792E+000  0.401850553019545E+001  0.278169013729256E+001  0.125432238960331E+002
  0.124974660755514E+000  0.401098476087773E+001  0.281835390579695E+001  0.114502406667279E+002
  0.121945061416791E+000  0.400672901819847E+001  0.284762956887391E+001  0.125547595308764E+002
  0.122720962768352E+000  0.399404390664326E+001  0.276982042337498E+001  0.125150797378361E+002
  0.123200759110760E+000  0.398623984692022E+001  0.249774319766372E+001  0.122412961222408E+002
  0.117595628691721E+000  0.396822684242830E+001  0.308723577609614E+001  0.125337252373446E+002
  0.115280204458962E+000  0.395320117107106E+001  0.323476766986384E+001  0.124715200732090E+002
  0.110169765635779E+000  0.393575317897429E+001  0.277987241006041E+001  0.115400620799467E+002
  0.110285659627699E+000  0.393365036835019E+001  0.251559477424368E+001  0.121524723345118E+002
  0.107941572249816E+000  0.392182006461454E+001  0.310426783084815E+001  0.124849681961181E+002
  0.108698941630839E+000  0.390783611575921E+001  0.290283017426855E+001  0.124718474413493E+002
  0.105973792034842E+000  0.390227483959636E+001  0.295878310088760E+001  0.124741538505646E+002
  0.100528031910874E+000  0.389664554827561E+001  0.253763533653320E+001  0.119156772069120E+002
  0.978773255585245E-001  0.389529099703691E+001  0.340130283577552E+001  0.117581469491267E+002
  0.953139114490469E-001  0.389357132703398E+001  0.253517791261289E+001  0.119580760057678E+002
  0.938399865664662E-001  0.386994280695017E+001  0.283232182308689E+001  0.124075201873755E+002
  0.915259637868195E-001  0.386508160243115E+001  0.315249941383452E+001  0.115924814134391E+002
  0.894140198432893E-001  0.385697404978580E+001  0.320657789255988E+001  0.116277830051265E+002
  0.847804457382701E-001  0.385526474304400E+001  0.289985067518342E+001  0.115883196349544E+002
  0.827212167955600E-001  0.385110585495034E+001  0.334167072216297E+001  0.117578991124587E+002
  0.827253867796059E-001  0.385100503730993E+001  0.324798449480104E+001  0.116627247491595E+002
  0.827275703735778E-001  0.385095224661922E+001  0.303134263674403E+001  0.115826083938045E+002
  0.809036848197090E-001  0.383919760022184E+001  0.270541541103294E+001  0.117231184597228E+002
  0.787350219747781E-001  0.383719846306868E+001  0.340097631967138E+001  0.120257356039910E+002
  0.727773029798266E-001  0.383009012286245E+001  0.298781718140674E+001  0.116073327503154E+002
  0.710954420840602E-001  0.382351543928117E+001  0.261624007903478E+001  0.119778724261779E+002
  0.711013112394047E-001  0.382335033972128E+001  0.262734887383797E+001  0.120934202605047E+002
  0.711160981383223E-001  0.382293444411369E+001  0.292256977080991E+001  0.123757457530067E+002
  0.657225572636048E-001  0.381620129307832E+001  0.311096627545946E+001  0.116420423964067E+002
  0.657511828582285E-001  0.381533037862652E+001  0.330870225610916E+001  0.117895738540938E+002
  0.639897574601180E-001  0.381484169078823E+001  0.298632495924022E+001  0.123726936425937E+002
  0.640129411100456E-001  0.381411721699385E+001  0.263946535503442E+001  0.120915306175807E+002
  0.641645494916773E-001  0.380938601335986E+001  0.313700511803895E+001  0.123389121983233E+002
  0.624527238438589E-001  0.380549297474377E+001  0.334214939740688E+001  0.118874272156372E+002
  0.625098399281389E-001  0.380366471237356E+001  0.306940361343836E+001  0.116491528566504E+002
  0.589645919867459E-001  0.380275742285991E+001  0.323003986586723E+001  0.117278144931246E+002
  0.573195201361732E-001  0.380137414246171E+001  0.284368811319758E+001  0.116819015817592E+002
  0.574322134132042E-001  0.379744589459045E+001  0.265219381525934E+001  0.119731184147063E+002
  0.527862370473346E-001  0.379213286149934E+001  0.266415267301513E+001  0.120598773883679E+002
  0.501003290491762E-001  0.378543899685891E+001  0.325860466306311E+001  0.117930978678644E+002
  0.454366448819094E-001  0.377013524645485E+001  0.300118692481282E+001  0.116927871994111E+002
  0.443898055123682E-001  0.376611782641386E+001  0.279844847107379E+001  0.122230261751066E+002
  0.433200007797009E-001  0.376427300517740E+001  0.288851564208473E+001  0.117241556411689E+002
  0.433377778265804E-001  0.376345244192667E+001  0.270660619783767E+001  0.120402291680340E+002
  0.422567929155739E-001  0.376202067274083E+001  0.307889460222187E+001  0.122829172699967E+002
  0.422696634600540E-001  0.376141160688706E+001  0.315514958918843E+001  0.122481654267682E+002
  0.423073926045856E-001  0.375962723893718E+001  0.271048815183267E+001  0.120074830401058E+002
  0.423100350791713E-001  0.375950232497282E+001  0.281008590404573E+001  0.117816405982972E+002
  0.401982982304157E-001  0.375076188601971E+001  0.283001463698351E+001  0.117852612527717E+002
  0.402743714372845E-001  0.374698056598428E+001  0.317888921356580E+001  0.121980532313177E+002
  0.392226332183648E-001  0.374356153999598E+001  0.303376168004894E+001  0.122582006121944E+002
  0.392598526564057E-001  0.374166458474966E+001  0.298738707529817E+001  0.117435797081715E+002
  0.382956677546936E-001  0.373342082997559E+001  0.314607801126569E+001  0.121905988241872E+002
  0.382966703479621E-001  0.373336846999842E+001  0.306859511762850E+001  0.122300196665880E+002
  0.383055404050697E-001  0.373290529500333E+001  0.276727596117874E+001  0.119453128539841E+002
  0.361005713916487E-001  0.373022775253718E+001  0.291185710354890E+001  0.122161121225746E+002
  0.361121490174247E-001  0.372958644580841E+001  0.301383515925110E+001  0.122316050546906E+002
  0.361252381489648E-001  0.372886166147184E+001  0.321822790063446E+001  0.120740547907824E+002
  0.349963834358816E-001  0.372885829088803E+001  0.319976644613024E+001  0.121148804816748E+002
  0.339048167287996E-001  0.372873616437632E+001  0.296757531665338E+001  0.122278830214551E+002
  0.329316789326800E-001  0.372348278915137E+001  0.320329388974749E+001  0.119199984329903E+002
  0.319224014710732E-001  0.372223954487901E+001  0.321557911577513E+001  0.120033251920151E+002
  0.309576812062319E-001  0.372011585691132E+001  0.293526834093071E+001  0.122004283822386E+002
  0.309925175550016E-001  0.371786654355071E+001  0.305968955755961E+001  0.121963404376341E+002
  0.310006911248600E-001  0.371733915869165E+001  0.312281051926714E+001  0.118372038015484E+002
  0.310153726039971E-001  0.371639221181829E+001  0.302687204620519E+001  0.121997898198917E+002
  0.310168827216819E-001  0.371629483553060E+001  0.319412026257963E+001  0.119465394877697E+002
  0.299389700478536E-001  0.371430091180284E+001  0.310561460358452E+001  0.118344937025554E+002
  0.299533286634628E-001  0.371334194938575E+001  0.315752765072247E+001  0.121130170598844E+002
  0.268938848043754E-001  0.371042642345003E+001  0.306450247066976E+001  0.121746760484693E+002
  0.259692244973464E-001  0.371021731647507E+001  0.309788706709306E+001  0.121577380922678E+002
  0.250760544247512E-001  0.371003223674589E+001  0.294908892450242E+001  0.118219939149386E+002
  0.242324088453127E-001  0.370829447331266E+001  0.305147464966278E+001  0.118271107263707E+002
  0.242361485764240E-001  0.370798584179419E+001  0.302923582209355E+001  0.118228645273187E+002
  0.242427422078699E-001  0.370744180034607E+001  0.309942437749493E+001  0.118523434366947E+002
  0.242440622479670E-001  0.370733290143121E+001  0.315994662327396E+001  0.119225671496342E+002
  0.242491052297318E-001  0.370691692680672E+001  0.303213518948982E+001  0.118264196912536E+002
  0.242568484732225E-001  0.370627838716650E+001  0.304468061741829E+001  0.121689020330693E+002
  0.232609394418955E-001  0.370500606587570E+001  0.317070465797636E+001  0.120105760485146E+002
  0.232658345195276E-001  0.370458522624008E+001  0.283136473752719E+001  0.120198303220376E+002
  0.222664746901995E-001  0.370348927046753E+001  0.287066919715942E+001  0.121049222621061E+002
  0.222738775832956E-001  0.370282444472760E+001  0.313111413951572E+001  0.120993951423761E+002
  0.203656511880529E-001  0.370001062147016E+001  0.299032161163446E+001  0.121554439366785E+002
  0.203796045391154E-001  0.369864080784558E+001  0.314623410894736E+001  0.119612409957912E+002
  0.178573019310159E-001  0.369582227639802E+001  0.285989750384703E+001  0.120209626847288E+002
  0.178620017219819E-001  0.369529597375352E+001  0.290237558900132E+001  0.118999434394356E+002
  0.157286741781714E-001  0.369400967141846E+001  0.293542173467415E+001  0.118813189726735E+002
  0.157302044884592E-001  0.369381509229119E+001  0.289746087168653E+001  0.119131283323677E+002
  0.157347414171325E-001  0.369323833252578E+001  0.296215640856624E+001  0.121266967335589E+002
  0.150544415596872E-001  0.369273086512406E+001  0.309386434039016E+001  0.119096328715268E+002
  0.138056457288501E-001  0.369189900837294E+001  0.291200860584891E+001  0.119083354479114E+002
  0.132322307527386E-001  0.369162386386612E+001  0.291162544709954E+001  0.119102243382254E+002
  0.132329459348664E-001  0.369151576980178E+001  0.310819111162793E+001  0.119363107517096E+002
  0.132336511587035E-001  0.369140918657390E+001  0.291312236971288E+001  0.120900407191825E+002
  0.126329595896208E-001  0.369127650874310E+001  0.308195658312134E+001  0.119061624040830E+002
  0.120622949160979E-001  0.369068602607596E+001  0.287857806654985E+001  0.119862665614466E+002
  0.115173364063292E-001  0.369010809668852E+001  0.310368859579624E+001  0.120600219874016E+002
  0.115180121283988E-001  0.368999076014052E+001  0.305968134320692E+001  0.118966812476128E+002
  0.115190379964055E-001  0.368981263525007E+001  0.303687400780349E+001  0.121126889967117E+002
  0.115190470921681E-001  0.368981105599337E+001  0.311792740641588E+001  0.120122494894056E+002
  0.109161677614332E-001  0.368919053950613E+001  0.307438806151294E+001  0.120888978233242E+002
  0.893522304238912E-002  0.368833686868551E+001  0.302286873392928E+001  0.118901830756427E+002
  0.893643171220611E-002  0.368806634649035E+001  0.306396560108532E+001  0.120906676102555E+002
  0.893835577304189E-002  0.368763578230159E+001  0.289103313057041E+001  0.120028055034507E+002
  0.893855484390886E-002  0.368759123973576E+001  0.309833698003405E+001  0.120465504594484E+002
  0.804686692530599E-002  0.368705243182540E+001  0.289595101406852E+001  0.120217280356530E+002
  0.804850211330643E-002  0.368664605704713E+001  0.290842100613936E+001  0.119499479060187E+002
  0.805064961206352E-002  0.368611248886752E+001  0.306191884364079E+001  0.120807738376643E+002
  0.805494109717049E-002  0.368504665147328E+001  0.297098161363162E+001  0.119080736604277E+002
  0.678826958560137E-002  0.368352542244480E+001  0.307307078537242E+001  0.119506851954159E+002
  0.643226804569072E-002  0.368312869356709E+001  0.295203511175852E+001  0.119287684743644E+002
  0.609542707419944E-002  0.368257100043102E+001  0.291853129452093E+001  0.120134058807953E+002
  0.609546904063824E-002  0.368255723066762E+001  0.307648392290711E+001  0.119691243237213E+002
  0.575730883685446E-002  0.368239153349475E+001  0.306610738358996E+001  0.120476152760252E+002
  0.489494617614443E-002  0.368188741342517E+001  0.307406051974693E+001  0.120254621291587E+002
  0.442958170655847E-002  0.368151674339413E+001  0.293207500402064E+001  0.120338940333487E+002
  0.385289035485802E-002  0.368095595573252E+001  0.305224013991887E+001  0.119502728374519E+002
  0.353209782496995E-002  0.368079645982082E+001  0.300331608748880E+001  0.120709318727082E+002
  0.312613183447400E-002  0.367978296458789E+001  0.303820442007852E+001  0.119493121902657E+002
  0.312619286381719E-002  0.367974392033083E+001  0.306226636854060E+001  0.119893845932294E+002
  0.267984949791285E-002  0.367955314332435E+001  0.297244730393518E+001  0.119448650796208E+002
  0.258417587380429E-002  0.367952583344001E+001  0.303163988799527E+001  0.120526366612635E+002
  0.258420049113921E-002  0.367950678116272E+001  0.296886790095420E+001  0.120527583240165E+002
  0.248861564065053E-002  0.367940529340006E+001  0.306042482351461E+001  0.120000358412752E+002
  0.248883574578154E-002  0.367922841160730E+001  0.297410279096794E+001  0.120529491581893E+002
  0.239349163627104E-002  0.367891057262490E+001  0.303323115399806E+001  0.119546995561814E+002
  0.239349569503745E-002  0.367890718112530E+001  0.303482676631150E+001  0.120440470731705E+002
  0.229790173333191E-002  0.367878022119165E+001  0.303661639069053E+001  0.120410527502825E+002
  0.229798749146086E-002  0.367870558220471E+001  0.303386815891530E+001  0.119575218032667E+002
  0.211429388626459E-002  0.367856804302820E+001  0.305285109864986E+001  0.120045466010396E+002
  0.202988389307770E-002  0.367840865587307E+001  0.305103144001481E+001  0.120070933197017E+002
  0.202997677817161E-002  0.367831714032468E+001  0.298781459318812E+001  0.120491377997759E+002
  0.194545861049814E-002  0.367825114134367E+001  0.299628197344101E+001  0.119501684356708E+002
  0.186447644321555E-002  0.367816681760522E+001  0.303974270356154E+001  0.119711347561910E+002
  0.186460718274786E-002  0.367802657990023E+001  0.295556442621169E+001  0.119827394419661E+002
  0.178382449165538E-002  0.367770456443304E+001  0.296571232293764E+001  0.120278349926534E+002
  0.170641655276348E-002  0.367752916263705E+001  0.296896822458956E+001  0.120284966442451E+002
  0.163226218717403E-002  0.367748301946415E+001  0.295959832700305E+001  0.120098280956704E+002
  0.156135873956406E-002  0.367740043126571E+001  0.302934604537963E+001  0.119719802200652E+002
  0.156139832357310E-002  0.367734972734191E+001  0.302287302177474E+001  0.119672521848345E+002
  0.156142579029383E-002  0.367731454544280E+001  0.302998955124726E+001  0.119742893127261E+002
  0.156143869028563E-002  0.367729802216184E+001  0.301103666044092E+001  0.119622895045185E+002
  0.134861363955037E-002  0.367715207877438E+001  0.297845491686429E+001  0.119694425893054E+002
  0.128732343262535E-002  0.367713590087161E+001  0.298300127976765E+001  0.120330577005156E+002
  0.122886181028865E-002  0.367704951151163E+001  0.296494911517337E+001  0.119918260067405E+002
  0.117302238509625E-002  0.367701894098207E+001  0.300630346489161E+001  0.120350010641800E+002
  0.107103362160948E-002  0.367699432340851E+001  0.296887303603869E+001  0.120164712690577E+002
  0.942524148251189E-003  0.367696342478941E+001  0.296522962270667E+001  0.119994406847021E+002
  0.942524705283242E-003  0.367696224278917E+001  0.302913693584987E+001  0.120189512252838E+002
  0.802944499212207E-003  0.367683001607761E+001  0.299095330775988E+001  0.119684715902964E+002
  0.745599825610637E-003  0.367680720233275E+001  0.303136971943190E+001  0.119916927611793E+002
  0.745608263863978E-003  0.367678456765581E+001  0.298943110318851E+001  0.119696893870516E+002
  0.745614196530783E-003  0.367676865408970E+001  0.299271703746707E+001  0.120310077365789E+002
  0.716938010549337E-003  0.367676507465319E+001  0.303159677992791E+001  0.120035475812453E+002
  0.716968026302784E-003  0.367668134321563E+001  0.297976742328255E+001  0.120227563889118E+002
  0.716971808418695E-003  0.367667079293780E+001  0.297106949076622E+001  0.119910733122279E+002
  0.716983935113936E-003  0.367663696568673E+001  0.298640613737077E+001  0.120264204422154E+002
  0.685847014611163E-003  0.367653112567584E+001  0.297568546287541E+001  0.119863692941648E+002
  0.685851131143713E-003  0.367651912148217E+001  0.297600021305332E+001  0.119862523132858E+002
  0.685872464084322E-003  0.367645691378760E+001  0.297493717957834E+001  0.119913607869907E+002
  0.685880026911897E-003  0.367643486074924E+001  0.302597523623224E+001  0.120024525564678E+002
  0.685881492859576E-003  0.367643058610629E+001  0.297450267027930E+001  0.119948678011818E+002
  0.685883422885117E-003  0.367642495824536E+001  0.301173258696089E+001  0.119769094861496E+002
  0.685895343348511E-003  0.367639019910289E+001  0.297488166406811E+001  0.120022661606771E+002
  0.685895620834415E-003  0.367638938998281E+001  0.300918153669051E+001  0.120234724636142E+002
  0.685903074597881E-003  0.367636765570505E+001  0.299632167628250E+001  0.120244947508865E+002
  0.685910490574145E-003  0.367634603184464E+001  0.298302834153159E+001  0.120174316331645E+002
  0.685942444898616E-003  0.367625286056177E+001  0.297768533120067E+001  0.119991149579376E+002
  0.685960672883927E-003  0.367619971399456E+001  0.297901974710338E+001  0.119976740240184E+002
  0.685969279785794E-003  0.367617461970501E+001  0.300462398777245E+001  0.119800223719275E+002
  0.685972087441819E-003  0.367616643376911E+001  0.301876113687634E+001  0.120077666397837E+002
  0.685982104543489E-003  0.367613722841596E+001  0.298185615882415E+001  0.120073414320573E+002
  0.685989784814876E-003  0.367611483649540E+001  0.301825323719649E+001  0.120052462375625E+002
  0.686015403518992E-003  0.367604014667838E+001  0.298517599351436E+001  0.119918598101126E+002
  0.686027256055166E-003  0.367600559225373E+001  0.300038229293564E+001  0.120158528636893E+002
  0.686032643444169E-003  0.367598988626595E+001  0.300474884489410E+001  0.120146014355264E+002
  0.686059441948537E-003  0.367591176175913E+001  0.300084883521119E+001  0.120125263090823E+002
  0.686060126645715E-003  0.367590976573140E+001  0.301064894911854E+001  0.119935013235674E+002
  0.686065735058695E-003  0.367589341617298E+001  0.299072818462385E+001  0.120073018349696E+002
