  0.859239446700656E-001  0.293369497699271E+002  0.202219772751832E+000  0.424214874074472E+000  0.405200862483478E+001  0.780251015025027E+001  0.123241052141277E+001
  0.859239446700656E-001  0.187725310454041E+002 -0.127881244691205E+002  0.993936774426103E+000 -0.595515530678647E+000  0.524144333668147E+000  0.438441919410458E+000
  0.859239446700656E-001  0.181634181853838E+002 -0.112580626639094E+002  0.224086240337812E+001 -0.296172797361159E+000 -0.909731278940328E+000 -0.120603380979205E+001
  0.859239446700656E-001  0.179581524086295E+002 -0.109838361328795E+002 -0.108722875775329E+001 -0.154136595401813E+001  0.151532840202670E+001 -0.139525553155785E+001
  0.859239446700656E-001  0.172369695220376E+002 -0.878406872246584E+001 -0.120549805149012E+001  0.125258577752101E+001  0.117014777928370E+001 -0.147568723337571E+001
  0.859239446700656E-001  0.169979372471415E+002 -0.839426713365779E+001 -0.207712459593363E+001  0.344940285494737E+000 -0.700540870292336E+000 -0.553159993585624E+000
  0.859239446700656E-001  0.168665675154648E+002 -0.976497378097721E+001  0.131736570897820E+001 -0.104960695794760E+001  0.218158573539008E+001 -0.159691457406943E+000
  0.859239446700656E-001  0.167643124883417E+002 -0.121126351281732E+002  0.138068379121155E+001  0.665715882401159E+000  0.748268034456231E+000 -0.449810574263289E+000
  0.859239446700656E-001  0.166310632700830E+002 -0.842343801246069E+001  0.994710527744317E+000 -0.934856982681964E-002  0.185217270862759E+001 -0.732154399791668E+000
  0.859239446700656E-001  0.165837179284070E+002 -0.112821458689635E+002  0.153016961377357E+001  0.901447348162478E+000  0.602601950713819E+000 -0.149441596874199E+001
  0.859239446700656E-001  0.164593843483167E+002 -0.119798116562281E+002 -0.265301779295278E+000  0.829631685231867E+000 -0.142578295729425E+001 -0.747538636850742E+000
  0.859239446700656E-001  0.163523169047798E+002 -0.858517115924341E+001  0.148051507422019E+001 -0.548656185893407E+000  0.163339672870647E+001 -0.160485337358125E-001
  0.859239446700656E-001  0.154462329878188E+002 -0.862074693991433E+001  0.162001885580992E+000 -0.340573860931173E-001 -0.683175738602479E+000  0.196478371474369E+001
  0.859239446700656E-001  0.144842879406452E+002 -0.108982438730948E+002  0.125034276277189E+001  0.136044259404080E+001 -0.151579830645254E+000 -0.102514537110162E+001
  0.859239446700656E-001  0.153091560226011E+002 -0.902453036746126E+001  0.932002359232335E+000  0.161877876035845E+001 -0.896376911103069E+000 -0.935769761847496E+000
  0.859239446700656E-001  0.153048164315017E+002 -0.980137199092881E+001 -0.149083867474501E+001 -0.423400226111333E+000  0.715437131490638E+000 -0.177827444978701E+001
  0.859239446700656E-001  0.152201235826252E+002 -0.103918269017824E+002 -0.349977879554594E+000 -0.204101192897232E+001 -0.769972210016377E+000  0.998067390027238E+000
  0.859239446700656E-001  0.150850617211030E+002 -0.889775961471535E+001 -0.554700565803394E+000 -0.149983834754087E+001 -0.685094964965941E+000 -0.128614914556027E+001
  0.859239446700656E-001  0.149982821352801E+002 -0.105504556030545E+002 -0.142388219602445E+000 -0.680799669155753E+000 -0.664211050786157E+000  0.214031691992300E+001
  0.859239446700656E-001  0.148794105252798E+002 -0.851230888714014E+001  0.341912766403908E+000  0.646610786348987E+000 -0.154764781061807E+001 -0.739308292518864E+000
  0.859239446700656E-001  0.148664804599772E+002 -0.100173532358282E+002  0.213987472393220E+001  0.433326692404023E+000  0.682383575923879E+000  0.666566419775542E+000
  0.859239446700656E-001  0.135340663173579E+002 -0.880703126177939E+001 -0.428071493161752E-002  0.372720521560332E+000 -0.160070115439841E+001 -0.469386277531179E+000
  0.859239446700656E-001  0.131609194699147E+002 -0.103577014943510E+002 -0.116017706301392E+000 -0.164206946955552E+000 -0.159649228506807E+001 -0.111998755927078E+001
  0.859239446700656E-001  0.130862582577042E+002 -0.108043705264394E+002  0.710700037602273E+000  0.750582474777332E+000  0.368274546732721E+000 -0.143030285086452E+001
  0.859239446700656E-001  0.129415382355812E+002 -0.849433274135822E+001 -0.475733670941963E+000  0.106680241381589E+001 -0.172016523653681E+000 -0.301893043290917E+000
  0.859239446700656E-001  0.123379137280622E+002 -0.988361655598692E+001  0.117233529341136E+001  0.616250819615900E+000 -0.850746712560252E+000  0.810603607312402E+000
  0.859239446700656E-001  0.122673636118050E+002 -0.961827180791612E+001  0.358555320656514E+000 -0.100172939952225E+001 -0.289381898389252E-002 -0.134172641961768E+001
  0.859239446700656E-001  0.121233239553348E+002 -0.940723746661185E+001  0.456017356085702E+000  0.164902184350154E+000 -0.152029846686531E+001  0.190050557724760E+000
  0.859239446700656E-001  0.119192956967377E+002 -0.103256423522709E+002 -0.793756343064338E+000  0.457392574576645E+000  0.551403597898457E-001  0.133475460830370E+001
  0.859239446700656E-001  0.118475900259033E+002 -0.112066758931399E+002  0.518370430186252E+000  0.389293756693903E-001  0.405503629953785E+000 -0.876060151864230E+000
  0.859239446700656E-001  0.117722959061667E+002 -0.100920459377360E+002  0.377693328506346E+000 -0.125601425251347E+001  0.923702359928122E+000 -0.314327347566916E-001
  0.859239446700656E-001  0.117491455845085E+002 -0.102596774667814E+002  0.103900580279929E+001  0.100844649219201E+001 -0.171458289552085E+000 -0.605336711910503E+000
  0.859239446700656E-001  0.116806886617752E+002 -0.105536558360784E+002 -0.422691344757311E-001 -0.721378720731266E+000  0.125888167172846E+001  0.278947204749805E+000
  0.859239446700656E-001  0.116119650169291E+002 -0.969548381840710E+001  0.501114684648620E+000 -0.112983729370110E+001 -0.541676496061939E+000  0.713293709656952E+000
  0.859239446700656E-001  0.115592038906079E+002 -0.946862765446836E+001  0.348266698631861E-001 -0.719702231521005E+000 -0.842064105424079E+000 -0.926933564141287E+000
  0.859239446700656E-001  0.114809979092517E+002 -0.109954465287182E+002  0.271751957292025E+000 -0.838943683423700E+000  0.301383467637308E+000 -0.657412473911329E+000
  0.859239446700656E-001  0.114422487954666E+002 -0.108094541063927E+002  0.108794520264021E+001  0.617002626295218E-001 -0.132375082425995E+000  0.626651948261653E+000
  0.859239446700656E-001  0.112035458374483E+002 -0.946546811438340E+001  0.758118961795773E+000 -0.775138659823583E+000  0.611567939706880E+000 -0.422890673337740E+000
  0.859239446700656E-001  0.110999975628209E+002 -0.988266277308136E+001 -0.493164135985964E-001  0.112098421141740E+001  0.750426459697138E+000 -0.273251941699051E+000
  0.859239446700656E-001  0.110230702692433E+002 -0.106771835112301E+002 -0.732927177765312E+000  0.769945736327664E+000 -0.262901312101498E+000  0.419513580964647E+000
  0.859239446700656E-001  0.107797399476640E+002 -0.906693232501171E+001  0.196112917322168E+000 -0.306233017978037E+000 -0.404378688008116E+000  0.651136136728383E+000
  0.859239446700656E-001  0.107796821503545E+002 -0.100734740816620E+002 -0.143209063775288E+000 -0.104176179317246E+001 -0.594843154802888E+000 -0.353954134252625E+000
  0.859239446700656E-001  0.107102590206426E+002 -0.944482776101293E+001  0.267666122919145E+000  0.435828494613929E+000 -0.943815550455376E+000  0.245515886037026E+000
  0.859239446700656E-001  0.105437559697209E+002 -0.990471126605141E+001  0.614005145254943E+000  0.656073188380404E+000 -0.581113565270222E+000 -0.447396213891459E+000
  0.859239446700656E-001  0.101839783556294E+002 -0.102543616021463E+002 -0.309585729170365E+000 -0.214839661995100E+000  0.843576406460649E+000 -0.276175019375422E+000
  0.859239446700656E-001  0.101574446707775E+002 -0.102592352190443E+002  0.600628124125038E-001 -0.692595172067747E+000  0.338573468043258E+000 -0.550389709995180E+000
  0.859239446700656E-001  0.100785667517004E+002 -0.103226377125262E+002 -0.346825770643420E+000 -0.545568819753498E+000  0.603902275198656E+000 -0.495471073803770E-001
  0.859239446700656E-001  0.967090284670698E+001 -0.104040494949611E+002 -0.384850395831322E+000  0.398921117268792E+000 -0.806315211458042E-001  0.671728598853392E-001
  0.859239446700656E-001  0.947935492682454E+001 -0.102529787548595E+002  0.747966982106618E-002 -0.312812185774490E+000  0.298187249225691E+000  0.197859292774176E+000
