  0.648476518656648E-001  0.585600674406166E+001  0.289978066307538E+001  0.487121438635081E+001
  0.648476518656648E-001  0.594368956387270E+001  0.111112250747849E+001  0.317695149967302E+001
  0.648476518656648E-001  0.847966074403534E+001  0.528156639246898E+000  0.284147052307434E+001
  0.648476518656648E-001  0.839514555035400E+001  0.464332181362817E+001  0.483033314408225E+001
  0.648476518656648E-001  0.838198934024912E+001  0.527942995823810E+001  0.391742512329561E+001
  0.648476518656648E-001  0.788073091072890E+001  0.526174280144897E+001  0.235136230302206E+001
  0.648476518656648E-001  0.613557599233128E+001  0.494623081609600E+001  0.305693903694067E+001
  0.648476518656648E-001  0.734504754398610E+001  0.871806202273984E+000  0.231347312184825E+001
  0.648476518656648E-001  0.687157005237510E+001  0.898545579421217E+000  0.266692369984767E+001
  0.648476518656648E-001  0.645788371445940E+001  0.261283111615777E+001  0.499084515243198E+001
  0.648476518656648E-001  0.639186512894729E+001  0.104630961019019E+001  0.348004108244010E+001
  0.648476518656648E-001  0.636367191831098E+001  0.104310655791963E+001  0.256443091733687E+001
  0.648476518656648E-001  0.633528418147594E+001  0.299662897547978E+001  0.499768697968120E+001
  0.648476518656648E-001  0.531365678976388E+001  0.471537114795077E+001  0.283678521617171E+001
  0.648476518656648E-001  0.526110373897172E+001  0.175054308620092E+001  0.416423434524565E+001
  0.648476518656648E-001  0.522812376072619E+001  0.460895587556336E+001  0.354301491907176E+001
  0.648476518656648E-001  0.506401114821889E+001  0.135306611008393E+001  0.291573635669533E+001
  0.648476518656648E-001  0.491214889538078E+001  0.176057156309368E+001  0.401560154405501E+001
  0.648476518656648E-001  0.465689615340292E+001  0.278245571301306E+001  0.450500866699180E+001
  0.648476518656648E-001  0.458973654450854E+001  0.261588856691223E+001  0.444833539023182E+001
  0.648476518656648E-001  0.455293126122118E+001  0.426498155033566E+001  0.222010680881948E+001
  0.648476518656648E-001  0.455169141212053E+001  0.174698035471575E+001  0.220180601870821E+001
  0.648476518656648E-001  0.454295510622297E+001  0.230993063660764E+001  0.431234135462098E+001
  0.648476518656648E-001  0.452733678252986E+001  0.447495289998812E+001  0.308562228953174E+001
  0.648476518656648E-001  0.438474971888430E+001  0.400580080388461E+001  0.198580331645802E+001
  0.648476518656648E-001  0.415244354569285E+001  0.412269191489639E+001  0.373992355080596E+001
  0.648476518656648E-001  0.412212637405635E+001  0.202766093901278E+001  0.391223000150895E+001
  0.648476518656648E-001  0.408791772049486E+001  0.431665969754854E+001  0.309902228266622E+001
  0.648476518656648E-001  0.402676605322127E+001  0.216062204439267E+001  0.398878266165012E+001
  0.648476518656648E-001  0.400387118748931E+001  0.269461435762831E+001  0.425143567475149E+001
  0.648476518656648E-001  0.399375482913146E+001  0.405531219008403E+001  0.373181381628777E+001
  0.648476518656648E-001  0.397290334081356E+001  0.342260873897045E+001  0.420407044880170E+001
  0.648476518656648E-001  0.395546653533589E+001  0.416620263905055E+001  0.350091754922902E+001
  0.648476518656648E-001  0.392352549953326E+001  0.389676818302824E+001  0.388023450089147E+001
  0.648476518656648E-001  0.387395176620431E+001  0.176641997035332E+001  0.291217900148945E+001
  0.648476518656648E-001  0.384627762148064E+001  0.413115343772293E+001  0.347143395393883E+001
  0.648476518656648E-001  0.383918054416039E+001  0.419902107505100E+001  0.276123346787689E+001
  0.648476518656648E-001  0.367599466621166E+001  0.187682548696639E+001  0.326448843188605E+001
  0.648476518656648E-001  0.362071325631273E+001  0.187227299820969E+001  0.306652455835202E+001
  0.648476518656648E-001  0.357559183032699E+001  0.410915279128502E+001  0.297080467452102E+001
  0.648476518656648E-001  0.356517384115882E+001  0.401331051847603E+001  0.344029090999342E+001
  0.648476518656648E-001  0.356164394110555E+001  0.388693741035367E+001  0.234390060026026E+001
  0.648476518656648E-001  0.355264031323379E+001  0.405651240608787E+001  0.330315392152234E+001
  0.648476518656648E-001  0.350925221934478E+001  0.406413204195407E+001  0.317987681270695E+001
  0.648476518656648E-001  0.349413778966223E+001  0.192878394293944E+001  0.295401739594113E+001
  0.648476518656648E-001  0.348495932516103E+001  0.372534714615318E+001  0.378378013106141E+001
  0.648476518656648E-001  0.341091047678473E+001  0.332848929194768E+001  0.397902283577995E+001
  0.648476518656648E-001  0.338648859969535E+001  0.399225318658751E+001  0.323958853169643E+001
  0.648476518656648E-001  0.325114558528437E+001  0.211357013761439E+001  0.265233905097989E+001
  0.648476518656648E-001  0.324751397039588E+001  0.208104823724500E+001  0.324191337136160E+001
  0.648476518656648E-001  0.323826549196225E+001  0.271294444966705E+001  0.209925305767743E+001
  0.648476518656648E-001  0.321087831870893E+001  0.306766804789111E+001  0.392832096018657E+001
  0.648476518656648E-001  0.320662694419547E+001  0.301628185525600E+001  0.392835461786058E+001
  0.648476518656648E-001  0.317030390820265E+001  0.390771580122162E+001  0.295714695421078E+001
  0.648476518656648E-001  0.313841901096275E+001  0.246107566584414E+001  0.229045083036087E+001
  0.648476518656648E-001  0.313663563906971E+001  0.258263211094215E+001  0.378607896255483E+001
  0.648476518656648E-001  0.308771756099274E+001  0.370824284330080E+001  0.349151814516262E+001
  0.648476518656648E-001  0.305932081514299E+001  0.382149755875530E+001  0.280014248270270E+001
  0.648476518656648E-001  0.304817874780495E+001  0.301632077607134E+001  0.383868518002380E+001
  0.648476518656648E-001  0.304779789739437E+001  0.236579355959037E+001  0.245131016096933E+001
  0.648476518656648E-001  0.304249372482501E+001  0.236190820939151E+001  0.246072915645176E+001
  0.648476518656648E-001  0.303981960931952E+001  0.218925556391763E+001  0.280508073517691E+001
  0.648476518656648E-001  0.301910937526611E+001  0.367696721947494E+001  0.346508623946602E+001
  0.648476518656648E-001  0.299397767376783E+001  0.379285317612856E+001  0.314436746859616E+001
  0.648476518656648E-001  0.298536327293185E+001  0.366390930803299E+001  0.255271021165560E+001
  0.648476518656648E-001  0.297834716562741E+001  0.244653656141826E+001  0.242771874144014E+001
  0.648476518656648E-001  0.296933139325958E+001  0.266868171275319E+001  0.371766289921773E+001
  0.648476518656648E-001  0.296482806893206E+001  0.257217339793888E+001  0.233873385190298E+001
  0.648476518656648E-001  0.295814908141672E+001  0.331464472705193E+001  0.228262406767908E+001
  0.648476518656648E-001  0.293941325077329E+001  0.324943316814928E+001  0.227015289510852E+001
  0.648476518656648E-001  0.293445581399613E+001  0.319776176438047E+001  0.225782310082877E+001
  0.648476518656648E-001  0.292879840774324E+001  0.257974717881488E+001  0.363848760766938E+001
  0.648476518656648E-001  0.283648023291744E+001  0.369431536064300E+001  0.290056728903023E+001
  0.648476518656648E-001  0.282393334012180E+001  0.309944434786621E+001  0.368521866066055E+001
  0.648476518656648E-001  0.281202983543334E+001  0.232384437042062E+001  0.289839364616512E+001
  0.648476518656648E-001  0.279421067914553E+001  0.312834783540433E+001  0.234180704697580E+001
  0.648476518656648E-001  0.278839651458639E+001  0.246871065266912E+001  0.340200571527938E+001
  0.648476518656648E-001  0.277177809926780E+001  0.324970105861408E+001  0.239592390238234E+001
  0.648476518656648E-001  0.276697631751789E+001  0.344278384746548E+001  0.252418571578847E+001
  0.648476518656648E-001  0.273228167771519E+001  0.265132218322225E+001  0.248406792218310E+001
  0.648476518656648E-001  0.268639903896284E+001  0.346850609539488E+001  0.334983071428743E+001
  0.648476518656648E-001  0.264549957538015E+001  0.245141477520764E+001  0.300585471073881E+001
  0.648476518656648E-001  0.262160133816930E+001  0.300556421677402E+001  0.352635618052718E+001
  0.648476518656648E-001  0.262026151585255E+001  0.273344472384797E+001  0.254757293214680E+001
  0.648476518656648E-001  0.259260634813144E+001  0.349032467039229E+001  0.291242993174432E+001
  0.648476518656648E-001  0.255840613652754E+001  0.260643792789286E+001  0.275711014215399E+001
  0.648476518656648E-001  0.252294934139422E+001  0.341640302756981E+001  0.307098106186219E+001
  0.648476518656648E-001  0.240690453429142E+001  0.324838851392118E+001  0.302623226184728E+001
  0.648476518656648E-001  0.239996670466185E+001  0.323426663527581E+001  0.302379704554297E+001
  0.648476518656648E-001  0.236798949221183E+001  0.308676589274779E+001  0.312626014092214E+001
