  0.300474884489410E+001  0.120146014355264E+002 -0.183799494313298E+001
  0.297976742328255E+001  0.120227563889118E+002 -0.183834067160781E+001
  0.303159677992791E+001  0.120035475812453E+002 -0.183838253732660E+001
  0.297450267027930E+001  0.119948678011818E+002 -0.183821529305314E+001
  0.297901974710338E+001  0.119976740240184E+002 -0.183809985699728E+001
  0.298302834153159E+001  0.120174316331645E+002 -0.183817301592232E+001
  0.300038229293564E+001  0.120158528636893E+002 -0.183800279612687E+001
  0.301876113687634E+001  0.120077666397837E+002 -0.183808321688456E+001
  0.298185615882415E+001  0.120073414320573E+002 -0.183806861420798E+001
  0.300462398777245E+001  0.119800223719275E+002 -0.183808730985251E+001
  0.301825323719649E+001  0.120052462375625E+002 -0.183805741824770E+001
  0.301173258696089E+001  0.119769094861496E+002 -0.183821247912268E+001
  0.297600021305332E+001  0.119862523132858E+002 -0.183825956074108E+001
  0.299072818462385E+001  0.120073018349696E+002 -0.183794670808649E+001
  0.298943110318851E+001  0.119696893870516E+002 -0.183839228382790E+001
  0.300084883521119E+001  0.120125263090823E+002 -0.183795588087957E+001
  0.299632167628250E+001  0.120244947508865E+002 -0.183818382785253E+001
  0.299095330775988E+001  0.119684715902964E+002 -0.183841500803881E+001
  0.297493717957834E+001  0.119913607869907E+002 -0.183822845689380E+001
  0.298640613737077E+001  0.120264204422154E+002 -0.183831848284336E+001
  0.297568546287541E+001  0.119863692941648E+002 -0.183826556283792E+001
  0.297106949076622E+001  0.119910733122279E+002 -0.183833539646890E+001
  0.302597523623224E+001  0.120024525564678E+002 -0.183821743037462E+001
