  0.790505033345994E-322  0.150048363573398E+004 -0.300986472450423E+002  0.377386525890072E+002  0.163574065195802E+002
  0.489619055028675E-320  0.149220368165102E+004 -0.288577362778157E+002 -0.448762403517912E+002 -0.531760082168492E+001
  0.860357613698613E-311  0.144960256908079E+004  0.309884114224442E+002  0.218614374625282E+002  0.289586672609715E+002
  0.155514137902007E-310  0.144839213141376E+004  0.473484364448212E+002  0.201127040601022E+002  0.168405393261582E+002
  0.112316050056868E-307  0.143520097014966E+004  0.342125374077265E+002  0.343828693207529E+002 -0.675063166587369E+001
  0.221101351904830E-307  0.143381987083714E+004  0.104284514690090E+002 -0.535750909305714E+002  0.136180032959071E+002
  0.126213548132321E-302  0.141188882126069E+004  0.359337307188136E+002 -0.336602378196393E+002 -0.355849835382155E+001
  0.172712906275229E-300  0.140202467960341E+004  0.322251259959014E+002  0.374816455237411E+002 -0.675481146308001E+001
  0.228115458860195E-290  0.135539004492086E+004 -0.255060116480732E+002 -0.387267931297167E+002  0.184881071982454E+002
  0.314206339498792E-286  0.133630247771748E+004 -0.393786521333650E+002  0.307585929835502E+002 -0.153256349023636E+001
  0.677284718858906E-284  0.132552956320827E+004  0.333320029976375E+002 -0.103748393597995E+002 -0.320596232277520E+002
  0.173396629464233E-275  0.128678156131664E+004  0.420255070611961E+002  0.967347253500559E+001 -0.263771113485943E+002
  0.185747906300750E-275  0.128661745329174E+004 -0.408833675161285E+002  0.570050416036722E+000  0.289455856905510E+002
  0.323532489395756E-275  0.128548114458252E+004 -0.223871861431079E+002 -0.247663353092250E+002 -0.273723686016427E+002
  0.454468763178295E-274  0.128016982465587E+004 -0.301057986553105E+002 -0.343784140469330E+002 -0.124395094535332E+002
  0.368273079706374E-272  0.127135360274236E+004 -0.525599677984412E+001 -0.251277892455505E+002  0.347147272582280E+002
  0.477998669835737E-272  0.127080554584421E+004 -0.485598113098374E+002 -0.830228551590202E+001  0.193360868060460E+002
  0.403936658790070E-271  0.126651058494317E+004 -0.127660746209558E+002 -0.519080489258758E+002  0.854890703113993E+001
  0.372575748610371E-269  0.125743538954044E+004 -0.878240016137462E+001  0.541008780722647E+002 -0.225929759311848E+001
  0.211868595706128E-268  0.125393267713735E+004 -0.873046534103149E+001  0.212974673650313E+002 -0.366795616506274E+002
  0.743844900685898E-266  0.124218411372116E+004 -0.270994308497251E+000  0.513842017879035E+002 -0.156464701421720E+002
  0.106758209667777E-261  0.122301430432087E+004 -0.264619326848903E+002  0.425931282706700E+002  0.212559183491692E-001
  0.311220164040774E-253  0.118400658431951E+004 -0.482963074492983E+002  0.117485668734274E+002 -0.152632309634201E+002
  0.543322222234031E-253  0.118286568992528E+004  0.386776322078155E+002 -0.106058519876545E+002 -0.266307552018079E+002
  0.425580253461649E-252  0.117872252731587E+004 -0.405426118749073E+002 -0.637158565325360E+001  0.265291536786201E+002
  0.351300607372279E-248  0.116065897862204E+004 -0.395103440200043E+002 -0.150331002902703E+002 -0.232740375627779E+002
  0.563672971003118E-248  0.115968682425557E+004  0.290976329925404E+002  0.231090257962691E+002  0.230339379808097E+002
  0.346081985726865E-241  0.112839973958960E+004  0.920543987832215E+001  0.143141941394070E+002  0.387477466307078E+002
  0.856303122841313E-241  0.112656135167816E+004  0.130281965527983E+002  0.172322006245264E+002 -0.354469680288968E+002
  0.317580560634538E-235  0.110088762592573E+004 -0.172717366568510E+002  0.451356624563185E+002 -0.125874018618594E+002
  0.291459677295507E-232  0.108721728461931E+004  0.177411937314079E+001  0.498832434277109E+002 -0.133690321742876E+002
  0.103375324836359E-230  0.108005352453835E+004 -0.237409743453583E+002  0.324507860060046E+002  0.186833365187236E+002
  0.256915009201686E-228  0.106899593565076E+004  0.123652731302839E+002 -0.489503896465133E+002 -0.810187443417271E+001
  0.475280505683929E-228  0.106773912551464E+004  0.141804862693932E+002  0.385341626322723E+002 -0.226010447582955E+002
  0.884305961374664E-227  0.106186566898537E+004 -0.107620693092329E+002 -0.809719434356214E+001  0.394643589935200E+002
  0.149404709118933E-226  0.106079029698688E+004 -0.443365081950118E+002  0.127890390685052E+002  0.171065665617930E+002
  0.149970695707348E-224  0.105154590392010E+004  0.129819004002412E+002  0.408430468951831E+002 -0.208866712525313E+002
  0.307275379413011E-224  0.105008480459898E+004 -0.497732140743296E+002 -0.115290448980837E+002  0.428848761090671E+001
  0.367854328760436E-216  0.101285706732323E+004 -0.372817189378179E+002  0.185421884641934E+002 -0.189223671564536E+002
  0.125014105591286E-214  0.100577875737451E+004 -0.446647777028859E+002 -0.113074788480876E+002 -0.160386375453024E+002
  0.320188570200296E-214  0.100387129986411E+004 -0.184800425210658E+002  0.307933793278084E+002 -0.230983065383061E+002
  0.156442749216497E-212  0.996066909000163E+003 -0.437371952861801E+001 -0.276553841257734E+002  0.300998680119998E+002
  0.233138871401795E-208  0.976821849468170E+003 -0.394782837422954E+001 -0.174480048993622E+002  0.353864747374548E+002
  0.569480365587540E-205  0.961193668426519E+003  0.391252651113050E+002  0.218475986777506E+002 -0.102844449939008E+002
  0.835054758946250E-205  0.960401631979891E+003 -0.426959554395702E+001  0.410757876532184E+002  0.220375324080343E+002
  0.749443514136730E-202  0.946775963673030E+003  0.562035270541331E+001  0.352141413622443E+002  0.259111361332774E+002
  0.336194784230911E-199  0.934537243147583E+003 -0.441465418190269E+002 -0.135833982129340E+002  0.124355349014923E+002
  0.184704951202402E-198  0.931103444534883E+003  0.483553517156496E+002  0.365625543462387E+001 -0.100687011963448E+002
  0.425931466575879E-194  0.910985235811086E+003 -0.751490382591295E+001 -0.240919542801920E+002 -0.287304166422102E+002
  0.398481104174373E-190  0.892671301367669E+003 -0.300718576149055E+002 -0.412368518588266E+001 -0.276024216330429E+002
  0.770074221279350E-190  0.891327157270674E+003 -0.341195434631067E+002  0.260590536011586E+002 -0.748898553783725E+000
  0.170232491471738E-189  0.889714140234867E+003 -0.247245286966219E+002  0.320056846378701E+002  0.110428633654773E+002
  0.445402527939028E-188  0.883158852933712E+003  0.382337012529258E+002  0.221695981677164E+002 -0.684612171981714E+001
  0.274036607560224E-182  0.856472774821822E+003 -0.209621274296810E+002  0.235672219824229E+002 -0.197991512378576E+002
  0.160360267171291E-178  0.839097281120076E+003 -0.232942099896560E+002 -0.171144688085644E+002  0.228694095470917E+002
  0.615039351380619E-177  0.831777093884789E+003  0.108403712708296E+002 -0.300445838163321E+002  0.245161019438214E+002
  0.284136341183571E-176  0.828689897353685E+003  0.302912911704262E+002 -0.236002170932564E+002  0.123886419965290E+002
  0.279167198235731E-170  0.801067672421046E+003  0.327591082565744E+002 -0.114075771739187E+002  0.222667798728724E+002
  0.801735492318851E-170  0.798931246239079E+003 -0.302872492308838E+002 -0.199463119893469E+002  0.168201623503520E+002
  0.192541959211072E-169  0.797152514886566E+003  0.361243940976293E+002 -0.211108456644945E+002  0.889708374517193E+001
  0.101606586738480E-168  0.793799265720592E+003  0.342912061427365E+001  0.398146441463606E+002  0.194187988519954E+002
  0.139390744020803E-166  0.783930089426570E+003 -0.376263573773933E+002 -0.621091581988689E+001 -0.205508056697801E+002
  0.609923600607897E-166  0.780951493759071E+003  0.217859348169801E+002  0.219427113791782E+002 -0.170383391361249E+002
  0.456625241102507E-164  0.772293604316182E+003  0.444697888017234E+002  0.118966834863602E+002  0.443412181930134E+001
  0.345453616788066E-158  0.745194102003668E+003 -0.179121210922620E+002  0.130830858071904E+001  0.302560564425860E+002
  0.170801191785926E-155  0.732760817243540E+003  0.455410471705118E+002  0.718544088727207E+000  0.822003011172028E+001
  0.423431253439049E-151  0.712497864221340E+003 -0.196467917347851E+002 -0.233161098127557E+002  0.174119019187701E+002
  0.363982409094054E-147  0.694353264287026E+003  0.182261515914213E+002 -0.101580410060983E+002  0.257049144964175E+002
  0.152879429691480E-146  0.691456515588161E+003  0.893632535130475E+001 -0.421096284076769E+002  0.105086826218151E+002
  0.395413492159983E-146  0.689529460207713E+003 -0.186220929443187E+002 -0.316816125612757E+002  0.139268272236327E+002
  0.714329505919243E-144  0.679109804750633E+003  0.102364212290545E+002 -0.194290044449418E+001 -0.336266818872770E+002
  0.335091142862979E-143  0.675992027682544E+003  0.153474810976007E+002  0.386686895023536E+002 -0.892167909498248E+001
  0.405273382974401E-142  0.670980048451047E+003  0.201463350294261E+002 -0.385348202585843E+001 -0.254383962294953E+002
  0.822410411854514E-140  0.660327862233818E+003 -0.163035481763825E+001  0.384733214269295E+002 -0.174377657636399E+002
  0.507003763598294E-137  0.647453303478584E+003  0.134818940567446E+002  0.288671807993297E+002  0.193580581350791E+002
  0.243294001001695E-134  0.635079798135408E+003  0.174050166607191E+002  0.132958486086776E+002  0.219597272928505E+002
  0.137588820026914E-133  0.631588139336513E+003  0.361510514689071E+002  0.187578603235719E+002  0.255809027096348E+001
  0.765101185682988E-132  0.623525001853920E+003 -0.385576826530482E+002 -0.130757701178545E+001  0.162818037308133E+002
  0.390310725413916E-130  0.615634300908872E+003 -0.358352583870590E+001 -0.357165171620783E+002 -0.185324905432082E+002
  0.170717849998486E-129  0.612656502189359E+003  0.433233422407831E+001  0.334231675276903E+002  0.200343562375137E+002
  0.302714655386949E-129  0.611484454862537E+003  0.305261448937518E+001 -0.621164580806031E+000  0.342785837349123E+002
  0.309280133590590E-126  0.597599540217083E+003 -0.313097034901870E+002 -0.213113867002022E+002 -0.178449378350928E+001
  0.212764373932217E-125  0.593716003816956E+003  0.175892618451345E+002  0.224655566524311E+002 -0.163071878606248E+002
  0.108376656325074E-124  0.590433488396387E+003 -0.386575987224472E+002  0.120091470225971E+001  0.151180281834048E+002
  0.766529483665187E-122  0.577284136681654E+003  0.125622180162770E+002 -0.203230634111871E+002  0.201752303380490E+002
  0.643905464943608E-117  0.554580437780464E+003 -0.342715059141375E+002 -0.166820828830683E+002 -0.776415747994874E+001
  0.322179566451761E-116  0.551333662884707E+003  0.137902957227818E+002  0.157774270843083E+002 -0.199951826061393E+002
  0.756791860267625E-115  0.544994043820575E+003  0.169904604874518E+002 -0.341591800924959E+002  0.659586152985231E+001
  0.252511623174569E-114  0.542557645145465E+003 -0.208556564078437E+002  0.119321895761503E+002 -0.196753099885058E+002
  0.835397542837108E-113  0.535533083644523E+003 -0.225022761681154E+002  0.229696610034602E+002  0.283397472025335E+001
  0.238881157285974E-112  0.533405306069725E+003  0.214896630755159E+002 -0.216321037548963E+002  0.753113500405601E+001
  0.284205223178366E-112  0.533031354785001E+003  0.529933997613064E+000 -0.355069199122430E+001 -0.325346973597258E+002
  0.309129952354304E-112  0.532836734027012E+003 -0.259685843173956E+002  0.989366172135254E+001 -0.196722562758927E+002
  0.100213002242180E-111  0.530458000993805E+003  0.396853125233074E+002  0.709894321116543E+000  0.114066645376365E+002
  0.353262180484021E-111  0.527911685422221E+003 -0.118898275465200E+002  0.393192988942612E+002 -0.988863255581670E+000
  0.392862019201995E-111  0.527672699064977E+003  0.186612162393438E+000 -0.423693900484427E+002  0.386234874063202E+001
  0.620102327890079E-111  0.526733356500752E+003  0.689168654540623E+001  0.295516226109490E+002 -0.193823113308612E+002
  0.144176418638426E-110  0.525019389521772E+003  0.906732837205369E+001  0.386363360302565E+001 -0.303849148898026E+002
  0.956816221635502E-108  0.511997411380391E+003  0.109746209985509E+002  0.305720966466605E+001 -0.292322138182954E+002
  0.633324924633934E-104  0.494375495658136E+003 -0.173996052757574E+002  0.864625155264932E+001  0.202258934778722E+002
  0.444804005946796E-103  0.490450534719515E+003  0.287730408724517E+002 -0.473419031361914E+001  0.194612744858101E+002
  0.680818354565417E-103  0.489572720689786E+003 -0.239021191273087E+002 -0.149275334217204E+002  0.154655878296721E+002
  0.745575399020734E-101  0.480154168402778E+003  0.180826544627723E+002  0.317018698958796E+002 -0.197673743589588E+001
  0.358454796248717E-100  0.476987215177726E+003  0.207767239701642E+002 -0.133557409440699E+002 -0.169019990786474E+002
  0.155297066672821E-098  0.469423309790031E+003 -0.361438866232222E+001  0.621798854400478E+001  0.301336930745985E+002
  0.190540572910192E-097  0.464382598528138E+003 -0.131167906998112E+002  0.153659658591214E+002  0.166248953999271E+002
  0.683842110025387E-094  0.447984873707403E+003  0.139980197189273E+002 -0.341774989165207E+002 -0.622160076634503E+001
  0.461825765801688E-092  0.439533121617986E+003  0.831487057811918E+001  0.305937753113346E+002  0.156792043008526E+002
  0.166102902242652E-091  0.436946621379139E+003 -0.128092539422939E+002  0.156888815020131E+002 -0.155549328720152E+002
  0.550061904840793E-091  0.434525284252002E+003  0.192558982052114E+002 -0.243715429699236E+002 -0.568284740182704E+001
  0.923817065955283E-091  0.433461827307853E+003 -0.407506160485644E+001  0.931199603326490E+001  0.278272797719882E+002
  0.378847905536995E-089  0.426007754985550E+003 -0.175849875389018E+002 -0.126589112672546E+002 -0.157352124006599E+002
  0.102000538484783E-088  0.424000407800769E+003  0.112159674650674E+002 -0.355666157003776E+002 -0.659942658326330E+001
  0.161822801150021E-088  0.423050869699309E+003 -0.234347878963770E+002 -0.163522941069098E+002  0.114684372612461E+002
  0.310419632365207E-088  0.421721533009019E+003  0.686895153501122E+001  0.390062850873440E+002 -0.984702475419006E+000
  0.408712565387880E-087  0.416539698169610E+003 -0.916622236720036E+001  0.156078711369054E+002 -0.187512226703601E+002
  0.259198742344092E-085  0.408213701389073E+003  0.140625823707450E+002  0.633262806703947E+000  0.240615052764821E+002
  0.383489893286800E-085  0.407403774627212E+003 -0.170692199573963E+002 -0.212692939807366E+002  0.101046460319748E+002
  0.144364899711134E-084  0.404726052280646E+003 -0.207387470278526E+002 -0.107792921042209E+002  0.166029106125754E+002
  0.277530004215319E-084  0.403392391966102E+003  0.319859860276862E+002  0.871231623699349E+001 -0.130955546146254E+002
  0.159571897451512E-081  0.390657259879157E+003 -0.318651882680150E+002 -0.608494944600432E+001  0.141604177710650E+002
  0.271697494896117E-080  0.384961209823870E+003 -0.100670832858589E+002 -0.347683326127064E+002 -0.729252149449888E+001
  0.484612339379488E-080  0.383777399420773E+003  0.249043867258378E+002  0.155004097176457E+002 -0.103504184851202E+002
  0.158180995142919E-079  0.381384957490887E+003 -0.889526347080847E+001  0.186526249194779E+001 -0.269248194991771E+002
  0.120760027823392E-078  0.377293166013472E+003 -0.344449009555249E+002  0.124787903778876E+002 -0.766333524708436E+000
  0.173738966271487E-078  0.376539178272544E+003 -0.252739053263207E+001 -0.896716818719980E-001 -0.289159432311841E+002
  0.215717200346932E-078  0.376079859192545E+003  0.907667106102306E+001  0.731204039362281E+001 -0.250962724171354E+002
  0.273319977374916E-078  0.375580018949186E+003  0.285753612055742E+002 -0.977178149473176E+001 -0.139364615139619E+002
  0.535526233855687E-075  0.360392804555694E+003  0.449052674896416E+001  0.146698282145017E+001 -0.280484184748112E+002
  0.106760727280244E-073  0.354381293212904E+003  0.187366041663347E+002 -0.183734703347414E+002 -0.169457604498944E+001
  0.110659945053668E-072  0.349677888965151E+003  0.348250514286457E+001 -0.371097021335275E+002 -0.569891338457096E+001
  0.154914091036035E-072  0.348978580969755E+003 -0.153263197818011E+002  0.583337890898673E+001 -0.182294390688390E+002
  0.209715476153633E-072  0.348346328466855E+003  0.156877544805413E+002 -0.218387693063042E+002 -0.930210133416679E+001
  0.698023163409420E-069  0.332099326353336E+003  0.242652860167599E+001  0.349772983392468E+002 -0.946368288371833E+001
  0.228766218539608E-067  0.325093598898360E+003 -0.795967165661075E+001 -0.789897640979540E+001  0.236752649576748E+002
  0.186338247265210E-066  0.320872212351863E+003  0.324784982750572E+002  0.580110814981393E+001  0.109167720207589E+002
  0.276980492213320E-066  0.320052954853127E+003  0.951497871684776E+001  0.190212742876405E+002  0.147047510967997E+002
  0.593596188772579E-065  0.313896789828006E+003  0.288028750723278E+002 -0.149689835931018E+002  0.720030988744824E-001
  0.131432438110441E-064  0.312280541849199E+003 -0.509730376077579E+001  0.234435729247518E+002  0.161897904773132E+002
  0.432760997618903E-064  0.309870666063491E+003 -0.331816209525435E+000  0.702902964579550E+000 -0.272318300089334E+002
  0.736987664879673E-064  0.308779404513889E+003  0.166283650779583E+002 -0.219968994680084E+002 -0.399483990048363E+001
  0.186934521463179E-062  0.302286199192776E+003 -0.273403539029194E+002  0.599388340610358E+001 -0.141473757091028E+002
  0.450876245419710E-062  0.300498839742247E+003 -0.178524277863293E+002 -0.117147925671354E+002  0.120962755592831E+002
  0.212553663588837E-061  0.297371175923618E+003 -0.122051042854370E+002  0.152570368302742E+002  0.106643247980163E+002
  0.189368916460630E-060  0.292970510163273E+003  0.611644683859794E+001  0.149019153210239E+002  0.148514334679974E+002
  0.534579948829475E-059  0.286263281034408E+003 -0.348457155523788E+001  0.727761180461215E+001 -0.244508436604929E+002
  0.416651958411862E-057  0.277524910318816E+003  0.113794746681558E+002 -0.102146504089131E+002  0.156002551358945E+002
  0.640525388362185E-057  0.276638344829903E+003  0.176997598251551E+002  0.141600929028512E+002 -0.764908379600871E+001
  0.413882181666490E-056  0.272880099012261E+003  0.160462623839751E+002  0.153501669757538E+002 -0.304794433707494E+001
  0.132043058659137E-055  0.270533344926012E+003 -0.132503280538123E+002 -0.247365623583192E+002  0.775864694298726E+001
  0.312865397994013E-055  0.268781564495848E+003 -0.145886070714041E+002  0.108038518743331E+002  0.108951792510784E+002
  0.439566258320252E-055  0.268075043233386E+003  0.801793619589633E+001  0.166640946835700E+002 -0.134286615936997E+002
  0.571097201057520E-055  0.267525010858844E+003 -0.156898454636911E+002 -0.127798661026084E+002 -0.856119692386222E+001
  0.347704994657507E-053  0.259280590075234E+003 -0.318228348627115E+002 -0.910106350017850E+001  0.493368858135673E+001
  0.768541911263772E-053  0.257667818233362E+003 -0.141911706663980E+002 -0.215530485150014E+002 -0.644484349138006E+001
  0.900705040954811E-053  0.257323962304786E+003  0.221218247300761E+002 -0.115739816363792E+002  0.103215427707385E+002
  0.131832885369568E-052  0.256535587135105E+003 -0.391460838766638E+001 -0.953122152773926E+001  0.217489028621093E+002
  0.163080692865939E-052  0.256083676629626E+003 -0.299185699164060E+002  0.674857592472408E+001 -0.999158868243838E+001
  0.101583681557031E-051  0.252398740427977E+003 -0.152996341439702E+002  0.145929661595281E+002  0.226223756326958E+001
  0.106082230870587E-051  0.252285586677187E+003  0.223235487481872E+002 -0.152700813844696E+002  0.117507292176425E+001
  0.168525095185690E-051  0.251333355993162E+003  0.806551867887045E+001  0.118243535337308E+002  0.158425081866529E+002
  0.273538405889810E-051  0.250338150811309E+003  0.429467611475089E+001 -0.281976737216384E+002  0.123434811703207E+002
  0.314923630880516E-051  0.250029884093708E+003  0.200996400301461E+002  0.662104974361185E+000 -0.154029557854598E+002
  0.777235337338063E-050  0.243591397421854E+003 -0.252866935081498E+002 -0.135191374161787E+002  0.453262249288657E+001
  0.179367719291760E-049  0.241892347157546E+003 -0.444047425951737E+001 -0.595506533151665E+001 -0.232053476430301E+002
  0.248978588307658E-048  0.236604828706739E+003  0.554073532467868E+000 -0.343939254130251E+002  0.409661035484592E+001
  0.469933357566514E-048  0.235307890272831E+003 -0.104562467109999E+002  0.128737431163499E+002 -0.102657620010308E+002
  0.149892346917615E-047  0.232961576719382E+003 -0.329423015122814E+002  0.648733041065285E+001 -0.332301465470778E+001
  0.493924192618184E-047  0.230550156865973E+003 -0.274282860198896E+002  0.629003733462777E+001  0.111119587818476E+002
  0.529498275450705E-046  0.225779400508639E+003 -0.131845152475755E+002  0.140475246073594E+002 -0.482031949061816E+001
  0.111779046881263E-044  0.219653381245222E+003 -0.530480417227769E+001 -0.156183681894327E+002  0.126486098829716E+002
  0.182176617504195E-044  0.218649985761126E+003  0.195833472887010E+001 -0.185277730166675E+000 -0.242284945437434E+002
  0.178218674580692E-043  0.214062255796023E+003 -0.635672554876365E+000 -0.216460085683505E+002 -0.140932006996183E+002
  0.183637708678731E-043  0.213975858268752E+003 -0.248312702821066E+001 -0.180213405097510E+002  0.138406762486511E+002
  0.217484709252181E-043  0.213611040407831E+003  0.368841953149824E+001 -0.146373364138795E+002 -0.128927771369938E+002
  0.460060278190607E-042  0.207480921818994E+003  0.134788208986401E+002 -0.128300776902307E+001  0.135515935108099E+002
  0.867626171909126E-042  0.206185624517644E+003 -0.242634255132228E+002  0.752004008274281E+001  0.109145452737432E+002
  0.329565828325302E-041  0.203489933533966E+003 -0.945088227470153E+001  0.762153918656274E+001  0.166145575936105E+002
  0.838744183660223E-040  0.196990013619947E+003 -0.153928985028652E+002  0.127163728403669E+002  0.132925194965895E+001
  0.548098470758934E-039  0.193209254563973E+003 -0.325137248455389E+002  0.216759741940785E+001 -0.442571355255809E+001
  0.927883636763973E-039  0.192129861367404E+003  0.529587684312094E+001 -0.177512887267943E+002  0.121118256843245E+002
  0.829975303744515E-037  0.183116051317293E+003  0.961549609065443E+001 -0.256294698770994E+002 -0.682911627654245E+001
  0.542616986482403E-036  0.179334375158546E+003  0.243805578055790E+001  0.163552871415688E+002 -0.121563071661396E+002
  0.351195220580447E-035  0.175572837424278E+003 -0.107839045551931E+002 -0.172894465357520E+002  0.629306076994715E+001
  0.624173260659261E-035  0.174396175494180E+003 -0.248560499516721E+002 -0.886755449829084E+001 -0.773633670083531E+001
  0.691168371378246E-035  0.174165774108080E+003 -0.126240874285396E+002 -0.201926806505430E+002 -0.155901855004338E+001
  0.121318756034362E-032  0.163803697153145E+003  0.127506003497777E+002 -0.105944114767517E+002 -0.562723860336737E+001
  0.184397051857416E-032  0.162939866911526E+003  0.123872270615415E+002  0.117080156365686E+002  0.279912515193908E+001
  0.656903309424261E-032  0.160372485428843E+003 -0.117187477122479E+002 -0.219610722126798E+002 -0.262051659601419E+001
  0.174081160682890E-031  0.158396855202668E+003 -0.198803098639494E+002  0.646875527534604E+001  0.102081932108227E+002
  0.701459047662828E-031  0.155583082972319E+003 -0.905944148491611E+001  0.389048936851792E+001  0.167855117268304E+002
  0.433193654022506E-030  0.151915377640125E+003  0.267475580499316E+002 -0.908481374519474E+001  0.339432926892082E+001
  0.492062066043802E-030  0.151634047200459E+003 -0.291772139960543E+001 -0.273922234042541E+002 -0.872613638124831E+001
  0.848482159381094E-030  0.150517868348252E+003  0.109594391067015E+002 -0.224899037596783E+002 -0.344650780502485E+001
  0.121606182911738E-029  0.149771530196428E+003  0.288316545271007E+002 -0.266214940454262E+000  0.770532361965755E+001
  0.137976566116161E-029  0.149492447652064E+003  0.517878020362372E+001 -0.180642321330864E+002  0.103244835216028E+002
  0.325007339041745E-029  0.147752429391051E+003 -0.819955580484111E+001  0.186453419208464E+002  0.814580195258485E+001
  0.513700390027637E-029  0.146810354071585E+003 -0.234340419563378E+001 -0.878857082668608E+001  0.171936991624335E+002
  0.586939438166998E-029  0.146517300726077E+003  0.126370816923551E+001 -0.482261015123257E+001 -0.204562061803561E+002
  0.112655439190883E-028  0.145186815472651E+003 -0.290700883364663E+002 -0.500001346886610E+001 -0.505862158303136E+001
  0.477527552439273E-028  0.142271749199147E+003  0.237749482367751E+001 -0.120593804363579E+002  0.109566293286477E+002
  0.641092769715094E-028  0.141656154119059E+003  0.179922225349446E+002 -0.924744335618652E+001  0.630707928535870E+001
  0.676604161583876E-028  0.141521839197431E+003  0.255223472244474E+002 -0.985597268856235E+001  0.124691485683068E+001
  0.986813713195213E-028  0.140740558995667E+003 -0.212285198711848E+002  0.110820039510350E+002 -0.202236503105118E+001
  0.115422217639805E-027  0.140400667193056E+003 -0.231423917997848E+002 -0.783221883617571E+001  0.754001744293465E+001
  0.209547192349400E-027  0.139181472513447E+003  0.477456238517142E+001  0.102052917688714E+002  0.104040800595563E+002
  0.288053030925608E-027  0.138518590814871E+003 -0.626087511722965E+000  0.212642349809200E+002  0.111444061808316E+002
  0.579718030495011E-027  0.137093305896037E+003 -0.897779890847852E+001 -0.134502143426210E+002 -0.567960632303068E+001
  0.771568578930049E-027  0.136495047988087E+003 -0.702810087424105E+001 -0.277820680064348E+002  0.376958056030213E+001
  0.817402880441888E-026  0.131747974275007E+003 -0.298772600211175E+001  0.105498728342099E+002 -0.105761410057520E+002
  0.225126419946412E-025  0.129695253603891E+003 -0.102076016067140E+002  0.341262138297583E+001  0.112343750554501E+002
  0.250128329560695E-025  0.129458139163277E+003  0.577009247322989E+001 -0.160036698444424E+002 -0.823790500038513E+001
  0.274192766721672E-025  0.129247934144162E+003 -0.579701904394334E+001 -0.288446971913627E+002 -0.225461968172593E+001
  0.509386991939003E-025  0.127982690412731E+003 -0.302722920748607E+001 -0.929788148108770E+001 -0.144763207737521E+002
  0.947321994165985E-025  0.126715337910875E+003 -0.666345711172572E+001 -0.221015346858138E+002 -0.809732691467947E+001
  0.101861867075082E-024  0.126543720069883E+003 -0.228386635358546E+002 -0.765190246586248E+001  0.689953418868437E+001
  0.209674645554050E-024  0.125073350873763E+003  0.346777039931486E+001 -0.259385109520394E+002 -0.809020895723406E+001
  0.284910884251914E-024  0.124433621576020E+003  0.265897967590364E+002 -0.841940075693145E+000  0.824431993116225E+001
  0.433728773345519E-024  0.123566645226529E+003 -0.262470174115339E+002  0.739680900098716E+001 -0.418307413958218E+001
  0.490381304343407E-024  0.123294627036862E+003  0.359974848558313E+001 -0.143245291947192E+002 -0.890543028113753E+001
  0.216209693876640E-023  0.120300835435120E+003 -0.252604615189511E+002 -0.646501007656932E+001  0.620495759215292E+001
  0.714825539370783E-023  0.117882765441023E+003  0.710278502600620E+001 -0.270039696917868E+002  0.245908373987148E+001
  0.154392464058353E-022  0.116316186168642E+003 -0.612529810689566E+001  0.278655852728717E+002  0.214451662462422E+001
  0.346127584504377E-022  0.114675076475253E+003  0.874352522673333E+001 -0.411599464436335E+001 -0.129923076613389E+002
  0.873574459677965E-022  0.112797014180923E+003 -0.500232629512806E+001 -0.196085647585507E+002  0.867698094025502E+001
  0.271389826234405E-021  0.110503427758212E+003 -0.296811659935113E+001  0.151260786870893E+002 -0.813063038167007E+001
  0.337348542359952E-021  0.110041816533208E+003 -0.577973823134171E+001  0.366739645322043E+001  0.171313476800030E+002
  0.345107457390973E-021  0.109969847693662E+003  0.284059062832328E+002  0.478597276098802E+001  0.201854550358794E+001
  0.510622449969313E-021  0.109159807975305E+003  0.917191091370725E+001  0.275693610777844E+001  0.122593440268702E+002
  0.343663955344180E-020  0.105320079667297E+003 -0.328356935450635E+001  0.278228003458765E+001 -0.186294057581262E+002
  0.118540887094489E-019  0.102817231759982E+003 -0.616427142507120E+001 -0.648826915502951E+001  0.132234805564373E+002
  0.209649658493479E-019  0.101650381496794E+003 -0.700490420451410E+001 -0.573148851201088E+001 -0.127205168602429E+002
  0.349463239544074E-019  0.100601969980630E+003 -0.206495013548325E+002  0.262042670408866E+001 -0.899905305168294E+001
  0.398711509559888E-019  0.100311800035771E+003 -0.244580945127612E+002  0.197728723390256E+001  0.801230319655400E+001
  0.531919288311102E-019  0.997088022973896E+002  0.154050114881668E+002  0.775346895538055E+001 -0.248648682990662E+001
  0.107067602166264E-018  0.982832043243450E+002  0.890424776369186E+001 -0.220102121509506E+002  0.162052373111542E+001
  0.140787883759577E-018  0.977091259583089E+002 -0.188772653573360E+002  0.474533768561535E+000 -0.915930589896253E+001
  0.147397044097250E-018  0.975908844272838E+002  0.223771539599677E+002 -0.302292207125438E+001 -0.839472689233072E+001
  0.389094235126899E-018  0.956230106977348E+002  0.772177276694291E+001 -0.114347084423855E+001  0.147285499288486E+002
  0.579844095149749E-018  0.947986448402815E+002  0.477023127959468E+001 -0.276942799628478E+002  0.714890341647852E+000
  0.920081662350887E-018  0.938487480596059E+002 -0.750221299575778E+001  0.833385529832832E+001  0.473914263391072E+001
  0.122046979811362E-017  0.932572001771155E+002  0.836010945492033E+001 -0.103617357247932E+002 -0.330217978252778E+001
  0.196161052117167E-017  0.922816497930756E+002 -0.170816131278013E+002  0.645789477872944E+001 -0.545249822134219E+001
  0.500357088062067E-017  0.903823873328873E+002 -0.195215365804269E+002  0.750998945194279E+001 -0.462849786523983E+001
  0.102470179722855E-016  0.889222270792527E+002  0.613889640136082E+001 -0.154878862919073E+002  0.430832167624428E+001
  0.109956756185916E-016  0.887547059533555E+002  0.811203875468536E+001  0.130858544899916E+002 -0.104714337125744E+001
  0.108840092708748E-016  0.887486302942789E+002  0.822170092817835E+001 -0.186337524144781E+002 -0.263725342823356E+001
  0.178327110423035E-016  0.877346602465969E+002 -0.101636098973529E+000  0.174839028810389E+002  0.831041873829318E+001
  0.225693003828055E-016  0.872370575473214E+002 -0.403989394021284E+001 -0.805413832960932E+001 -0.740286278363234E+001
  0.314522639968456E-016  0.865468063437255E+002  0.591939848110697E+001 -0.256277722007224E+002 -0.273955872179703E+001
  0.417341053494063E-016  0.859546204884697E+002 -0.719519558921384E+000  0.854880151163404E+001  0.101561377098480E+002
  0.801811851769564E-016  0.846221895950810E+002 -0.273703354823450E+001 -0.127080909444731E+002  0.758066978277047E+001
  0.178859466005603E-015  0.829910761359593E+002 -0.371073688685639E+001  0.706981328719192E+001  0.126284447767703E+002
  0.285014158552080E-015  0.820327087488689E+002  0.503742157461380E+001  0.528421675429756E+001  0.594951645673619E+001
  0.320294265601065E-015  0.817728157052136E+002  0.274984429124127E+002 -0.382400645536478E+000  0.361516435429967E+001
  0.518405238890872E-015  0.807832910564541E+002  0.683340729886628E+001  0.382867338394279E+001  0.126643141389760E+002
  0.531972762086536E-015  0.807051305268074E+002  0.106843542619747E+002 -0.640761599214073E+000 -0.821557595739574E+001
  0.630469710944692E-015  0.803388944221739E+002  0.876291239228291E+001 -0.803308562622456E+001 -0.139601967211378E+001
  0.160167006784717E-014  0.784477298851786E+002  0.476374539044073E+001 -0.234577636083292E+002 -0.560961714709223E+001
  0.235403846703514E-014  0.776510684865520E+002 -0.625605727299997E+001  0.475442354446294E+000 -0.150947271191791E+002
  0.330802764379783E-014  0.769441384651811E+002 -0.624185272643270E+001 -0.248660003075023E+002 -0.140532130913078E+001
  0.597280285099724E-014  0.757359196662175E+002  0.350469822672535E+001  0.704706771761190E+001 -0.112088509242259E+002
  0.693205124381680E-014  0.754115502973683E+002  0.152346477555852E+002  0.332174190394264E+001 -0.543334797459404E+001
  0.710824246302112E-014  0.753348613302405E+002  0.209540821465770E+001 -0.199462912925036E+002  0.765576352082067E+001
  0.174909562893864E-013  0.735075129909593E+002  0.285040572954897E+001 -0.140844065289824E+002 -0.603075522742769E+001
  0.212339269878425E-013  0.730931900009732E+002 -0.894184848650473E+001  0.746176960081706E+001 -0.199122437566879E+001
  0.295370355123989E-013  0.724066101776600E+002  0.266851758129120E+002  0.247579074830586E+001 -0.304219799923083E+001
  0.396329344417540E-013  0.717920886573734E+002  0.705595197723167E+001 -0.660623945918023E+001  0.267841423669325E+001
  0.470918908561013E-013  0.714207174696548E+002 -0.377946746053395E+001 -0.232038408530436E+002 -0.587717797421457E+001
  0.487573962787827E-013  0.713247148422838E+002 -0.581387022926952E+001 -0.467971989584535E+001  0.118147516259065E+002
  0.130158051242825E-012  0.693344392161615E+002 -0.949842990460859E+000  0.252335519663907E+001  0.448881116888934E+000
  0.171626778522141E-012  0.687548032904878E+002  0.529777083329380E+001  0.505933689789195E+001  0.116616292034694E+002
  0.221218691472817E-012  0.682206537579186E+002  0.155034422283362E+001 -0.131809379791223E+001 -0.171936909341696E+002
  0.310280669975345E-012  0.675175122874717E+002 -0.126729154797856E+001  0.316962391239674E+001 -0.165980635524115E+002
  0.394718119382363E-012  0.670096326070632E+002  0.140979103858148E+002 -0.459894849264329E+001  0.409098417347843E+001
  0.429911845995779E-012  0.668123255735169E+002  0.374595291715679E+001 -0.592070339457337E+001 -0.767730595121441E+001
  0.515113088784230E-012  0.664242225438739E+002  0.312553867586291E+001  0.193786310857846E+002 -0.662862015579484E+001
  0.854219674481555E-012  0.653861282416679E+002 -0.233390166584435E+000  0.272378410097949E+001  0.240444235777495E+000
  0.850361631220698E-012  0.653686911547297E+002  0.811614799612322E+000 -0.219610855863310E+002  0.696660533277641E+001
  0.937192076545261E-012  0.651477476118182E+002  0.519210857011582E+001  0.145658441181092E+002  0.224458507160678E+001
  0.971474470192998E-012  0.650494036832915E+002  0.708600073862077E+001  0.185136434485058E+002  0.546091004496169E+000
  0.207685406235480E-011  0.635033240937605E+002  0.633418974632676E+001  0.207710263575998E+002  0.323362902556551E+001
  0.217451866979815E-011  0.633849275201534E+002  0.570090813969369E+001  0.950376279825925E+001  0.427876109526343E+001
  0.220617975583092E-011  0.633295269393172E+002  0.177594164942719E+001 -0.718502056927539E+001  0.631832788915071E+001
  0.234690715777336E-011  0.631793645742554E+002  0.114819425378801E+002  0.110555219190209E+001  0.688697605683811E+001
  0.294778275458229E-011  0.626969642789962E+002 -0.138799852407851E+001  0.304569418460153E+001  0.278440471687503E+000
  0.548667095987922E-011  0.614279370056455E+002  0.388365666005222E+001  0.321262282524693E+001  0.117014730902635E+001
  0.620438776400950E-011  0.611555764390300E+002  0.233725365257820E+002 -0.316775401855762E+001  0.523606553310901E+001
  0.802034358921310E-011  0.606156369517514E+002 -0.455625033231191E+001  0.419880122377059E+000 -0.474291099554485E+001
  0.847116496764278E-011  0.604797729439488E+002 -0.159555278099674E+001 -0.197192837639608E+002  0.674719620506401E+001
  0.135836784989106E-010  0.595088806464511E+002 -0.760815160314849E+001 -0.640815843574443E+001 -0.626844169118556E+000
  0.149163711742825E-010  0.592952094236459E+002  0.189837334129274E+002 -0.249396996808104E+001  0.630174574334441E+001
  0.167223704804480E-010  0.590401429172607E+002  0.628543214266757E+001  0.113708555814523E+002 -0.230731762871670E+001
  0.183501306035047E-010  0.588278738256033E+002 -0.421533070052968E+001 -0.167996875952361E+002  0.429957386505319E+001
  0.200710258970950E-010  0.586221022008666E+002  0.649562915224439E+001  0.112810139080206E+001 -0.572181964015245E+001
  0.754899858757342E-010  0.559461662821675E+002  0.215666277411641E+002  0.252865256223489E+001 -0.589637464804344E+001
  0.124761910061928E-009  0.549148614457425E+002  0.508755340243884E+001  0.151742384291359E+001  0.137945435393255E+002
  0.157650348351896E-009  0.544204262039836E+002  0.151824358306506E+002 -0.119787737306724E+001  0.421250305269048E+001
  0.389301131717769E-009  0.525859886184272E+002  0.188369224424571E+002  0.847010406622289E+000  0.617942445155248E+001
  0.417179254583221E-009  0.524211724951911E+002  0.636041244961000E+001 -0.471086583241282E+001 -0.215680137522651E+001
  0.428094195166804E-009  0.523430275277026E+002 -0.588253988164221E+001  0.110040089653544E+002  0.209766347012177E+001
  0.424988080349751E-009  0.523311013366775E+002 -0.139153248056491E+001 -0.248114699281155E+002 -0.386186092329261E+001
  0.429448716122000E-009  0.522837284665257E+002  0.102017320381523E+001 -0.243798201387231E+002 -0.444180420786221E+001
  0.544107707468721E-009  0.517839482364106E+002 -0.244874018000300E+001 -0.511446880815017E+001  0.127017221443946E+002
  0.657201119848096E-009  0.513797720405075E+002  0.333352661572401E+001  0.306427322804751E+000 -0.472335803304102E+001
  0.652608208758685E-009  0.513673078420169E+002  0.241531463004326E+002 -0.130299396167803E+001 -0.448222761055867E+001
  0.688039766943501E-009  0.512350780396619E+002 -0.250969075906296E+001  0.235551867396717E+002 -0.446840592912084E+001
  0.736968617236942E-009  0.510711902412384E+002 -0.369579791861204E+001  0.381937931649902E+001  0.132394572987654E+002
  0.728668585086697E-009  0.510673523810751E+002 -0.240251705603523E+002  0.468113718880073E+001 -0.788532135413156E+000
  0.204957500255182E-008  0.492184908170884E+002  0.111168536373403E+001  0.153597711746363E+001 -0.158592351182114E+002
  0.231323279764119E-008  0.489258280614313E+002 -0.180359378069710E+000 -0.163702966636019E+001 -0.409063050449712E+001
  0.239183216993141E-008  0.487589799305192E+002 -0.221530673944710E+001  0.409766006942823E+001  0.139708680842857E+002
  0.254305760851659E-008  0.485869797665572E+002  0.785530555242504E+001 -0.341539220147610E+001 -0.458580167581417E+001
  0.494953939178668E-008  0.471575446779356E+002 -0.660011442139805E+000 -0.113362216120727E+002 -0.580031523146074E+001
  0.663947216271859E-008  0.465700687845848E+002  0.319265980894939E+001 -0.740577465475640E+001 -0.428418048099113E+001
  0.125883538745439E-007  0.452412043112049E+002 -0.139877756490102E+001  0.560228561785688E+001 -0.107786121613448E+002
  0.136024787477383E-007  0.450368591937522E+002  0.316192430805251E+001 -0.242626478429144E+002 -0.236138574525671E+001
  0.173643775876053E-007  0.444991363573096E+002  0.674603159142072E+001  0.445266014131840E+001  0.167088570109295E+001
  0.180354817053247E-007  0.444232959956254E+002  0.227919493112325E+002  0.889920528951293E-001  0.503265445469493E+001
  0.204399556870565E-007  0.441729948478049E+002  0.130146171889998E+002 -0.447576485126326E+000  0.485715644724675E+001
  0.325595579398877E-007  0.431898851412454E+002 -0.158826338461218E+000 -0.736000419564836E+001 -0.499022012493135E+001
  0.481641146051033E-007  0.422548267887972E+002 -0.142765716223865E+001 -0.122527796094670E+002 -0.488352549433129E+001
  0.832188787700163E-007  0.410164654718834E+002 -0.483390169005430E+001 -0.213085458694827E+002 -0.215517587146365E+001
  0.883995495641470E-007  0.408026401529705E+002  0.556483672715217E+001 -0.211161003562387E+001  0.231954421391582E+001
  0.922614329238119E-007  0.406711424461761E+002  0.494660174029202E+001 -0.382791568961061E+000  0.192223684711187E+001
  0.102586188107506E-006  0.404589882552469E+002  0.983111688390733E+001  0.456631434751515E+001  0.287862040476486E+001
  0.117712831278231E-006  0.401368378198421E+002  0.245609638897692E+002  0.137522970374677E+001 -0.248000098481863E+001
  0.138629258640374E-006  0.397626665437282E+002  0.412333612730296E+001  0.198054617652588E-002 -0.133864401971907E+002
  0.164320850054914E-006  0.393755700417957E+002  0.306388720733020E+001 -0.121687874052315E+002 -0.374055367829013E+001
  0.206623726318292E-006  0.389174130966580E+002  0.226709298084869E+001 -0.356544605585893E+001  0.687389821945764E+001
  0.298717565638211E-006  0.381320197164056E+002  0.898970930085015E+001  0.477639418434272E+001 -0.173338005702717E+001
  0.301438789201152E-006  0.380656877248205E+002 -0.178578400284830E+001 -0.148537297242918E+002 -0.664702941459758E+000
  0.333905239040630E-006  0.378129120964411E+002 -0.114857017811701E+000 -0.510921037408078E+001 -0.936525223750579E+001
  0.457678337540969E-006  0.371340982326471E+002  0.246250966823401E+002  0.196901436353605E+001 -0.756820159977451E+000
  0.510231254638702E-006  0.368685082378475E+002  0.490583310937106E+001 -0.902418894318687E+001 -0.745867232792101E+000
  0.948566443364633E-006  0.354421518427176E+002  0.462854514142026E+001  0.164967564715275E+001  0.100671370423030E+002
  0.100103337416439E-005  0.352895335676720E+002  0.479595419528486E+001  0.318471989475739E-001 -0.900272466839579E+001
  0.117499687958696E-005  0.349241225533258E+002  0.193751591058915E+002  0.240882776409057E+001 -0.417593829217189E+001
  0.189470264775333E-005  0.338796261878125E+002 -0.612269284049802E+000 -0.165451922888572E+002 -0.320566248795932E+001
  0.187394315347512E-005  0.338577025005280E+002  0.245135457137468E+001 -0.163767974830032E+002 -0.185153565745526E+001
  0.220728399273818E-005  0.334432963803630E+002  0.168735336178223E+000  0.465971316322344E+001  0.936038026150256E+001
  0.260532886033847E-005  0.330686917458490E+002  0.122281082352498E+002  0.177519729487882E+001 -0.369595933538550E+001
  0.381050494460349E-005  0.322231669119332E+002  0.105916349379650E+002  0.448457469955534E+001 -0.684792072768097E+000
  0.401050220984028E-005  0.321208573897547E+002  0.278334163290985E+001 -0.164859192871216E+002  0.855756740352213E+000
  0.423716512757867E-005  0.320109014481440E+002  0.188873664448104E+002  0.220668404067175E+001  0.382239571098549E+001
  0.428191071524227E-005  0.319898916578935E+002 -0.302203584060422E+001 -0.816968929721099E+000 -0.669894437935787E+001
  0.455330106970628E-005  0.318220396642605E+002  0.943449715247550E+001  0.445833036887701E+001  0.576846532759546E+000
  0.492733091584889E-005  0.316192040218889E+002 -0.128791357903106E+001 -0.192181795988042E+001  0.613033415258850E+001
  0.499863925400202E-005  0.315455217479287E+002 -0.132894061028666E+001 -0.971427285498967E+001 -0.429010652636615E+001
  0.555499562873219E-005  0.313344579279503E+002  0.988188701072325E+000 -0.382678070278715E+000 -0.143495647966500E+002
  0.556166028544774E-005  0.312860808115152E+002  0.335656876527791E+001 -0.202670201503515E+002 -0.294201335508317E+001
  0.740842208925166E-005  0.306666601809973E+002  0.375531397381225E+001 -0.216870774554708E+002  0.155732533692725E+001
  0.746628976545075E-005  0.306510987452654E+002  0.218865988635605E+002  0.119724481935373E+001 -0.379020629023194E+001
  0.763981019072002E-005  0.306051496099738E+002  0.703124674108821E+000  0.422828525999654E+001  0.109693216542690E+002
  0.769292476281816E-005  0.305430979353111E+002  0.122440121084340E+002  0.364944830035751E+001  0.946704865434810E+000
  0.936064247586379E-005  0.301506721668270E+002  0.328281884053259E+001  0.182238613568924E+001  0.781828122659577E+001
  0.105915154780062E-004  0.298542082910766E+002  0.162324763507293E+001 -0.160419724959557E+002 -0.510459367159811E+000
  0.106016712605244E-004  0.298522914895269E+002  0.215970491536335E+002 -0.396719318653449E+001 -0.519922222861659E+000
  0.868641615577926E-004  0.250601636474734E+002  0.859485491075840E+001  0.375616490583273E+001 -0.109649703494117E+001
  0.908028724496256E-003  0.192470711196950E+002  0.992054745084698E+001 -0.627244438592783E+000  0.332756253858182E+001
  0.130138955198106E-002  0.182410457409573E+002  0.123458373250872E+002 -0.150553169793353E+001 -0.164219880449936E+001
  0.228684406756474E-002  0.169755796962366E+002  0.979513661209738E+001 -0.165919850962180E+001 -0.253101177713440E+001
  0.235815198153458E-002  0.169141686502626E+002  0.102841208798685E+002  0.171459125009012E+001 -0.247365527970053E+001
  0.231704004440347E-002  0.168011281568491E+002  0.122416556213163E+002 -0.163554842392038E+001 -0.115171142525990E+001
  0.254870490319253E-002  0.166105385150773E+002  0.844116481791623E+001 -0.195880629119641E+001 -0.160280969723017E+001
  0.272636086088924E-002  0.164757738092879E+002  0.128763420245056E+002  0.265716829944367E-001 -0.653508941026281E+000
  0.509634953781155E-002  0.152246602001054E+002  0.121983422959691E+002 -0.650658991361674E+000  0.148119676228741E+001
  0.470474849720897E-002  0.150199214651119E+002  0.952424497360209E+001  0.191093957389965E+001 -0.183500359309289E+001
  0.538412453451241E-002  0.147501566544847E+002  0.114489860260335E+002  0.220753217757547E+001 -0.524161960073073E-001
  0.620873670015536E-002  0.142745308493408E+002  0.960346491936377E+001  0.248130853759216E+001 -0.430985315560122E+000
  0.881753025784554E-002  0.133823417510010E+002  0.103889096801638E+002 -0.118753143550069E+001 -0.201151925746789E+001
  0.915340632773772E-002  0.133075732078496E+002  0.846303519612248E+001  0.810820513592390E-001 -0.177878827358100E+001
  0.115673871398949E-001  0.124381046192628E+002  0.792400397756880E+001  0.490023111485911E+000  0.337004608444559E+000
  0.122929021655817E-001  0.119517968036549E+002  0.103885274086574E+002 -0.846804302009915E+000 -0.181909740043380E+001
  0.119406245111289E-001  0.116758398851191E+002  0.114055599377821E+002  0.138713018749734E+001 -0.382179427142546E-001
  0.127907194440744E-001  0.110920058748677E+002  0.870657826076122E+001  0.108505433571965E+001 -0.683427238013529E+000
  0.131192324995813E-001  0.109033012943447E+002  0.104801842244985E+002 -0.134519722808257E+000 -0.169704993175028E+001
  0.131798088686874E-001  0.108940878062350E+002  0.109591127865023E+002  0.129851039151939E+001 -0.716526938718665E+000
  0.134809792780931E-001  0.108489003617627E+002  0.114782753992438E+002 -0.835996670790578E+000 -0.435960312380438E+000
  0.141834710210578E-001  0.107473053129057E+002  0.874205184910548E+001 -0.109249639635208E+001 -0.443478306476294E+000
  0.126259411307655E-001  0.106458446568246E+002  0.105051583375759E+002  0.128806478001267E+001 -0.978211866153565E+000
  0.119049290645584E-001  0.106033612333396E+002  0.898541478319811E+001  0.166344760920524E+000 -0.133103610525469E+001
  0.121719441639287E-001  0.105589989867281E+002  0.106936712609836E+002 -0.786022086856576E+000  0.129820571142546E+001
  0.119686448666834E-001  0.102585775022243E+002  0.107172491822912E+002 -0.631459238179595E+000  0.125329165202480E+001
  0.112912167101281E-001  0.992882072193470E+001  0.944284614682566E+001  0.978968743049109E+000 -0.940941086227568E+000
  0.113518921177344E-001  0.978011638845377E+001  0.945711559948711E+001 -0.121285401648612E+001 -0.489619926695795E+000
  0.116559497616435E-001  0.972725174374103E+001  0.104835677427134E+002 -0.132424933128156E+000 -0.130431102150701E+001
  0.114638814778332E-001  0.947428087039072E+001  0.878987375525431E+001 -0.915388199170124E-001  0.476283117911166E+000
  0.116859205968920E-001  0.943591407527934E+001  0.112362489640121E+002 -0.216211780534081E-002 -0.364619694058717E+000
  0.121260075354310E-001  0.936197851590206E+001  0.100810362856678E+002 -0.577783482658603E+000 -0.111665908193356E+001
  0.124256144884297E-001  0.931316352091788E+001  0.987865575004925E+001 -0.189909575320840E+000 -0.121972253767560E+001
  0.120188239709618E-001  0.904562723479716E+001  0.976607814455976E+001 -0.975321828903439E+000 -0.514786122772925E+000
  0.124048293334183E-001  0.898240368640431E+001  0.102247650430606E+002  0.544809477921724E+000  0.927586446849851E+000
  0.110542729149450E-001  0.887883315069511E+001  0.107034803266085E+002 -0.397751884917952E-001  0.779561502988003E+000
  0.111268436081066E-001  0.886574617159271E+001  0.110426971042511E+002  0.460680623869223E-001 -0.419079443255796E-001
  0.102288945396783E-001  0.886001145444991E+001  0.908683546813913E+001  0.590897779140604E-001  0.497995996106262E+000
  0.945963879648865E-002  0.884235332715382E+001  0.105855341477469E+002 -0.649090451500719E+000 -0.550939467216992E+000
  0.967449600189593E-002  0.879743543798141E+001  0.101849205058169E+002 -0.862626470687928E-001 -0.990529263586438E+000
  0.932231614329364E-002  0.868097914573184E+001  0.966100676430121E+001 -0.454931528016083E+000 -0.764493072885443E+000
  0.882448761110981E-002  0.860011992808804E+001  0.104079430340575E+002 -0.258846985420199E+000 -0.769448028772203E+000
  0.902866104821043E-002  0.855437285167931E+001  0.108192692904478E+002 -0.324314830380679E+000  0.577944114444264E-001
  0.717389072209225E-002  0.843892057032257E+001  0.970177394768879E+001 -0.757900749009337E+000 -0.302963444511448E-001
  0.856484857090587E-002  0.744466175356118E+001  0.103574536181941E+002 -0.115749840725236E+000 -0.599402057613105E+000
  0.712375086158922E-002  0.741178447967501E+001  0.102633634737700E+002  0.558900169578685E+000 -0.292996499469481E+000
  0.733367560252212E-002  0.735369959255669E+001  0.983866321865068E+001 -0.112353754932975E+000 -0.608965399009364E+000
  0.567233233066265E-002  0.729208836308551E+001  0.997226358127766E+001  0.495935470926192E+000 -0.318055420857483E+000
  0.575971060709781E-002  0.726151465775294E+001  0.996216210182205E+001  0.396554813886922E-001 -0.560626954318010E+000
  0.585011811164318E-002  0.723036541886878E+001  0.973717573576971E+001  0.956682969385838E-001 -0.455991874773112E+000
  0.535670338211688E-002  0.719587059924641E+001  0.959660942164891E+001  0.296555672745583E+000 -0.315208090637427E-001
  0.544612647921830E-002  0.716275885323553E+001  0.104008246467637E+002 -0.671316693684787E-002 -0.240511074733746E+000
  0.484771964693827E-002  0.715998518138314E+001  0.101800148321297E+002  0.340341616192120E+000 -0.259883846712050E+000
  0.392475181482728E-002  0.713610868105277E+001  0.103051913324880E+002  0.201085250931790E+000 -0.241503294764954E+000
  0.393069774302224E-002  0.713308100998865E+001  0.960282716927850E+001 -0.508343371142601E-001  0.168946176615840E+000
  0.317559078141767E-002  0.711344043726697E+001  0.100464961910455E+002 -0.377733666985215E+000 -0.156166597609015E+000
  0.317577773315601E-002  0.711332269776693E+001  0.967967961815924E+001 -0.892310711038391E-001 -0.241966019497838E+000
  0.317923817166504E-002  0.711114461424811E+001  0.979142212508603E+001  0.274119577599073E+000 -0.219751062384290E+000
  0.279728681551361E-002  0.710006512197713E+001  0.962694335092225E+001 -0.126806338222643E+000 -0.246211096462190E-001
  0.492226633798439E-002  0.565848186637005E+001  0.990064449953198E+001 -0.273320974911364E+000 -0.245509259178277E+000
  0.497348864489043E-002  0.563777692188933E+001  0.988345580390173E+001 -0.260383314352190E+000 -0.206793865054244E+000
  0.506530638682980E-002  0.560119073715122E+001  0.101197376505509E+002 -0.211852107954989E+000 -0.168348202600356E+000
