  0.839911597930119E-322  0.150038137840848E+004 -0.300986472450423E+002  0.377386525890072E+002  0.163574065195802E+002
  0.521733322008356E-320  0.149210142432552E+004 -0.288577362778157E+002 -0.448762403517912E+002 -0.531760082168492E+001
  0.917501376412258E-311  0.144950031175529E+004  0.309884114224442E+002  0.218614374625282E+002  0.289586672609715E+002
  0.165843171844903E-310  0.144828987408825E+004  0.473484364448212E+002  0.201127040601022E+002  0.168405393261582E+002
  0.119775926753731E-307  0.143509871282416E+004  0.342125374077265E+002  0.343828693207529E+002 -0.675063166587369E+001
  0.235786597886013E-307  0.143371761351164E+004  0.104284514690090E+002 -0.535750909305714E+002  0.136180032959071E+002
  0.134596477429283E-302  0.141178656393519E+004  0.359337307188136E+002 -0.336602378196393E+002 -0.355849835382155E+001
  0.184184258625297E-300  0.140192242227791E+004  0.322251259959014E+002  0.374816455237411E+002 -0.675481146308001E+001
  0.243266572123918E-290  0.135528778759536E+004 -0.255060116480732E+002 -0.387267931297167E+002  0.184881071982454E+002
  0.335075489979486E-286  0.133620022039197E+004 -0.393786521333650E+002  0.307585929835502E+002 -0.153256349023636E+001
  0.722269033111405E-284  0.132542730588277E+004  0.333320029976375E+002 -0.103748393597995E+002 -0.320596232277520E+002
  0.184913393762835E-275  0.128667930399114E+004  0.420255070611961E+002  0.967347253500559E+001 -0.263771113485943E+002
  0.198085025323389E-275  0.128651519596624E+004 -0.408833675161285E+002  0.570050416036722E+000  0.289455856905510E+002
  0.345021069853311E-275  0.128537888725702E+004 -0.223871861431079E+002 -0.247663353092250E+002 -0.273723686016427E+002
  0.484653949838347E-274  0.128006756733037E+004 -0.301057986553105E+002 -0.343784140469330E+002 -0.124395094535332E+002
  0.392733268290222E-272  0.127125134541686E+004 -0.525599677984412E+001 -0.251277892455505E+002  0.347147272582280E+002
  0.509746680351012E-272  0.127070328851871E+004 -0.485598113098374E+002 -0.830228551590202E+001  0.193360868060460E+002
  0.430765572969222E-271  0.126640832761767E+004 -0.127660746209558E+002 -0.519080489258758E+002  0.854890703113993E+001
  0.397321714511663E-269  0.125733313221494E+004 -0.878240016137462E+001  0.541008780722647E+002 -0.225929759311848E+001
  0.225940614790713E-268  0.125383041981185E+004 -0.873046534103149E+001  0.212974673650313E+002 -0.366795616506274E+002
  0.793250050153835E-266  0.124208185639566E+004 -0.270994308497251E+000  0.513842017879035E+002 -0.156464701421720E+002
  0.113848942293224E-261  0.122291204699537E+004 -0.264619326848903E+002  0.425931282706700E+002  0.212559183491692E-001
  0.331890976877822E-253  0.118390432699401E+004 -0.482963074492983E+002  0.117485668734274E+002 -0.152632309634201E+002
  0.579408932748510E-253  0.118276343259978E+004  0.386776322078155E+002 -0.106058519876545E+002 -0.266307552018079E+002
  0.453846705262941E-252  0.117862026999037E+004 -0.405426118749073E+002 -0.637158565325360E+001  0.265291536786201E+002
  0.374633507818864E-248  0.116055672129654E+004 -0.395103440200043E+002 -0.150331002902703E+002 -0.232740375627779E+002
  0.601111350103070E-248  0.115958456693007E+004  0.290976329925404E+002  0.231090257962691E+002  0.230339379808097E+002
  0.369068272541804E-241  0.112829748226410E+004  0.920543987832215E+001  0.143141941394070E+002  0.387477466307078E+002
  0.913177591880257E-241  0.112645909435266E+004  0.130281965527983E+002  0.172322006245264E+002 -0.354469680288968E+002
  0.338673822216076E-235  0.110078536860023E+004 -0.172717366568510E+002  0.451356624563185E+002 -0.125874018618594E+002
  0.310818025934294E-232  0.108711502729381E+004  0.177411937314079E+001  0.498832434277109E+002 -0.133690321742876E+002
  0.110241370930279E-230  0.107995126721285E+004 -0.237409743453583E+002  0.324507860060046E+002  0.186833365187236E+002
  0.273978948765514E-228  0.106889367832526E+004  0.123652731302839E+002 -0.489503896465133E+002 -0.810187443417271E+001
  0.506847979495820E-228  0.106763686818914E+004  0.141804862693932E+002  0.385341626322723E+002 -0.226010447582955E+002
  0.943040340217373E-227  0.106176341165987E+004 -0.107620693092329E+002 -0.809719434356214E+001  0.394643589935200E+002
  0.159327963252191E-226  0.106068803966138E+004 -0.443365081950118E+002  0.127890390685052E+002  0.171065665617930E+002
  0.159931541886974E-224  0.105144364659460E+004  0.129819004002412E+002  0.408430468951831E+002 -0.208866712525313E+002
  0.327684185111240E-224  0.104998254727348E+004 -0.497732140743296E+002 -0.115290448980837E+002  0.428848761090671E+001
  0.392286704485687E-216  0.101275480999773E+004 -0.372817189378179E+002  0.185421884641934E+002 -0.189223671564536E+002
  0.133317369573667E-214  0.100567650004900E+004 -0.446647777028859E+002 -0.113074788480876E+002 -0.160386375453024E+002
  0.341455052169989E-214  0.100376904253861E+004 -0.184800425210658E+002  0.307933793278084E+002 -0.230983065383061E+002
  0.166833460238507E-212  0.995964651674662E+003 -0.437371952861801E+001 -0.276553841257734E+002  0.300998680119998E+002
  0.248623632778503E-208  0.976719592142669E+003 -0.394782837422954E+001 -0.174480048993622E+002  0.353864747374548E+002
  0.607304463803432E-205  0.961091411101018E+003  0.391252651113050E+002  0.218475986777506E+002 -0.102844449939008E+002
  0.890517941044624E-205  0.960299374654390E+003 -0.426959554395702E+001  0.410757876532184E+002  0.220375324080343E+002
  0.799220515766495E-202  0.946673706347529E+003  0.562035270541331E+001  0.352141413622443E+002  0.259111361332774E+002
  0.358524376797814E-199  0.934434985822082E+003 -0.441465418190269E+002 -0.135833982129340E+002  0.124355349014923E+002
  0.196972798589964E-198  0.931001187209382E+003  0.483553517156496E+002  0.365625543462387E+001 -0.100687011963448E+002
  0.454221245466471E-194  0.910882978485585E+003 -0.751490382591295E+001 -0.240919542801920E+002 -0.287304166422102E+002
  0.424947667961727E-190  0.892569044042168E+003 -0.300718576149055E+002 -0.412368518588266E+001 -0.276024216330429E+002
  0.821221485942540E-190  0.891224899945173E+003 -0.341195434631067E+002  0.260590536011586E+002 -0.748898553783725E+000
  0.181539098101309E-189  0.889611882909366E+003 -0.247245286966219E+002  0.320056846378701E+002  0.110428633654773E+002
  0.474985547794314E-188  0.883056595608211E+003  0.382337012529258E+002  0.221695981677164E+002 -0.684612171981714E+001
  0.292237740005613E-182  0.856370517496321E+003 -0.209621274296810E+002  0.235672219824229E+002 -0.197991512378576E+002
  0.171011174317415E-178  0.838995023794575E+003 -0.232942099896560E+002 -0.171144688085644E+002  0.228694095470917E+002
  0.655889414418802E-177  0.831674836559288E+003  0.108403712708296E+002 -0.300445838163321E+002  0.245161019438214E+002
  0.303008283966960E-176  0.828587640028184E+003  0.302912911704262E+002 -0.236002170932564E+002  0.123886419965290E+002
  0.297709097417504E-170  0.800965415095545E+003  0.327591082565744E+002 -0.114075771739187E+002  0.222667798728724E+002
  0.854985654812772E-170  0.798828988913578E+003 -0.302872492308838E+002 -0.199463119893469E+002  0.168201623503520E+002
  0.205330329830954E-169  0.797050257561065E+003  0.361243940976293E+002 -0.211108456644945E+002  0.889708374517193E+001
  0.108355155694343E-168  0.793697008395091E+003  0.342912061427365E+001  0.398146441463606E+002  0.194187988519954E+002
  0.148648884442887E-166  0.783827832101069E+003 -0.376263573773933E+002 -0.621091581988689E+001 -0.205508056697801E+002
  0.650433882555514E-166  0.780849236433570E+003  0.217859348169801E+002  0.219427113791782E+002 -0.170383391361249E+002
  0.486953658043620E-164  0.772191346990681E+003  0.444697888017234E+002  0.118966834863602E+002  0.443412181930134E+001
  0.368398168207249E-158  0.745091844678167E+003 -0.179121210922620E+002  0.130830858071904E+001  0.302560564425860E+002
  0.182145570703779E-155  0.732658559918039E+003  0.455410471705118E+002  0.718544088727207E+000  0.822003011172028E+001
  0.451554971631217E-151  0.712395606895839E+003 -0.196467917347851E+002 -0.233161098127557E+002  0.174119019187701E+002
  0.388157617270418E-147  0.694251006961525E+003  0.182261515914213E+002 -0.101580410060983E+002  0.257049144964175E+002
  0.163033469959180E-146  0.691354258262660E+003  0.893632535130475E+001 -0.421096284076769E+002  0.105086826218151E+002
  0.421676309400254E-146  0.689427202882212E+003 -0.186220929443187E+002 -0.316816125612757E+002  0.139268272236327E+002
  0.761774283690506E-144  0.679007547425132E+003  0.102364212290545E+002 -0.194290044449418E+001 -0.336266818872770E+002
  0.357347433096705E-143  0.675889770357043E+003  0.153474810976007E+002  0.386686895023536E+002 -0.892167909498248E+001
  0.432191080525035E-142  0.670877791125546E+003  0.201463350294261E+002 -0.385348202585843E+001 -0.254383962294953E+002
  0.877033773907854E-140  0.660225604908317E+003 -0.163035481763825E+001  0.384733214269295E+002 -0.174377657636399E+002
  0.540678252323438E-137  0.647351046153083E+003  0.134818940567446E+002  0.288671807993297E+002  0.193580581350791E+002
  0.259453252040545E-134  0.634977540809907E+003  0.174050166607191E+002  0.132958486086776E+002  0.219597272928505E+002
  0.146727279149622E-133  0.631485882011012E+003  0.361510514689071E+002  0.187578603235719E+002  0.255809027096348E+001
  0.815918148200231E-132  0.623422744528419E+003 -0.385576826530482E+002 -0.130757701178545E+001  0.162818037308133E+002
  0.416234623944712E-130  0.615532043583371E+003 -0.358352583870590E+001 -0.357165171620783E+002 -0.185324905432082E+002
  0.182056693470090E-129  0.612554244863858E+003  0.433233422407831E+001  0.334231675276903E+002  0.200343562375137E+002
  0.322820544103468E-129  0.611382197537036E+003  0.305261448937518E+001 -0.621164580806031E+000  0.342785837349123E+002
  0.329822092288472E-126  0.597497282891582E+003 -0.313097034901870E+002 -0.213113867002022E+002 -0.178449378350928E+001
  0.226895889367612E-125  0.593613746491455E+003  0.175892618451345E+002  0.224655566524311E+002 -0.163071878606248E+002
  0.115574883938980E-124  0.590331231070886E+003 -0.386575987224472E+002  0.120091470225971E+001  0.151180281834048E+002
  0.817441311758884E-122  0.577181879356153E+003  0.125622180162770E+002 -0.203230634111871E+002  0.201752303380490E+002
  0.686672775319004E-117  0.554478180454963E+003 -0.342715059141375E+002 -0.166820828830683E+002 -0.776415747994874E+001
  0.343578287638666E-116  0.551231405559206E+003  0.137902957227818E+002  0.157774270843083E+002 -0.199951826061393E+002
  0.807056928883673E-115  0.544891786495074E+003  0.169904604874518E+002 -0.341591800924959E+002  0.659586152985231E+001
  0.269283095928955E-114  0.542455387819964E+003 -0.208556564078437E+002  0.119321895761503E+002 -0.196753099885058E+002
  0.890883492167397E-113  0.535430826319022E+003 -0.225022761681154E+002  0.229696610034602E+002  0.283397472025335E+001
  0.254747313348771E-112  0.533303048744224E+003  0.214896630755159E+002 -0.216321037548963E+002  0.753113500405601E+001
  0.303081741008576E-112  0.532929097459500E+003  0.529933997613064E+000 -0.355069199122430E+001 -0.325346973597258E+002
  0.329661936222194E-112  0.532734476701511E+003 -0.259685843173956E+002  0.989366172135254E+001 -0.196722562758927E+002
  0.106869011243310E-111  0.530355743668304E+003  0.396853125233074E+002  0.709894321116543E+000  0.114066645376365E+002
  0.376725365903596E-111  0.527809428096720E+003 -0.118898275465200E+002  0.393192988942612E+002 -0.988863255581670E+000
  0.418955371137419E-111  0.527570441739476E+003  0.186612162393438E+000 -0.423693900484427E+002  0.386234874063202E+001
  0.661288666825294E-111  0.526631099175251E+003  0.689168654540623E+001  0.295516226109490E+002 -0.193823113308612E+002
  0.153752416949394E-110  0.524917132196271E+003  0.906732837205369E+001  0.386363360302565E+001 -0.303849148898026E+002
  0.102036663167354E-107  0.511895154054890E+003  0.109746209985509E+002  0.305720966466605E+001 -0.292322138182954E+002
  0.675389490156244E-104  0.494273238332635E+003 -0.173996052757574E+002  0.864625155264932E+001  0.202258934778722E+002
  0.474347272799193E-103  0.490348277394014E+003  0.287730408724517E+002 -0.473419031361914E+001  0.194612744858101E+002
  0.726037368014100E-103  0.489470463364285E+003 -0.239021191273087E+002 -0.149275334217204E+002  0.154655878296721E+002
  0.795095485794609E-101  0.480051911077277E+003  0.180826544627723E+002  0.317018698958796E+002 -0.197673743589588E+001
  0.382262868025310E-100  0.476884957852225E+003  0.207767239701642E+002 -0.133557409440699E+002 -0.169019990786474E+002
  0.165611683044911E-098  0.469321052464530E+003 -0.361438866232222E+001  0.621798854400478E+001  0.301336930745985E+002
  0.203196014220151E-097  0.464280341202637E+003 -0.131167906998112E+002  0.153659658591214E+002  0.166248953999271E+002
  0.729261957129469E-094  0.447882616381902E+003  0.139980197189273E+002 -0.341774989165207E+002 -0.622160076634503E+001
  0.492499594400309E-092  0.439430864292485E+003  0.831487057811918E+001  0.305937753113346E+002  0.156792043008526E+002
  0.177135227267394E-091  0.436844364053638E+003 -0.128092539422939E+002  0.156888815020131E+002 -0.155549328720152E+002
  0.586596255752177E-091  0.434423026926501E+003  0.192558982052114E+002 -0.243715429699236E+002 -0.568284740182704E+001
  0.985175717715223E-091  0.433359569982352E+003 -0.407506160485644E+001  0.931199603326490E+001  0.278272797719882E+002
  0.404010459426156E-089  0.425905497660049E+003 -0.175849875389018E+002 -0.126589112672546E+002 -0.157352124006599E+002
  0.108775273170749E-088  0.423898150475268E+003  0.112159674650674E+002 -0.355666157003776E+002 -0.659942658326330E+001
  0.172570847780134E-088  0.422948612373808E+003 -0.234347878963770E+002 -0.163522941069098E+002  0.114684372612461E+002
  0.331037274995623E-088  0.421619275683518E+003  0.686895153501122E+001  0.390062850873440E+002 -0.984702475419006E+000
  0.435858688677575E-087  0.416437440844109E+003 -0.916622236720036E+001  0.156078711369054E+002 -0.187512226703601E+002
  0.276414364304550E-085  0.408111444063572E+003  0.140625823707450E+002  0.633262806703947E+000  0.240615052764821E+002
  0.408960761581823E-085  0.407301517301711E+003 -0.170692199573963E+002 -0.212692939807366E+002  0.101046460319748E+002
  0.153953416674256E-084  0.404623794955145E+003 -0.207387470278526E+002 -0.107792921042209E+002  0.166029106125754E+002
  0.295963163234711E-084  0.403290134640601E+003  0.319859860276862E+002  0.871231623699349E+001 -0.130955546146254E+002
  0.170170442171267E-081  0.390555002553656E+003 -0.318651882680150E+002 -0.608494944600432E+001  0.141604177710650E+002
  0.289743266713658E-080  0.384858952498369E+003 -0.100670832858589E+002 -0.347683326127064E+002 -0.729252149449888E+001
  0.516799620678311E-080  0.383675142095272E+003  0.249043867258378E+002  0.155004097176457E+002 -0.103504184851202E+002
  0.168687158055138E-079  0.381282700165386E+003 -0.889526347080847E+001  0.186526249194779E+001 -0.269248194991771E+002
  0.128780741844381E-078  0.377190908687971E+003 -0.344449009555249E+002  0.124787903778876E+002 -0.766333524708436E+000
  0.185278468107341E-078  0.376436920947043E+003 -0.252739053263207E+001 -0.896716818719980E-001 -0.289159432311841E+002
  0.230044838428644E-078  0.375977601867044E+003  0.907667106102306E+001  0.731204039362281E+001 -0.250962724171354E+002
  0.291473512234591E-078  0.375477761623685E+003  0.285753612055742E+002 -0.977178149473176E+001 -0.139364615139619E+002
  0.571095145604990E-075  0.360290547230193E+003  0.449052674896416E+001  0.146698282145017E+001 -0.280484184748112E+002
  0.113851627122035E-073  0.354279035887403E+003  0.187366041663347E+002 -0.183734703347414E+002 -0.169457604498944E+001
  0.118009825546837E-072  0.349575631639650E+003  0.348250514286457E+001 -0.371097021335275E+002 -0.569891338457096E+001
  0.165203270696034E-072  0.348876323644254E+003 -0.153263197818011E+002  0.583337890898673E+001 -0.182294390688390E+002
  0.223644488015602E-072  0.348244071141354E+003  0.156877544805413E+002 -0.218387693063042E+002 -0.930210133416679E+001
  0.744384896465002E-069  0.331997069027835E+003  0.242652860167599E+001  0.349772983392468E+002 -0.946368288371833E+001
  0.243960554361165E-067  0.324991341572859E+003 -0.795967165661075E+001 -0.789897640979540E+001  0.236752649576748E+002
  0.198714575918200E-066  0.320769955026362E+003  0.324784982750572E+002  0.580110814981393E+001  0.109167720207589E+002
  0.295377153405588E-066  0.319950697527626E+003  0.951497871684776E+001  0.190212742876405E+002  0.147047510967997E+002
  0.633022026609058E-065  0.313794532502505E+003  0.288028750723278E+002 -0.149689835931018E+002  0.720030988744824E-001
  0.140161998861344E-064  0.312178284523698E+003 -0.509730376077579E+001  0.234435729247518E+002  0.161897904773132E+002
  0.461504384515230E-064  0.309768408737990E+003 -0.331816209525435E+000  0.702902964579550E+000 -0.272318300089334E+002
  0.785937366229866E-064  0.308677147188388E+003  0.166283650779583E+002 -0.219968994680084E+002 -0.399483990048363E+001
  0.199350453823672E-062  0.302183941867275E+003 -0.273403539029194E+002  0.599388340610358E+001 -0.141473757091028E+002
  0.480822822019191E-062  0.300396582416746E+003 -0.178524277863293E+002 -0.117147925671354E+002  0.120962755592831E+002
  0.226671183934665E-061  0.297268918598117E+003 -0.122051042854370E+002  0.152570368302742E+002  0.106643247980163E+002
  0.201946537969765E-060  0.292868252837772E+003  0.611644683859794E+001  0.149019153210239E+002  0.148514334679974E+002
  0.570086009636174E-059  0.286161023708907E+003 -0.348457155523788E+001  0.727761180461215E+001 -0.244508436604929E+002
  0.444325405204983E-057  0.277422652993315E+003  0.113794746681558E+002 -0.102146504089131E+002  0.156002551358945E+002
  0.683068198726135E-057  0.276536087504402E+003  0.176997598251551E+002  0.141600929028512E+002 -0.764908379600871E+001
  0.441371663719150E-056  0.272777841686760E+003  0.160462623839751E+002  0.153501669757538E+002 -0.304794433707494E+001
  0.140813175982316E-055  0.270431087600511E+003 -0.132503280538123E+002 -0.247365623583192E+002  0.775864694298726E+001
  0.333645484994678E-055  0.268679307170347E+003 -0.145886070714041E+002  0.108038518743331E+002  0.108951792510784E+002
  0.468761641219790E-055  0.267972785907885E+003  0.801793619589633E+001  0.166640946835700E+002 -0.134286615936997E+002
  0.609028687249031E-055  0.267422753533343E+003 -0.156898454636911E+002 -0.127798661026084E+002 -0.856119692386222E+001
  0.370799079480805E-053  0.259178332749733E+003 -0.318228348627115E+002 -0.910106350017850E+001  0.493368858135673E+001
  0.819587402015114E-053  0.257565560907861E+003 -0.141911706663980E+002 -0.215530485150014E+002 -0.644484349138006E+001
  0.960528623981170E-053  0.257221704979285E+003  0.221218247300761E+002 -0.115739816363792E+002  0.103215427707385E+002
  0.140589043273548E-052  0.256433329809604E+003 -0.391460838766638E+001 -0.953122152773926E+001  0.217489028621093E+002
  0.173912286923989E-052  0.255981419304125E+003 -0.299185699164060E+002  0.674857592472408E+001 -0.999158868243838E+001
  0.108330729182421E-051  0.252296483102476E+003 -0.152996341439702E+002  0.145929661595281E+002  0.226223756326958E+001
  0.113128065919293E-051  0.252183329351686E+003  0.223235487481872E+002 -0.152700813844696E+002  0.117507292176425E+001
  0.179718298915487E-051  0.251231098667661E+003  0.806551867887045E+001  0.118243535337308E+002  0.158425081866529E+002
  0.291706448469321E-051  0.250235893485808E+003  0.429467611475089E+001 -0.281976737216384E+002  0.123434811703207E+002
  0.335840422862675E-051  0.249927626768207E+003  0.200996400301461E+002  0.662104974361185E+000 -0.154029557854598E+002
  0.828858233425058E-050  0.243489140096353E+003 -0.252866935081498E+002 -0.135191374161787E+002  0.453262249288657E+001
  0.191281075117907E-049  0.241790089832045E+003 -0.444047425951737E+001 -0.595506533151665E+001 -0.232053476430301E+002
  0.265515401772830E-048  0.236502571381238E+003  0.554073532467868E+000 -0.343939254130251E+002  0.409661035484592E+001
  0.501145681196258E-048  0.235205632947330E+003 -0.104562467109999E+002  0.128737431163499E+002 -0.102657620010308E+002
  0.159847989278995E-047  0.232859319393881E+003 -0.329423015122814E+002  0.648733041065285E+001 -0.332301465470778E+001
  0.526729954329570E-047  0.230447899540472E+003 -0.274282860198896E+002  0.629003733462777E+001  0.111119587818476E+002
  0.564666818540178E-046  0.225677143183138E+003 -0.131845152475755E+002  0.140475246073594E+002 -0.482031949061816E+001
  0.119203256569949E-044  0.219551123919721E+003 -0.530480417227769E+001 -0.156183681894327E+002  0.126486098829716E+002
  0.194276536464530E-044  0.218547728435625E+003  0.195833472887010E+001 -0.185277730166675E+000 -0.242284945437434E+002
  0.190055712446403E-043  0.213959998470522E+003 -0.635672554876365E+000 -0.216460085683505E+002 -0.140932006996183E+002
  0.195834671293997E-043  0.213873600943251E+003 -0.248312702821066E+001 -0.180213405097510E+002  0.138406762486511E+002
  0.231929742830669E-043  0.213508783082330E+003  0.368841953149824E+001 -0.146373364138795E+002 -0.128927771369938E+002
  0.490616845543974E-042  0.207378664493493E+003  0.134788208986401E+002 -0.128300776902307E+001  0.135515935108099E+002
  0.925252702205883E-042  0.206083367192143E+003 -0.242634255132228E+002  0.752004008274281E+001  0.109145452737432E+002
  0.351455134809654E-041  0.203387676208465E+003 -0.945088227470153E+001  0.762153918656274E+001  0.166145575936105E+002
  0.894452412245088E-040  0.196887756294446E+003 -0.153928985028652E+002  0.127163728403669E+002  0.132925194965895E+001
  0.584502413094255E-039  0.193106997238472E+003 -0.325137248455389E+002  0.216759741940785E+001 -0.442571355255809E+001
  0.989512384532380E-039  0.192027604041903E+003  0.529587684312094E+001 -0.177512887267943E+002  0.121118256843245E+002
  0.885101115453895E-037  0.183013793991792E+003  0.961549609065443E+001 -0.256294698770994E+002 -0.682911627654245E+001
  0.578656856213694E-036  0.179232117833046E+003  0.243805578055790E+001  0.163552871415688E+002 -0.121563071661396E+002
  0.374521121382083E-035  0.175470580098777E+003 -0.107839045551931E+002 -0.172894465357520E+002  0.629306076994715E+001
  0.665629985318293E-035  0.174293918168679E+003 -0.248560499516721E+002 -0.886755449829084E+001 -0.773633670083531E+001
  0.737074818628158E-035  0.174063516782579E+003 -0.126240874285396E+002 -0.201926806505430E+002 -0.155901855004338E+001
  0.129376580010321E-032  0.163701439827644E+003  0.127506003497777E+002 -0.105944114767517E+002 -0.562723860336737E+001
  0.196644448996338E-032  0.162837609586025E+003  0.123872270615415E+002  0.117080156365686E+002  0.279912515193908E+001
  0.700533918652279E-032  0.160270228103342E+003 -0.117187477122479E+002 -0.219610722126798E+002 -0.262051659601419E+001
  0.185643390598239E-031  0.158294597877167E+003 -0.198803098639494E+002  0.646875527534604E+001  0.102081932108227E+002
  0.748048987398198E-031  0.155480825646818E+003 -0.905944148491611E+001  0.389048936851792E+001  0.167855117268304E+002
  0.461965777358713E-030  0.151813120314624E+003  0.267475580499316E+002 -0.908481374519474E+001  0.339432926892082E+001
  0.524744147883685E-030  0.151531789874958E+003 -0.291772139960543E+001 -0.273922234042541E+002 -0.872613638124831E+001
  0.904837170844434E-030  0.150415611022752E+003  0.109594391067015E+002 -0.224899037596783E+002 -0.344650780502485E+001
  0.129683097383343E-029  0.149669272870927E+003  0.288316545271007E+002 -0.266214940454262E+000  0.770532361965755E+001
  0.147140778797804E-029  0.149390190326563E+003  0.517878020362372E+001 -0.180642321330864E+002  0.103244835216028E+002
  0.346593876972880E-029  0.147650172065550E+003 -0.819955580484111E+001  0.186453419208464E+002  0.814580195258485E+001
  0.547819659417870E-029  0.146708096746084E+003 -0.234340419563378E+001 -0.878857082668608E+001  0.171936991624335E+002
  0.625923143835381E-029  0.146415043400576E+003  0.126370816923551E+001 -0.482261015123257E+001 -0.204562061803561E+002
  0.120137857644609E-028  0.145084558147150E+003 -0.290700883364663E+002 -0.500001346886610E+001 -0.505862158303136E+001
  0.509244271988692E-028  0.142169491873646E+003  0.237749482367751E+001 -0.120593804363579E+002  0.109566293286477E+002
  0.683673264763702E-028  0.141553896793558E+003  0.179922225349446E+002 -0.924744335618652E+001  0.630707928535870E+001
  0.721543274163469E-028  0.141419581871930E+003  0.255223472244474E+002 -0.985597268856235E+001  0.124691485683068E+001
  0.105235651513210E-027  0.140638301670166E+003 -0.212285198711848E+002  0.110820039510350E+002 -0.202236503105118E+001
  0.123088401691286E-027  0.140298409867555E+003 -0.231423917997848E+002 -0.783221883617571E+001  0.754001744293465E+001
  0.223465027033838E-027  0.139079215187946E+003  0.477456238517142E+001  0.102052917688714E+002  0.104040800595563E+002
  0.307185114824347E-027  0.138416333489370E+003 -0.626087511722965E+000  0.212642349809200E+002  0.111444061808316E+002
  0.618222100253981E-027  0.136991048570536E+003 -0.897779890847852E+001 -0.134502143426210E+002 -0.567960632303068E+001
  0.822815096761458E-027  0.136392790662586E+003 -0.702810087424105E+001 -0.277820680064348E+002  0.376958056030213E+001
  0.871693649184828E-026  0.131645716949506E+003 -0.298772600211175E+001  0.105498728342099E+002 -0.105761410057520E+002
  0.240079005379717E-025  0.129592996278390E+003 -0.102076016067140E+002  0.341262138297583E+001  0.112343750554501E+002
  0.266741507249646E-025  0.129355881837776E+003  0.577009247322989E+001 -0.160036698444424E+002 -0.823790500038513E+001
  0.292404271042564E-025  0.129145676818661E+003 -0.579701904394334E+001 -0.288446971913627E+002 -0.225461968172593E+001
  0.543219771394195E-025  0.127880433087230E+003 -0.302722920748607E+001 -0.929788148108770E+001 -0.144763207737521E+002
  0.101024181074722E-024  0.126613080585374E+003 -0.666345711172572E+001 -0.221015346858138E+002 -0.809732691467947E+001
  0.108627391397810E-024  0.126441462744383E+003 -0.228386635358546E+002 -0.765190246586248E+001  0.689953418868437E+001
  0.223600945504059E-024  0.124971093548262E+003  0.346777039931486E+001 -0.259385109520394E+002 -0.809020895723406E+001
  0.303834271114594E-024  0.124331364250519E+003  0.265897967590364E+002 -0.841940075693145E+000  0.824431993116225E+001
  0.462536438567027E-024  0.123464387901029E+003 -0.262470174115339E+002  0.739680900098716E+001 -0.418307413958218E+001
  0.522951752315872E-024  0.123192369711362E+003  0.359974848558313E+001 -0.143245291947192E+002 -0.890543028113753E+001
  0.230570042697398E-023  0.120198578109619E+003 -0.252604615189511E+002 -0.646501007656932E+001  0.620495759215292E+001
  0.762303262997785E-023  0.117780508115522E+003  0.710278502600620E+001 -0.270039696917868E+002  0.245908373987148E+001
  0.164646997975967E-022  0.116213928843141E+003 -0.612529810689566E+001  0.278655852728717E+002  0.214451662462422E+001
  0.369116899927055E-022  0.114572819149752E+003  0.874352522673333E+001 -0.411599464436335E+001 -0.129923076613389E+002
  0.931596067021075E-022  0.112694756855422E+003 -0.500232629512806E+001 -0.196085647585507E+002  0.867698094025502E+001
  0.289415163124968E-021  0.110401170432711E+003 -0.296811659935113E+001  0.151260786870893E+002 -0.813063038167007E+001
  0.359754765945970E-021  0.109939559207707E+003 -0.577973823134171E+001  0.366739645322043E+001  0.171313476800030E+002
  0.368029017381749E-021  0.109867590368161E+003  0.284059062832328E+002  0.478597276098802E+001  0.201854550358794E+001
  0.544537286838077E-021  0.109057550649804E+003  0.917191091370725E+001  0.275693610777844E+001  0.122593440268702E+002
  0.366489639925562E-020  0.105217822341796E+003 -0.328356935450635E+001  0.278228003458765E+001 -0.186294057581262E+002
  0.126414208857623E-019  0.102714974434481E+003 -0.616427142507120E+001 -0.648826915502951E+001  0.132234805564373E+002
  0.223574298837489E-019  0.101548124171293E+003 -0.700490420451410E+001 -0.573148851201088E+001 -0.127205168602429E+002
  0.372674104560838E-019  0.100499712655130E+003 -0.206495013548325E+002  0.262042670408866E+001 -0.899905305168294E+001
  0.425193376554249E-019  0.100209542710270E+003 -0.244580945127612E+002  0.197728723390256E+001  0.801230319655400E+001
  0.567248631726190E-019  0.996065449718887E+002  0.154050114881668E+002  0.775346895538055E+001 -0.248648682990662E+001
  0.114178884213531E-018  0.981809469988441E+002  0.890424776369186E+001 -0.220102121509506E+002  0.162052373111542E+001
  0.150138820270675E-018  0.976068686328080E+002 -0.188772653573360E+002  0.474533768561535E+000 -0.915930589896253E+001
  0.157186951896635E-018  0.974886271017828E+002  0.223771539599677E+002 -0.302292207125438E+001 -0.839472689233072E+001
  0.414937336055380E-018  0.955207533722339E+002  0.772177276694291E+001 -0.114347084423855E+001  0.147285499288486E+002
  0.618356537948740E-018  0.946963875147806E+002  0.477023127959468E+001 -0.276942799628478E+002  0.714890341647852E+000
  0.981192213769937E-018  0.937464907341049E+002 -0.750221299575778E+001  0.833385529832832E+001  0.473914263391072E+001
  0.130153171403362E-017  0.931549428516146E+002  0.836010945492033E+001 -0.103617357247932E+002 -0.330217978252778E+001
  0.209189797882178E-017  0.921793924675747E+002 -0.170816131278013E+002  0.645789477872944E+001 -0.545249822134219E+001
  0.533590113791300E-017  0.902801300073863E+002 -0.195215365804269E+002  0.750998945194279E+001 -0.462849786523983E+001
  0.109276107330273E-016  0.888199697537518E+002  0.613889640136082E+001 -0.154878862919073E+002  0.430832167624428E+001
  0.117259931847088E-016  0.886524486278545E+002  0.811203875468536E+001  0.130858544899916E+002 -0.104714337125744E+001
  0.116069101126259E-016  0.886463729687780E+002  0.822170092817835E+001 -0.186337524144781E+002 -0.263725342823356E+001
  0.190171350447421E-016  0.876324029210960E+002 -0.101636098973529E+000  0.174839028810389E+002  0.831041873829318E+001
  0.240683220979122E-016  0.871348002218205E+002 -0.403989394021284E+001 -0.805413832960932E+001 -0.740286278363234E+001
  0.335412798688865E-016  0.864445490182245E+002  0.591939848110697E+001 -0.256277722007224E+002 -0.273955872179703E+001
  0.445060269029409E-016  0.858523631629687E+002 -0.719519558921384E+000  0.854880151163404E+001  0.101561377098480E+002
  0.855067085952550E-016  0.845199322695800E+002 -0.273703354823450E+001 -0.127080909444731E+002  0.758066978277047E+001
  0.190739064351463E-015  0.828888188104584E+002 -0.371073688685639E+001  0.706981328719192E+001  0.126284447767703E+002
  0.303944404750936E-015  0.819304514233680E+002  0.503742157461380E+001  0.528421675429756E+001  0.594951645673619E+001
  0.341567767713072E-015  0.816705583797126E+002  0.274984429124127E+002 -0.382400645536478E+000  0.361516435429967E+001
  0.552836997835182E-015  0.806810337309531E+002  0.683340729886628E+001  0.382867338394279E+001  0.126643141389760E+002
  0.567305657155827E-015  0.806028732013065E+002  0.106843542619747E+002 -0.640761599214073E+000 -0.821557595739574E+001
  0.672344637122870E-015  0.802366370966729E+002  0.876291239228291E+001 -0.803308562622456E+001 -0.139601967211378E+001
  0.170805077843260E-014  0.783454725596777E+002  0.476374539044073E+001 -0.234577636083292E+002 -0.560961714709223E+001
  0.251039044606992E-014  0.775488111610510E+002 -0.625605727299997E+001  0.475442354446294E+000 -0.150947271191791E+002
  0.352774226446038E-014  0.768418811396801E+002 -0.624185272643270E+001 -0.248660003075023E+002 -0.140532130913078E+001
  0.636950815518634E-014  0.756336623407166E+002  0.350469822672535E+001  0.704706771761190E+001 -0.112088509242259E+002
  0.739246849948992E-014  0.753092929718674E+002  0.152346477555852E+002  0.332174190394264E+001 -0.543334797459404E+001
  0.758036209577809E-014  0.752326040047396E+002  0.209540821465770E+001 -0.199462912925036E+002  0.765576352082067E+001
  0.186526814138278E-013  0.734052556654584E+002  0.285040572954897E+001 -0.140844065289824E+002 -0.603075522742769E+001
  0.226442550490536E-013  0.729909326754722E+002 -0.894184848650473E+001  0.746176960081706E+001 -0.199122437566879E+001
  0.314988445575166E-013  0.723043528521591E+002  0.266851758129120E+002  0.247579074830586E+001 -0.304219799923083E+001
  0.422652991297994E-013  0.716898313318724E+002  0.705595197723167E+001 -0.660623945918023E+001  0.267841423669325E+001
  0.502196691124676E-013  0.713184601441539E+002 -0.377946746053395E+001 -0.232038408530436E+002 -0.587717797421457E+001
  0.519957951017097E-013  0.712224575167828E+002 -0.581387022926952E+001 -0.467971989584535E+001  0.118147516259065E+002
  0.138802968980622E-012  0.692321818906606E+002 -0.949842990460859E+000  0.252335519663907E+001  0.448881116888934E+000
  0.183025991769111E-012  0.686525459649868E+002  0.529777083329380E+001  0.505933689789195E+001  0.116616292034694E+002
  0.235911730985813E-012  0.681183964324177E+002  0.155034422283362E+001 -0.131809379791223E+001 -0.171936909341696E+002
  0.330889082916017E-012  0.674152549619708E+002 -0.126729154797856E+001  0.316962391239674E+001 -0.165980635524115E+002
  0.420934750924515E-012  0.669073752815623E+002  0.140979103858148E+002 -0.459894849264329E+001  0.409098417347843E+001
  0.458465996182031E-012  0.667100682480160E+002  0.374595291715679E+001 -0.592070339457337E+001 -0.767730595121441E+001
  0.549326187671938E-012  0.663219652183729E+002  0.312553867586291E+001  0.193786310857846E+002 -0.662862015579484E+001
  0.910955763762147E-012  0.652838709161669E+002 -0.233390166584435E+000  0.272378410097949E+001  0.240444235777495E+000
  0.906841474604086E-012  0.652664338292287E+002  0.811614799612322E+000 -0.219610855863310E+002  0.696660533277641E+001
  0.999439078009149E-012  0.650454902863173E+002  0.519210857011582E+001  0.145658441181092E+002  0.224458507160678E+001
  0.103599846082589E-011  0.649471463577906E+002  0.708600073862077E+001  0.185136434485058E+002  0.546091004496169E+000
  0.221479583661331E-011  0.634010667682596E+002  0.633418974632676E+001  0.207710263575998E+002  0.323362902556551E+001
  0.231894719220002E-011  0.632826701946524E+002  0.570090813969369E+001  0.950376279825925E+001  0.427876109526343E+001
  0.235271116377561E-011  0.632272696138163E+002  0.177594164942719E+001 -0.718502056927539E+001  0.631832788915071E+001
  0.250278548511054E-011  0.630771072487545E+002  0.114819425378801E+002  0.110555219190209E+001  0.688697605683811E+001
  0.314357040796934E-011  0.625947069534953E+002 -0.138799852407851E+001  0.304569418460153E+001  0.278440471687503E+000
  0.585108805624482E-011  0.613256796801446E+002  0.388365666005222E+001  0.321262282524693E+001  0.117014730902635E+001
  0.661647461780838E-011  0.610533191135291E+002  0.233725365257820E+002 -0.316775401855762E+001  0.523606553310901E+001
  0.855304371721564E-011  0.605133796262505E+002 -0.455625033231191E+001  0.419880122377059E+000 -0.474291099554485E+001
  0.903380802805520E-011  0.603775156184478E+002 -0.159555278099674E+001 -0.197192837639608E+002  0.674719620506401E+001
  0.144858876367894E-010  0.594066233209502E+002 -0.760815160314849E+001 -0.640815843574443E+001 -0.626844169118556E+000
  0.159070959163695E-010  0.591929520981449E+002  0.189837334129274E+002 -0.249396996808104E+001  0.630174574334441E+001
  0.178330471985155E-010  0.589378855917597E+002  0.628543214266757E+001  0.113708555814523E+002 -0.230731762871670E+001
  0.195689208975387E-010  0.587256165001024E+002 -0.421533070052968E+001 -0.167996875952361E+002  0.429957386505319E+001
  0.214041156763040E-010  0.585198448753657E+002  0.649562915224439E+001  0.112810139080206E+001 -0.572181964015245E+001
  0.805039263249936E-010  0.558439089566665E+002  0.215666277411641E+002  0.252865256223489E+001 -0.589637464804344E+001
  0.133048423566065E-009  0.548126041202416E+002  0.508755340243884E+001  0.151742384291359E+001  0.137945435393255E+002
  0.168121266438203E-009  0.543181688784826E+002  0.151824358306506E+002 -0.119787737306724E+001  0.421250305269048E+001
  0.415157974431653E-009  0.524837312929263E+002  0.188369224424571E+002  0.847010406622289E+000  0.617942445155248E+001
  0.444887723658708E-009  0.523189151696902E+002  0.636041244961000E+001 -0.471086583241282E+001 -0.215680137522651E+001
  0.456527619499050E-009  0.522407702022016E+002 -0.588253988164221E+001  0.110040089653544E+002  0.209766347012177E+001
  0.453215200832017E-009  0.522288440111765E+002 -0.139153248056491E+001 -0.248114699281155E+002 -0.386186092329261E+001
  0.457972105862608E-009  0.521814711410248E+002  0.102017320381523E+001 -0.243798201387231E+002 -0.444180420786221E+001
  0.580246588826071E-009  0.516816909109097E+002 -0.244874018000300E+001 -0.511446880815017E+001  0.127017221443946E+002
  0.700851509232575E-009  0.512775147150066E+002  0.333352661572401E+001  0.306427322804751E+000 -0.472335803304102E+001
  0.695953543341211E-009  0.512650505165159E+002  0.241531463004326E+002 -0.130299396167803E+001 -0.448222761055867E+001
  0.733738416614145E-009  0.511328207141610E+002 -0.250969075906296E+001  0.235551867396717E+002 -0.446840592912084E+001
  0.785917053469023E-009  0.509689329157374E+002 -0.369579791861204E+001  0.381937931649902E+001  0.132394572987654E+002
  0.777065744663392E-009  0.509650950555741E+002 -0.240251705603523E+002  0.468113718880073E+001 -0.788532135413156E+000
  0.218570493938874E-008  0.491162334915875E+002  0.111168536373403E+001  0.153597711746363E+001 -0.158592351182114E+002
  0.246687452055447E-008  0.488235707359303E+002 -0.180359378069710E+000 -0.163702966636019E+001 -0.409063050449712E+001
  0.255069435443890E-008  0.486567226050183E+002 -0.221530673944710E+001  0.409766006942823E+001  0.139708680842857E+002
  0.271196397749017E-008  0.484847224410562E+002  0.785530555242504E+001 -0.341539220147610E+001 -0.458580167581417E+001
  0.527828095232337E-008  0.470552873524347E+002 -0.660011442139805E+000 -0.113362216120727E+002 -0.580031523146074E+001
  0.708045672050062E-008  0.464678114590839E+002  0.319265980894939E+001 -0.740577465475640E+001 -0.428418048099113E+001
  0.134244549275374E-007  0.451389469857039E+002 -0.139877756490102E+001  0.560228561785688E+001 -0.107786121613448E+002
  0.145059365721409E-007  0.449346018682513E+002  0.316192430805251E+001 -0.242626478429144E+002 -0.236138574525671E+001
  0.185176955297495E-007  0.443968790318087E+002  0.674603159142072E+001  0.445266014131840E+001  0.167088570109295E+001
  0.192333734547426E-007  0.443210386701245E+002  0.227919493112325E+002  0.889920528951293E-001  0.503265445469493E+001
  0.217975492726361E-007  0.440707375223039E+002  0.130146171889998E+002 -0.447576485126326E+000  0.485715644724675E+001
  0.347221187440923E-007  0.430876278157445E+002 -0.158826338461218E+000 -0.736000419564836E+001 -0.499022012493135E+001
  0.513631084798514E-007  0.421525694632963E+002 -0.142765716223865E+001 -0.122527796094670E+002 -0.488352549433129E+001
  0.887461615952357E-007  0.409142081463825E+002 -0.483390169005430E+001 -0.213085458694827E+002 -0.215517587146365E+001
  0.942709253779622E-007  0.407003828274696E+002  0.556483672715217E+001 -0.211161003562387E+001  0.231954421391582E+001
  0.983893096888813E-007  0.405688851206752E+002  0.494660174029202E+001 -0.382791568961061E+000  0.192223684711187E+001
  0.109399820831379E-006  0.403567309297460E+002  0.983111688390733E+001  0.456631434751515E+001  0.287862040476486E+001
  0.125531154719360E-006  0.400345804943411E+002  0.245609638897692E+002  0.137522970374677E+001 -0.248000098481863E+001
  0.147836822256719E-006  0.396604092182273E+002  0.412333612730296E+001  0.198054617652588E-002 -0.133864401971907E+002
  0.175234813638152E-006  0.392733127162947E+002  0.306388720733020E+001 -0.121687874052315E+002 -0.374055367829013E+001
  0.220347388432486E-006  0.388151557711571E+002  0.226709298084869E+001 -0.356544605585893E+001  0.687389821945764E+001
  0.318557973182108E-006  0.380297623909047E+002  0.898970930085015E+001  0.477639418434272E+001 -0.173338005702717E+001
  0.321459936650289E-006  0.379634303993196E+002 -0.178578400284830E+001 -0.148537297242918E+002 -0.664702941459758E+000
  0.356082763182723E-006  0.377106547709402E+002 -0.114857017811701E+000 -0.510921037408078E+001 -0.936525223750579E+001
  0.488076699690935E-006  0.370318409071462E+002  0.246250966823401E+002  0.196901436353605E+001 -0.756820159977451E+000
  0.544120108854683E-006  0.367662509123465E+002  0.490583310937106E+001 -0.902418894318687E+001 -0.745867232792101E+000
  0.101156891454041E-005  0.353398945172167E+002  0.462854514142026E+001  0.164967564715275E+001  0.100671370423030E+002
  0.106752062631521E-005  0.351872762421711E+002  0.479595419528486E+001  0.318471989475739E-001 -0.900272466839579E+001
  0.125303854715347E-005  0.348218652278249E+002  0.193751591058915E+002  0.240882776409057E+001 -0.417593829217189E+001
  0.202054617699344E-005  0.337773688623115E+002 -0.612269284049802E+000 -0.165451922888572E+002 -0.320566248795932E+001
  0.199840786581840E-005  0.337554451750270E+002  0.245135457137468E+001 -0.163767974830032E+002 -0.185153565745526E+001
  0.235388874257097E-005  0.333410390548621E+002  0.168735336178223E+000  0.465971316322344E+001  0.936038026150256E+001
  0.277837119972871E-005  0.329664344203480E+002  0.122281082352498E+002  0.177519729487882E+001 -0.369595933538550E+001
  0.406359341259316E-005  0.321209095864323E+002  0.105916349379650E+002  0.448457469955534E+001 -0.684792072768097E+000
  0.427687421956437E-005  0.320186000642538E+002  0.278334163290985E+001 -0.164859192871216E+002  0.855756740352213E+000
  0.451859177479422E-005  0.319086441226431E+002  0.188873664448104E+002  0.220668404067175E+001  0.382239571098549E+001
  0.456630930250138E-005  0.318876343323926E+002 -0.302203584060422E+001 -0.816968929721099E+000 -0.669894437935787E+001
  0.485572502894024E-005  0.317197823387596E+002  0.943449715247550E+001  0.445833036887701E+001  0.576846532759546E+000
  0.525459742013103E-005  0.315169466963880E+002 -0.128791357903106E+001 -0.192181795988042E+001  0.613033415258850E+001
  0.533064195947545E-005  0.314432644224278E+002 -0.132894061028666E+001 -0.971427285498967E+001 -0.429010652636615E+001
  0.592395075510099E-005  0.312322006024493E+002  0.988188701072325E+000 -0.382678070278715E+000 -0.143495647966500E+002
  0.593105806909745E-005  0.311838234860142E+002  0.335656876527791E+001 -0.202670201503515E+002 -0.294201335508317E+001
  0.790047923759491E-005  0.305644028554963E+002  0.375531397381225E+001 -0.216870774554708E+002  0.155732533692725E+001
  0.796219040480854E-005  0.305488414197645E+002  0.218865988635605E+002  0.119724481935373E+001 -0.379020629023194E+001
  0.814723581672251E-005  0.305028922844729E+002  0.703124674108821E+000  0.422828525999654E+001  0.109693216542690E+002
  0.820387818523495E-005  0.304408406098102E+002  0.122440121084340E+002  0.364944830035751E+001  0.946704865434810E+000
  0.998236340210750E-005  0.300484148413261E+002  0.328281884053259E+001  0.182238613568924E+001  0.781828122659577E+001
  0.112949892865925E-004  0.297519509655756E+002  0.162324763507293E+001 -0.160419724959557E+002 -0.510459367159811E+000
  0.113058196021388E-004  0.297500341640260E+002  0.215970491536335E+002 -0.396719318653449E+001 -0.519922222861659E+000
  0.926335590238695E-004  0.249579063219725E+002  0.859485491075840E+001  0.375616490583273E+001 -0.109649703494117E+001
  0.968338736453807E-003  0.191448137941941E+002  0.992054745084698E+001 -0.627244438592783E+000  0.332756253858182E+001
  0.138782604603025E-002  0.181387884154564E+002  0.123458373250872E+002 -0.150553169793353E+001 -0.164219880449936E+001
  0.243873308752542E-002  0.168733223707357E+002  0.979513661209738E+001 -0.165919850962180E+001 -0.253101177713440E+001
  0.251477717451289E-002  0.168119113247616E+002  0.102841208798685E+002  0.171459125009012E+001 -0.247365527970053E+001
  0.247093463938076E-002  0.166988708313482E+002  0.122416556213163E+002 -0.163554842392038E+001 -0.115171142525990E+001
  0.271798635766755E-002  0.165082811895763E+002  0.844116481791623E+001 -0.195880629119641E+001 -0.160280969723017E+001
  0.290744197835285E-002  0.163735164837870E+002  0.128763420245056E+002  0.265716829944367E-001 -0.653508941026281E+000
  0.543484202518942E-002  0.151224028746045E+002  0.121983422959691E+002 -0.650658991361674E+000  0.148119676228741E+001
  0.501723138510588E-002  0.149176641396109E+002  0.952424497360209E+001  0.191093957389965E+001 -0.183500359309289E+001
  0.574173063914035E-002  0.146478993289837E+002  0.114489860260335E+002  0.220753217757547E+001 -0.524161960073073E-001
  0.662111240427795E-002  0.141722735238398E+002  0.960346491936377E+001  0.248130853759216E+001 -0.430985315560122E+000
  0.940317842176435E-002  0.132800844255001E+002  0.103889096801638E+002 -0.118753143550069E+001 -0.201151925746789E+001
  0.976136291565786E-002  0.132053158823487E+002  0.846303519612248E+001  0.810820513592390E-001 -0.177878827358100E+001
  0.123356769945047E-001  0.123358472937618E+002  0.792400397756880E+001  0.490023111485911E+000  0.337004608444559E+000
  0.131093797247146E-001  0.118495394781540E+002  0.103885274086574E+002 -0.846804302009915E+000 -0.181909740043380E+001
  0.127337042756995E-001  0.115735825596181E+002  0.114055599377821E+002  0.138713018749734E+001 -0.382179427142546E-001
  0.136402613382978E-001  0.109897485493668E+002  0.870657826076122E+001  0.108505433571965E+001 -0.683427238013529E+000
  0.139905937765745E-001  0.108010439688438E+002  0.104801842244985E+002 -0.134519722808257E+000 -0.169704993175028E+001
  0.140551935443316E-001  0.107918304807341E+002  0.109591127865023E+002  0.129851039151939E+001 -0.716526938718665E+000
  0.143763672757716E-001  0.107466430362618E+002  0.114782753992438E+002 -0.835996670790578E+000 -0.435960312380438E+000
  0.151255175486653E-001  0.106450479874048E+002  0.874205184910548E+001 -0.109249639635208E+001 -0.443478306476294E+000
  0.134645386773290E-001  0.105435873313237E+002  0.105051583375759E+002  0.128806478001267E+001 -0.978211866153565E+000
  0.126956379869393E-001  0.105011039078387E+002  0.898541478319811E+001  0.166344760920524E+000 -0.133103610525469E+001
  0.129803878598927E-001  0.104567416612272E+002  0.106936712609836E+002 -0.786022086856576E+000  0.129820571142546E+001
  0.127635857045141E-001  0.101563201767233E+002  0.107172491822912E+002 -0.631459238179595E+000  0.125329165202480E+001
  0.120411637067729E-001  0.982656339643377E+001  0.944284614682566E+001  0.978968743049109E+000 -0.940941086227568E+000
  0.121058690910303E-001  0.967785906295283E+001  0.945711559948711E+001 -0.121285401648612E+001 -0.489619926695795E+000
  0.124301218230961E-001  0.962499441824010E+001  0.104835677427134E+002 -0.132424933128156E+000 -0.130431102150701E+001
  0.122252966295307E-001  0.937202354488978E+001  0.878987375525431E+001 -0.915388199170124E-001  0.476283117911166E+000
  0.124620832797681E-001  0.933365674977840E+001  0.112362489640121E+002 -0.216211780534081E-002 -0.364619694058717E+000
  0.129314001840666E-001  0.925972119040112E+001  0.100810362856678E+002 -0.577783482658603E+000 -0.111665908193356E+001
  0.132509066164875E-001  0.921090619541695E+001  0.987865575004925E+001 -0.189909575320840E+000 -0.121972253767560E+001
  0.128170976354944E-001  0.894336990929622E+001  0.976607814455976E+001 -0.975321828903439E+000 -0.514786122772925E+000
  0.132287409402288E-001  0.888014636090337E+001  0.102247650430606E+002  0.544809477921724E+000  0.927586446849851E+000
  0.117884824324382E-001  0.877657582519418E+001  0.107034803266085E+002 -0.397751884917952E-001  0.779561502988003E+000
  0.118658731706648E-001  0.876348884609178E+001  0.110426971042511E+002  0.460680623869223E-001 -0.419079443255796E-001
  0.109082835670935E-001  0.875775412894897E+001  0.908683546813913E+001  0.590897779140604E-001  0.497995996106262E+000
  0.100879349214233E-001  0.874009600165289E+001  0.105855341477469E+002 -0.649090451500719E+000 -0.550939467216992E+000
  0.103170626452379E-001  0.869517811248047E+001  0.101849205058169E+002 -0.862626470687928E-001 -0.990529263586438E+000
  0.994149148753849E-002  0.857872182023090E+001  0.966100676430121E+001 -0.454931528016083E+000 -0.764493072885443E+000
  0.941059787280946E-002  0.849786260258711E+001  0.104079430340575E+002 -0.258846985420199E+000 -0.769448028772203E+000
  0.962833222720358E-002  0.845211552617837E+001  0.108192692904478E+002 -0.324314830380679E+000  0.577944114444264E-001
  0.765037062141661E-002  0.833666324482163E+001  0.970177394768879E+001 -0.757900749009337E+000 -0.302963444511448E-001
  0.180829360111446E-001  0.603438683633328E+001  0.103608886295128E+002 -0.381110674734167E+000  0.495247097717197E+000
  0.194881768602579E-001  0.588470836623166E+001  0.101476291531022E+002 -0.279708010813728E+000  0.520621003076677E+000
  0.203376519684492E-001  0.579937641019919E+001  0.102357170933964E+002 -0.361671521668249E+000  0.315240183457092E+000
  0.213399605719449E-001  0.570316150336916E+001  0.100316011685831E+002 -0.109595233603223E+000  0.420143493412382E+000
