  0.374833745908045E-099  0.463887351740776E+003  0.236635695454782E+002  0.298412211459546E+002
  0.851577830318249E-081  0.379333171098712E+003  0.268459413822315E+002  0.242225967107790E+002
  0.238164575006614E-072  0.340414996709872E+003  0.176053445281241E+002  0.293047907878480E+002
  0.311267443121898E-072  0.339859714924082E+003  0.298296972169530E+002  0.652457014921958E+001
  0.116908109260063E-071  0.337193172582568E+003  0.296628903961340E+002  0.803871609389287E+001
  0.122634201711726E-069  0.327867296110413E+003  0.242815340839848E+002  0.249418658405432E+002
  0.248405727252979E-068  0.321830510359010E+003  0.845487635050875E+001  0.293125288125135E+002
  0.268222169524832E-068  0.321657105254335E+003  0.203938160737273E+002  0.275454698145492E+002
  0.506244246695620E-065  0.306551286782760E+003  0.205485229555316E+002  0.269644484309244E+002
  0.627165185060457E-064  0.301497834524710E+003  0.115041343888945E+002  0.290795967926857E+002
  0.256559699460713E-063  0.298660460827049E+003  0.289987774066830E+002  0.340336371351664E+001
  0.555407374980271E-063  0.297095879226339E+003  0.268616913327055E+002  0.201661915687800E+002
  0.879671847961918E-062  0.291551114209810E+003  0.251698342543908E+002  0.224195611568804E+002
  0.228569610048962E-061  0.289621459631674E+003  0.143530825957112E+002  0.285694036316858E+002
  0.144013356843001E-059  0.281315088101945E+003  0.100800762383632E+002  0.283734436094518E+002
  0.581140766288833E-058  0.273899843335957E+003  0.280160661466276E+002  0.919890311470174E+001
  0.227969089852221E-057  0.271146338410932E+003  0.807150450623451E+001  0.276903019850505E+002
  0.687498144530043E-057  0.268918739585763E+003  0.280607657713018E+002  0.108036650947873E+002
  0.724684283735945E-057  0.268793485006799E+003  0.270458114116318E+002  0.177339095521901E+002
  0.115565372838400E-056  0.267840213600814E+003  0.280717418730702E+002  0.299875641481121E+001
  0.180050317750257E-056  0.266933512966235E+003  0.232037066725549E+002  0.234835162098492E+002
  0.101649771789256E-055  0.263451848238289E+003  0.735327307286045E+001  0.273438856004008E+002
  0.983088001507447E-054  0.254288446701520E+003  0.276169912147768E+002  0.392666438336227E+001
  0.239867960924377E-051  0.243274255542676E+003  0.230061565829151E+002  0.226112886868334E+002
  0.469927659556243E-051  0.241909374565194E+003  0.268227138935005E+002  0.844224548284344E+001
  0.376824331694760E-049  0.233120732835194E+003  0.263721817436801E+002  0.161257483614622E+002
  0.174391174855665E-048  0.230036618403251E+003  0.142586559426665E+002  0.266763676199595E+002
  0.362081866491608E-048  0.228555578882577E+003  0.265398516516257E+002  0.575843577474156E+001
  0.957527207828726E-048  0.226590710622168E+003  0.443312364091607E+000  0.265091258776967E+002
  0.127821921741517E-045  0.216782731557059E+003  0.483350330002772E+001  0.262787139472086E+002
  0.273828007023874E-044  0.210633936431673E+003  0.439411999212464E+001  0.261120884584643E+002
  0.899926530522655E-043  0.203629239724906E+003  0.258950979871833E+002  0.400805080812740E+001
  0.511152721644701E-040  0.190925117932233E+003  0.254672880954282E+002  0.118660445325617E+002
  0.542373758852569E-040  0.190786643386489E+003  0.109794931820050E+002  0.254240785159058E+002
  0.601519276875921E-040  0.190559736270486E+003  0.234529513013404E+001  0.254384438304495E+002
  0.136609236439471E-039  0.188899333465531E+003  0.253878992184674E+002  0.116476326320760E+002
  0.159479975368246E-039  0.188569845190775E+003  0.506156687920850E+001  0.252204561938763E+002
  0.203331517895483E-039  0.188064105785041E+003  0.218760615798057E+002  0.209993437670318E+002
  0.204211878618527E-039  0.188035564452428E+003  0.253581019005418E+002  0.122394845453392E+002
  0.306833750963637E-038  0.182596197609589E+003  0.189768537769119E+002  0.231525953824868E+002
  0.329212385979524E-038  0.182435502908933E+003  0.251033310347062E+002  0.109050600545575E+002
  0.615243360956171E-038  0.181164972635568E+003  0.230464052627968E+002  0.190429097811850E+002
  0.280292631468829E-035  0.168901928873094E+003  0.810873873397507E+001  0.240095387907592E+002
  0.139975232965027E-033  0.161060425179894E+003  0.242925313654958E+002  0.113559715934190E+002
  0.879422003823627E-033  0.157364925761644E+003  0.506331018580364E-001  0.237952039169349E+002
  0.172145957147170E-032  0.156001699259565E+003  0.786169400001054E+001  0.233759610401619E+002
  0.142206961514555E-031  0.151758746877994E+003  0.353939393126882E+001  0.239133738229433E+002
  0.419602107093780E-031  0.149574799363862E+003  0.177865053372017E+002  0.223223945926653E+002
  0.395852900533332E-030  0.145066256954641E+003  0.209724352136393E+002  0.194177043667145E+002
  0.704662916858589E-030  0.143893002538115E+003  0.234816791101598E+002  0.141106257841216E+001
  0.180161138153802E-029  0.141995667478346E+003  0.234896918299527E+002  0.233417426352596E+001
  0.192031048716160E-029  0.141848155999390E+003  0.227726876055915E+002  0.796409966446653E+001
  0.115048446618370E-028  0.138247692664542E+003  0.214285281214559E+002  0.183096136892638E+002
  0.148692795124411E-028  0.137714733832289E+003  0.220881017789484E+002  0.171386390328719E+002
  0.154448466395516E-028  0.137618876990599E+003  0.233170030818565E+002  0.120706612774875E+002
  0.153915615048459E-028  0.137605888312609E+003  0.231624025342538E+002  0.101379224623344E+002
  0.379016172057070E-028  0.135783638897890E+003  0.232098821513287E+002  0.127634499535006E+002
  0.308844640294419E-027  0.131568049062727E+003  0.216415478074570E+002  0.173915934304746E+002
  0.436585912455802E-027  0.130855854783269E+003  0.229020766872938E+002  0.135688382542256E+002
  0.447802765176560E-027  0.130785218717455E+003  0.170280062555146E+002  0.217961751001219E+002
  0.549899545587729E-027  0.130354552579773E+003  0.229817833496594E+002  0.253560596342680E+001
  0.157940222107737E-026  0.128224519725702E+003  0.227429455645087E+002  0.138095068676276E+002
  0.671841175069906E-026  0.125309008372757E+003  0.226437999781119E+002  0.142545080134336E+001
  0.753874667300126E-026  0.125058699382082E+003  0.115215500099994E+002  0.227373395107651E+002
  0.116585823086325E-024  0.119561655248015E+003  0.910021505370412E+001  0.220803560654454E+002
  0.169408540139055E-024  0.118794383557613E+003  0.215231743901820E+002  0.762822061694329E+001
  0.391611720286146E-024  0.117098567607014E+003  0.217076652138977E+002  0.664985329681213E+001
  0.191431039753517E-023  0.113904983162112E+003  0.805277041458307E+001  0.214233118902393E+002
  0.773104354704170E-022  0.106488139512314E+003  0.170088284495511E+002  0.204770544327360E+002
  0.157609852636511E-021  0.105043651358408E+003  0.217723784063168E+002  0.307033080724750E+001
  0.317340408786842E-021  0.103624045996156E+003  0.376618887853266E+001  0.216694195988620E+002
  0.395297175784858E-021  0.103164819767810E+003  0.214772170669068E+002  0.495137162402414E+001
  0.460310425230048E-021  0.102840392559008E+003  0.208878520065662E+002  0.157824798808021E+002
  0.652894455112941E-021  0.102121463125077E+003  0.882574826494362E+001  0.210832965923397E+002
  0.257827259722758E-020  0.993546435988381E+002  0.110308348596664E+002  0.214274088332843E+002
  0.264963680839201E-019  0.946749668742786E+002  0.135333258558555E+002  0.210986017318229E+002
  0.340757119124715E-019  0.941519118131372E+002  0.210768908353016E+002  0.134908518898413E+002
  0.446588867229782E-019  0.935910742546543E+002  0.199196402826017E+002  0.166185546255440E+002
  0.579659605590544E-019  0.930495683267886E+002  0.771432343814530E+001  0.200879270423227E+002
  0.136934357276641E-017  0.867052060477185E+002  0.183145710168637E+002  0.181067236470133E+002
  0.496492515440544E-017  0.841091719026234E+002  0.206162138553716E+002  0.125750699795793E+002
  0.854637890608044E-017  0.830030523394370E+002  0.412938825998264E+001  0.204963644741700E+002
  0.137183861315445E-016  0.820366930517295E+002  0.135547208257661E+002  0.203713924161961E+002
  0.266065853063332E-016  0.806919488568786E+002  0.196211216974974E+002  0.661549796455896E+001
  0.383631037306999E-016  0.799401733865936E+002  0.201569038042276E+002  0.100338442341186E+002
  0.475224255224374E-016  0.794920616077948E+002  0.118428593265362E+002  0.203622989181699E+002
  0.176968620163767E-015  0.768426195185772E+002  0.684966117859195E+001  0.192449387259274E+002
  0.262686261903507E-015  0.760327429170379E+002  0.156249483529405E+002  0.193043252348071E+002
  0.498759993037375E-015  0.747305130461200E+002  0.114290503117754E+002  0.200538937340844E+002
  0.695580200038900E-015  0.740453697577585E+002  0.685522204860360E+001  0.190462284495340E+002
  0.268557095111258E-014  0.713236644729004E+002  0.182825096421405E+002  0.167238132742096E+002
  0.304687178148585E-014  0.710513196736324E+002  0.197968434468105E+002  0.111507493186062E+002
  0.352585303894093E-014  0.707394050419666E+002  0.143521291385074E+002  0.194610701871808E+002
  0.996406679168268E-014  0.686417785866058E+002  0.194790750442192E+002  0.477929476194289E+001
  0.125087148453943E-013  0.681669973482199E+002  0.173259057270426E+001  0.195512479413743E+002
  0.270413198363209E-013  0.666052157435516E+002  0.412798391480685E-001  0.189506737467390E+002
  0.275792816610497E-013  0.665459175500845E+002  0.186086022979618E+002  0.834843412141207E+001
  0.407256621773525E-013  0.657464297129713E+002  0.192730295671578E+002  0.118061949870080E+001
  0.127160555137503E-012  0.634493448760404E+002  0.189160140552669E+002  0.546551602428598E+001
  0.166213242667257E-012  0.628938021010187E+002  0.666610706673865E+001  0.183178505969537E+002
  0.250482396709055E-012  0.620536672651424E+002  0.175777276800496E+002  0.166263696320807E+002
  0.269622430535696E-012  0.618864987445230E+002  0.190416083944320E+002  0.136622047840970E+002
  0.540025035738858E-012  0.604774122306781E+002  0.191059063712554E+002  0.366646954462880E+001
  0.114082418044178E-011  0.589617300799480E+002  0.190147057615144E+002  0.346508917382823E+001
  0.140929414620108E-011  0.585191534041988E+002  0.186575760452540E+002  0.515789466553567E+001
  0.293333249341989E-011  0.570331523965570E+002  0.184096040174460E+002  0.468043539792923E+000
  0.767230276195094E-011  0.550902964277363E+002  0.184854487879624E+002  0.101318658434567E+002
  0.131063560305105E-010  0.539994347546927E+002  0.127363676604700E+002  0.186270560736721E+002
  0.345512042517565E-010  0.520408438945231E+002  0.567411799894393E+001  0.179456380438533E+002
  0.421365360320693E-010  0.516239976355451E+002  0.120915729858493E+002  0.184866236829413E+002
  0.131162658115455E-009  0.493330509450367E+002  0.641074586527933E+001  0.173066608054392E+002
  0.140364891794916E-009  0.491775359155205E+002  0.795122279956732E+001  0.168249128170269E+002
  0.149156160182476E-009  0.490361384335058E+002  0.649963339721897E+001  0.172201173636540E+002
  0.160170957238764E-009  0.488737419407606E+002  0.165319619359292E+002  0.755979403485743E+001
  0.245964635649645E-009  0.479959491980107E+002  0.827358624460906E+001  0.169570512891433E+002
  0.258488868082391E-009  0.478767188134371E+002  0.181899971598364E+002  0.285395632522332E+001
  0.276548071286412E-009  0.477217540863080E+002  0.169264968390071E+002  0.673014951966623E+001
  0.287152103740514E-009  0.476265986419233E+002  0.988003312595959E+001  0.177959480567184E+002
  0.293761290487889E-009  0.475611870864920E+002  0.180436393230872E+002  0.177677246629500E+001
  0.340290301944436E-009  0.472472232605246E+002  0.166721261682983E+002  0.801266223306879E+001
  0.682393811544458E-009  0.458357069089787E+002  0.122311516010469E+002  0.180202118423358E+002
  0.105296938912122E-008  0.449482812191171E+002  0.598466718372531E+001  0.171478850210828E+002
  0.110235825218350E-008  0.448367053812987E+002  0.374832653968823E+001  0.178938431902778E+002
  0.216788196878496E-008  0.434642069415364E+002  0.166269099995293E+002  0.846207224707323E+001
  0.447074445600335E-008  0.419966976796849E+002  0.855470739010538E+001  0.165373430702651E+002
  0.778639486846709E-008  0.408671509712457E+002  0.175853165558563E+002  0.116365928971381E+002
  0.111327485910987E-007  0.401322240593681E+002  0.994831623633896E+001  0.171364864035763E+002
  0.172227924088573E-007  0.392396382807250E+002  0.930914973651312E+001  0.167391600616787E+002
  0.223124790431424E-007  0.387019126717177E+002  0.150611308524409E+002  0.164488274136271E+002
  0.235009957440855E-007  0.385782186659220E+002  0.702791475553043E+001  0.658380837456863E+001
  0.246371427312791E-007  0.384638932461777E+002  0.683910354845090E+001  0.823253328524187E+001
  0.280720463903598E-007  0.381829543455343E+002  0.739924802514716E+001  0.615731878849699E+001
  0.331876059260755E-007  0.378282492839990E+002  0.163789401890082E+002  0.601890876575673E+001
  0.331636549975097E-007  0.378097925092224E+002  0.733997986108771E+001  0.151401009613153E+002
  0.356976441789025E-007  0.376426315476293E+002  0.893732871403617E+001  0.163270493112147E+002
  0.375999263749025E-007  0.375188960958071E+002  0.737460970675810E+001  0.893357756688245E+001
  0.529226744733087E-007  0.368153358666318E+002  0.102374216409868E+002  0.169162310945782E+002
  0.748478675043415E-007  0.361021837165461E+002  0.922079325443230E+001  0.753600210789630E+001
  0.103344275501739E-006  0.354370665049329E+002  0.692148754572190E+001  0.875490645763434E+001
  0.163226743181198E-006  0.345030170402670E+002  0.766520826800246E+001  0.556532916457884E+001
  0.213173525254236E-006  0.339491839586368E+002  0.156547179958851E+002  0.632459712107011E+001
  0.240212896036497E-006  0.336904451162294E+002  0.708231041160489E+001  0.255563563715228E+000
  0.313158743717102E-006  0.331401751876241E+002  0.743817971846947E+001  0.806889223195196E+000
  0.334116886872416E-006  0.329907132018145E+002  0.666121522656892E+001  0.616985119871459E+001
  0.362452486353266E-006  0.328080075378592E+002  0.768973756080088E+001  0.524132551523751E+001
  0.451601267166943E-006  0.323482943868602E+002  0.632955681888151E+001  0.154238974559380E+002
  0.450525709726822E-006  0.323331627121248E+002  0.166592397150709E+002  0.404178825579783E+001
  0.489080873956484E-006  0.321490366154621E+002  0.942758627104353E+001  0.159990497697920E+002
  0.496129048991338E-006  0.321005195335797E+002  0.672085671730797E+001  0.473367479267334E-001
  0.497421737029629E-006  0.320754145530367E+002  0.158447956981508E+002  0.578453510790432E+001
  0.517296287536684E-006  0.319771587540354E+002  0.140241517170840E+002  0.767295957548191E+001
  0.519053835953067E-006  0.319504744771723E+002  0.273877139030924E+001  0.167268286272023E+002
  0.731591929111085E-006  0.312441432621127E+002  0.654591719677206E+000  0.702895834947256E+001
  0.941216902962990E-006  0.307203411383700E+002  0.524813923881655E+001  0.798090849259656E+001
  0.991454624544866E-006  0.305964413430267E+002  0.163775186523368E+002  0.106236110390740E+002
  0.114209959552957E-005  0.302936398504192E+002  0.571279857367600E+001  0.833993431327641E+001
  0.125630823410905E-005  0.300831209320479E+002  0.332726152348659E+001  0.165206963631260E+002
  0.149521058274134E-005  0.297150410549746E+002  0.825568351454384E+001  0.951846143138317E+001
  0.149157549654647E-005  0.297000086200420E+002  0.775512734202317E+001  0.104724090730796E+002
  0.152748977605171E-005  0.296325224038793E+002  0.189089222071177E+001  0.749428561326660E+001
  0.163971408521843E-005  0.294708294030318E+002  0.802370571940850E+001  0.965680160484526E+000
  0.180866993745415E-005  0.292547890501093E+002  0.716625436743959E+001  0.456672005635299E+001
  0.223518154429655E-005  0.288114269510512E+002  0.112892404648228E+002  0.163320806334247E+002
  0.223316235471428E-005  0.287933338402097E+002  0.785924661666428E+001  0.447834896998955E+001
  0.283991220788096E-005  0.282927242549637E+002  0.729759607114490E+001  0.223583970637494E+001
  0.293250438662297E-005  0.282086562763941E+002  0.112841181880929E+002  0.770446945799938E+001
  0.307137441043250E-005  0.280962189052854E+002  0.126480515694963E+002  0.729229242930288E+001
  0.319090349866958E-005  0.279999603375629E+002  0.647279974864461E+001  0.947008097377902E+001
  0.336344449678376E-005  0.278747366926486E+002  0.773332810575943E+001  0.113983591336862E+002
  0.358330106211758E-005  0.277281983044980E+002  0.782290749027856E+001  0.110795352400980E+002
  0.397147095530334E-005  0.275025934751143E+002  0.696841201820033E+001  0.449386240660502E+001
  0.508348153321852E-005  0.269889731649018E+002  0.153950510396688E+002  0.566221788405301E+000
  0.647708068664369E-005  0.264845254442016E+002  0.120422988919801E+002  0.787564301344345E+001
  0.643981940474982E-005  0.264761635835967E+002  0.467395675302261E+001  0.675995568928609E+001
  0.900528767925925E-005  0.257856400663917E+002  0.160244853469890E+002  0.322323202850455E+001
  0.925094894917247E-005  0.257119109834244E+002  0.913727041921417E+000  0.856194935532300E+001
  0.106896114890971E-004  0.254029178304812E+002  0.558557742173216E+001  0.602958506254910E+001
  0.113024867747577E-004  0.252715163905972E+002  0.669418846066539E+001  0.155550030583346E+001
  0.113850740272534E-004  0.252370548656921E+002  0.676652412331445E+001  0.107696581458030E+002
  0.132370859622273E-004  0.249157157417286E+002  0.149547188871071E+002  0.145779889100205E+002
  0.186177653826266E-004  0.242136274396715E+002  0.118625326019691E+002  0.682885898286099E+001
  0.197821071017287E-004  0.240724035891044E+002  0.156787134271051E+002  0.109999270573459E+002
  0.209342615841539E-004  0.239392843681744E+002  0.484641015875560E+000  0.158710094086437E+000
  0.216427095236501E-004  0.238528206501352E+002  0.557935786671235E+001  0.232255703994840E+000
  0.233224899688950E-004  0.236834210392943E+002  0.595038310722644E+001  0.966776135413494E+001
  0.257136540690688E-004  0.234683123619802E+002  0.364620411314539E+001  0.156757866350513E+002
  0.256022223178800E-004  0.234570976613590E+002  0.109081338223093E+002  0.155672959915967E+002
  0.265656910291103E-004  0.233633141690129E+002  0.640087407573543E+001  0.149728724979539E+001
  0.267961000533215E-004  0.233261419389078E+002  0.150601469001846E+002  0.141029307331641E+002
  0.273782491359900E-004  0.232632562482745E+002  0.153183267530131E+002  0.103529910173853E+002
  0.272248940759481E-004  0.232545897723120E+002  0.190459493623196E+001  0.155377043826288E+002
  0.270529401393340E-004  0.232473612825426E+002  0.234773999743172E+001  0.156445291810987E+002
  0.268992961047039E-004  0.232388517668329E+002  0.155520891441668E+002  0.109597167409726E+002
  0.289002333115976E-004  0.230754520071317E+002  0.155500543300263E+002  0.129660440162233E+002
  0.353955561879513E-004  0.226500781200359E+002  0.516187147366574E+001  0.909533723202095E+001
  0.354230822139510E-004  0.226286227248296E+002  0.429448925117446E+000  0.554589173426011E+001
  0.355897042798417E-004  0.225993365775005E+002  0.661030878010606E+001  0.283767976974980E+001
  0.434711272446937E-004  0.221793547441704E+002  0.108902914755110E+002  0.637767058685989E+001
  0.476201194026283E-004  0.219771373379817E+002  0.584140545823044E+001  0.991092656929735E+001
  0.484144594664036E-004  0.219241503363731E+002  0.233282914081513E+001  0.154553882793856E+002
  0.488210945893316E-004  0.218875217402226E+002  0.154862236882007E+002  0.255904544867033E+001
  0.233792120185421E-003  0.185413540124336E+002  0.375557922913322E+001  0.865474223824165E+001
  0.293677602289390E-003  0.180852535533375E+002  0.437641288517420E+001  0.150677312893000E+002
  0.375718993441384E-003  0.175925356906984E+002  0.174700409615133E+001  0.895980674413100E+001
  0.435289807888917E-003  0.172981946343361E+002  0.433225674697970E+001  0.149569444930449E+002
  0.642331065353678E-003  0.164383670160888E+002  0.810109792551258E+000  0.142052170042637E+002
  0.112365693918098E-002  0.149414031753721E+002  0.291260777691702E+001  0.148555209533816E+002
  0.116300451394059E-002  0.148725666469983E+002  0.566718750122828E+001  0.129893996957389E+002
  0.125370145201169E-002  0.147223794819962E+002  0.315924045204409E+001  0.918623799622084E+001
  0.126884252896768E-002  0.145501540315607E+002  0.272224710241609E+001  0.147736693205805E+002
  0.162652445373622E-002  0.139807379212012E+002  0.567960179664727E+001  0.118561027225516E+002
  0.172791499379147E-002  0.138597979724594E+002  0.566079784638134E+001  0.120136771022297E+002
  0.220872800430119E-002  0.132933146956926E+002  0.742194417308029E+000  0.108100996735261E+002
  0.252641828894468E-002  0.130245430607706E+002  0.389553170308521E+001  0.966701903634003E+001
  0.271079149499999E-002  0.128836669543725E+002  0.138717762645455E+001  0.138715515184596E+002
  0.280131654577837E-002  0.127363252757914E+002  0.446372553412691E+001  0.100470363604907E+002
  0.322873777488825E-002  0.122922363054521E+002  0.249045380151732E+001  0.142919060010281E+002
  0.379461577160868E-002  0.118908111177899E+002  0.381107836680005E+001  0.141102599700472E+002
  0.392120107595870E-002  0.118251814297265E+002  0.296733193268375E+001  0.975403731761076E+001
  0.392971592996804E-002  0.115125417960377E+002  0.151123471541446E+001  0.104136980539810E+002
  0.398477169317814E-002  0.114847160395689E+002  0.515556202606223E+001  0.122418729691895E+002
  0.425754080487121E-002  0.112040766978827E+002  0.381235434252272E+001  0.139402039224143E+002
  0.412867561652110E-002  0.110548257388898E+002  0.467156783918819E+001  0.132169309094537E+002
  0.426538099726564E-002  0.109896760858843E+002  0.190820463193158E+001  0.102627915782310E+002
  0.460140486789573E-002  0.107678331365628E+002  0.126768936599682E+001  0.129935628537577E+002
  0.472034752971987E-002  0.106466089706753E+002  0.103981827195958E+001  0.118433771912631E+002
  0.533313153162396E-002  0.104024966327345E+002  0.310612582789863E+001  0.139003862980647E+002
  0.543125803919154E-002  0.103660322423975E+002  0.119377039579180E+001  0.125690351480921E+002
  0.565362049969990E-002  0.102103008941533E+002  0.148963863655344E+001  0.130720744313927E+002
  0.638040428119324E-002  0.996843024222484E+001  0.126244538159607E+001  0.115882132459964E+002
  0.632079998282434E-002  0.990876018111472E+001  0.173339504746596E+001  0.107652100519456E+002
  0.368291962880917E-001  0.532316069287795E+001  0.332134139378606E+001  0.132426368209171E+002
  0.377747191600643E-001  0.527246236172793E+001  0.376970951758867E+001  0.130021254848783E+002
  0.382982520365549E-001  0.524493399607461E+001  0.344394337179521E+001  0.131713642242680E+002
  0.346547151020472E-001  0.513657356052722E+001  0.286473584910202E+001  0.132010508054160E+002
  0.361553388827699E-001  0.505179189997172E+001  0.310828241568007E+001  0.131680379641123E+002
  0.376921098699977E-001  0.496853957868111E+001  0.398837516410013E+001  0.125620498028222E+002
  0.382125684608321E-001  0.494111219165088E+001  0.348302428895872E+001  0.130158964490085E+002
  0.414124739901920E-001  0.478027687012740E+001  0.363224849591782E+001  0.128395144886888E+002
  0.416441251661988E-001  0.476912053678219E+001  0.263682631275415E+001  0.129805464174917E+002
