  0.440393060920849E-035  0.169407927503387E+003  0.278676143116981E+002  0.298849965122143E+002
  0.120343570048740E-033  0.162782245873810E+003  0.105282764361493E+002  0.298138617989744E+002
  0.673967964861796E-030  0.145511096544422E+003  0.106349607120703E+002  0.287990372082112E+002
  0.940258275562270E-030  0.144835177423687E+003  0.957389690890659E+001  0.295824652545936E+002
  0.388864089728203E-029  0.141985881554523E+003  0.104552971365385E+002  0.287526572936397E+002
  0.126906267630914E-028  0.139610298555558E+003  0.280987574757421E+002  0.119859169986844E+002
  0.135417209978823E-028  0.139470500085928E+003  0.285208992792536E+002  0.105544264685243E+002
  0.468560614156826E-027  0.132372744786130E+003  0.284397897594139E+002  0.271657014383632E+002
  0.919590024260449E-027  0.131014244758297E+003  0.282487265681529E+002  0.102922793600702E+002
  0.208864709630954E-025  0.124758411753093E+003  0.133106333722775E+002  0.116007824730624E+002
  0.603828942325814E-025  0.122625228210606E+003  0.275836939988465E+002  0.125624333904261E+002
  0.707022434874556E-025  0.122299710231314E+003  0.273166385286845E+002  0.123207359651749E+002
  0.747256723124477E-024  0.117573872161523E+003  0.285367209234896E+002  0.259078635340295E+002
  0.108268289642902E-023  0.116822319868969E+003  0.116697643978624E+002  0.261435066792394E+002
  0.274171445914837E-023  0.114954062154594E+003  0.120342545647289E+002  0.135419993328914E+002
  0.282022239656127E-023  0.114887622459312E+003  0.288952103100464E+002  0.149041743063470E+002
  0.305707337142656E-023  0.114716362780546E+003  0.296955745971421E+002  0.166959449894810E+002
  0.440032570629497E-023  0.113977946660322E+003  0.299471188922766E+002  0.711472983778961E+000
  0.458085207785645E-022  0.109282388467952E+003  0.105142917328851E+002  0.955914566291626E+001
  0.564552621731162E-022  0.108854456609857E+003  0.280950225818874E+002  0.257904792124079E+002
  0.852067272824945E-022  0.108021217757075E+003  0.214469277878885E+002  0.298047030161269E+002
  0.275658424564450E-021  0.105663078438699E+003  0.277176948480630E+002  0.260253504604809E+002
  0.276895399008210E-021  0.105644148741973E+003  0.137980070878351E+002  0.124247761447197E+002
  0.378826840031051E-021  0.105007294858441E+003  0.929517039569267E+001  0.125446188503100E+002
  0.504543597161002E-021  0.104424169698586E+003  0.105140229203762E+002  0.138219571985561E+002
  0.650795567211207E-021  0.103905111992771E+003  0.147782939547802E+002  0.118237164607881E+002
  0.952837427154640E-021  0.103132639440811E+003  0.290523907002630E+002  0.166248784390276E+002
  0.125771594422818E-020  0.102567447730259E+003  0.286066790256824E+002  0.243240151919107E+002
  0.142403413078911E-020  0.102309079751893E+003  0.296182559194193E+002  0.305306902284900E+001
  0.219049198584005E-020  0.101437839891444E+003  0.295143355048185E+002  0.210582264851775E+002
  0.222822720277047E-020  0.101393704561806E+003  0.509780934766050E+001  0.293379593061553E+002
  0.411119702194241E-020  0.100158713600095E+003  0.285659037648444E+002  0.241217217024269E+002
  0.806074333064518E-020  0.988021554278874E+002  0.127937870885385E+002  0.139108921504155E+002
  0.150127613178735E-019  0.975483907108079E+002  0.181870005862252E+002  0.291905390123321E+002
  0.164415506109682E-019  0.973565934065026E+002  0.248977766996721E+002  0.120267184500993E+002
  0.239096798544588E-019  0.965976749491009E+002  0.292896731115899E+002  0.228990709787992E+001
  0.321096444349266E-019  0.959979537802305E+002  0.242176939722625E+002  0.117261915702470E+002
  0.447100185017181E-019  0.953258963584770E+002  0.712364037132988E+001  0.117190725137772E+002
  0.680291597469639E-019  0.944764436174438E+002  0.114736478015225E+002  0.237237596840108E+002
  0.783070006969768E-019  0.941850673852647E+002  0.120305530114321E+002  0.756922396528398E+001
  0.146016604568545E-018  0.929289256272083E+002  0.143197956829844E+002  0.128677641622657E+002
  0.161688511221473E-018  0.927150478063146E+002  0.920692183280040E+001  0.966286369878281E+001
  0.197067508962272E-018  0.923093234412453E+002  0.719208214001521E+001  0.119413737874224E+002
  0.338064945111706E-018  0.912199650238155E+002  0.281251167914399E+002  0.239251784226980E+002
  0.399178479329129E-018  0.908776487184703E+002  0.118845579028976E+002  0.690188748512058E+001
  0.464884184365930E-018  0.905629142850530E+002  0.241590893391092E+002  0.120332123777233E+002
  0.586924147355742E-018  0.900867246381634E+002  0.269154233449824E+002  0.256980898640310E+002
  0.604886874123369E-018  0.900164578251261E+002  0.279491044745992E+002  0.241270787947130E+002
  0.645061371690382E-018  0.898778747290041E+002  0.265406965124348E+002  0.910751564565859E+001
  0.115379803721067E-017  0.887049617289974E+002  0.288773547197982E+002  0.196804402894424E+002
  0.280692727583072E-017  0.869169241515557E+002  0.832966142633886E+001  0.997970033260030E+001
  0.294959488424912E-017  0.868077941792308E+002  0.286012206247967E+002  0.182589137173765E+002
  0.380833672860934E-017  0.862867696840047E+002  0.142036262469955E+002  0.134506943497633E+002
  0.424115841830709E-017  0.860615067926969E+002  0.111095726513712E+002  0.232409167226697E+002
  0.901548907235424E-017  0.845433163849848E+002  0.220214256849026E+002  0.115541680120488E+002
  0.938642645247282E-017  0.844527002116521E+002  0.135785601502546E+002  0.142187895758335E+002
  0.119427436389634E-016  0.839610066970657E+002  0.273612410678969E+001  0.286079010049364E+002
  0.124997294568246E-016  0.838598653469549E+002  0.789251798856667E+001  0.270800929781496E+002
  0.216006989187153E-016  0.827558529221437E+002  0.838886546592422E+001  0.133727407314146E+002
  0.283089730260546E-016  0.822049715372464E+002  0.186761618191789E+002  0.115548207991876E+002
  0.309678899860090E-016  0.820154523776017E+002  0.113494800229948E+002  0.183704876589346E+002
  0.365353665824708E-016  0.816748175382530E+002  0.146748473838019E+002  0.265971320021043E+002
  0.377114165255647E-016  0.816014781846378E+002  0.253935814421184E+002  0.953569743123191E+001
  0.424448492710754E-016  0.813550177120123E+002  0.283947526029291E+002  0.210429429267053E+002
  0.495048735838061E-016  0.810373115251071E+002  0.586669773620318E+001  0.109387708629802E+002
  0.546769563903275E-016  0.808285939878263E+002  0.115506684194851E+002  0.194109961604219E+002
  0.738251296454717E-016  0.802181052335017E+002  0.258751077847079E+002  0.259921446287872E+002
  0.109410788018725E-015  0.794213095261729E+002  0.861949899632867E+001  0.261682350844607E+002
  0.117600068839924E-015  0.792669741932764E+002  0.226076501254481E+002  0.279165471335213E+002
  0.122455837825618E-015  0.791760774370493E+002  0.209409934355079E+002  0.282761822292720E+002
  0.168606185533137E-015  0.785264718038735E+002  0.109557153034173E+000  0.277702249293721E+002
  0.187789763348944E-015  0.783009820718269E+002  0.167027416167843E+001  0.111697412144100E+002
  0.201557661658805E-015  0.781495020978065E+002  0.112185665496044E+002  0.390878973100418E+001
  0.252524965789318E-015  0.776886577833601E+002  0.190014733319462E+002  0.118204659184968E+002
  0.260967126888276E-015  0.776129140392784E+002  0.111974707176930E+002  0.379411441810202E+001
  0.279328424322333E-015  0.774669513785285E+002  0.673864544763904E+001  0.126723765721393E+002
  0.282968063279467E-015  0.774310846894304E+002  0.216835824577526E+002  0.119500205075965E+002
  0.545312198608250E-015  0.761090607434829E+002  0.187884693302538E+002  0.280526913315043E+002
  0.556044523406729E-015  0.760601058665029E+002  0.219472134449315E+002  0.279039894462935E+002
  0.568486808757373E-015  0.760058713030524E+002  0.246836798133746E+002  0.266538408614557E+002
  0.581181824619879E-015  0.759517251205953E+002  0.972650801917376E+000  0.121230580754554E+002
  0.580799476256651E-015  0.759430662321686E+002  0.738310361892645E+001  0.985098915476160E+001
  0.661436087436019E-015  0.756730755501337E+002  0.518941370788821E+001  0.108156346116047E+002
  0.762972914924984E-015  0.753774821245769E+002  0.125337107891812E+002  0.613633402117921E+001
  0.855211199619458E-015  0.751392551955351E+002  0.108449238471133E+002  0.219496250091694E+002
  0.220169920908976E-014  0.732380076055927E+002  0.270540869082218E+002  0.669897945352280E+001
  0.257580804653123E-014  0.729141648038553E+002  0.955657581008277E+001  0.155133462412138E+002
  0.291375415246597E-014  0.726576316265792E+002  0.259863322591401E+002  0.819865763543778E+001
  0.306192754090040E-014  0.725484519505905E+002  0.174707488179745E+002  0.275070582726892E+002
  0.409824046727660E-014  0.719554506789753E+002  0.233647963684669E+001  0.278561934107679E+002
  0.411099827888080E-014  0.719392592719946E+002  0.247534835835719E+002  0.137112611285374E+002
  0.529337901374468E-014  0.714237023736514E+002  0.224302583097881E+002  0.274647257432604E+002
  0.571722415223774E-014  0.712596740853959E+002  0.277435744286298E+002  0.422528064311988E+001
  0.600906234808142E-014  0.711501283592734E+002  0.269343744832333E+002  0.236426861498479E+002
  0.627890231499252E-014  0.710523003692214E+002  0.258939925114689E+002  0.148504625309929E+002
  0.674037353194094E-014  0.709004849482759E+002  0.130533067762875E+002  0.658448346413363E+001
  0.776131983376681E-014  0.706084357495618E+002  0.236677030231110E+001  0.107725187624247E+002
  0.780310414537146E-014  0.705877222255818E+002  0.853487742794676E+001  0.145084212120808E+002
  0.104535017652564E-013  0.699929163474613E+002  0.897260071785714E+000  0.274683321191878E+002
  0.118197586400982E-013  0.697372701190033E+002  0.161615615545613E+002  0.267237076022325E+002
  0.123332727170694E-013  0.696422388020176E+002  0.268465745703003E+002  0.163984393721509E+002
  0.126009378587461E-013  0.695893226484167E+002  0.275686659712513E+002  0.184159540521889E+002
  0.226550927061171E-013  0.684061207138517E+002  0.252202552815945E+002  0.255999677686192E+002
  0.241858518094483E-013  0.682653793187687E+002  0.206058206223045E+002  0.276225287269447E+002
  0.313186162438519E-013  0.677385145103613E+002  0.137960026767270E+001  0.125624330088920E+002
  0.332039751215987E-013  0.676116256025042E+002  0.922304149535333E+001  0.736920629523854E+001
  0.575531982568672E-013  0.665015703078338E+002  0.218665095052181E+002  0.127046387287499E+002
  0.648209642983601E-013  0.662537564908092E+002  0.242902694550123E+002  0.138313755184049E+002
  0.673434196874758E-013  0.661674291663980E+002  0.126010379412314E+002  0.212756853588951E+002
  0.720731152995349E-013  0.660217022850307E+002  0.203550490406287E+002  0.274900084088415E+002
  0.128809554295573E-012  0.648504194095953E+002  0.170584123957696E+002  0.268119061412332E+002
  0.159196846300203E-012  0.644168313799544E+002  0.147095959207023E+002  0.816072083709646E+001
  0.173826420852782E-012  0.642310247840298E+002  0.170658067059193E+001  0.127362079652172E+002
  0.229666654113549E-012  0.636639062856191E+002  0.270863512691281E+002  0.180889491171391E+002
  0.231807125464648E-012  0.636353777176869E+002  0.271177823864120E+002  0.217824519960178E+002
  0.299677637833087E-012  0.631117992622156E+002  0.824268773523934E+001  0.808238212590553E+001
  0.404223774007290E-012  0.625033016505780E+002  0.102213517738020E+002  0.207483072303861E+002
  0.412414120937082E-012  0.624532078240416E+002  0.880322893908091E+001  0.243566415052644E+002
  0.520396472046234E-012  0.619781067912763E+002  0.271390985935580E+002  0.189729352796310E+001
  0.523825795047204E-012  0.619549952891686E+002  0.100017436296285E+002  0.477063969651662E+001
  0.574968816432301E-012  0.617587069457695E+002  0.980900365493882E+000  0.130799908155806E+002
  0.580126436111049E-012  0.617308713306610E+002  0.129145312548433E+002  0.186841020203382E+002
  0.719155257386049E-012  0.612912338546380E+002  0.673240358125725E+001  0.261290277256669E+002
  0.861340230684675E-012  0.609204341428471E+002  0.267388294030426E+002  0.609770738972172E+000
  0.108462346582147E-011  0.604494618884827E+002  0.253373118846784E+002  0.152918000005426E+002
  0.145172070245788E-011  0.598564534983228E+002  0.974397523119105E+001  0.178599450754380E+002
  0.172494112550740E-011  0.595015916642225E+002  0.134206366504721E+002  0.553340740502757E+001
  0.182100496452924E-011  0.593832253667066E+002  0.946880489225814E+001  0.227825118388501E+002
  0.217578580490246E-011  0.590172475598956E+002  0.706779276233661E+001  0.257161956844841E+002
  0.399978044502837E-011  0.577895733129356E+002  0.174371384264954E+002  0.943629531397731E+001
  0.489632128408619E-011  0.573751088420413E+002  0.989333799230932E+001  0.197518394339014E+002
  0.576263277214591E-011  0.570393131910789E+002  0.131335061773545E+002  0.330847897074157E+001
  0.710945685933218E-011  0.566092753060011E+002  0.134154482113527E+002  0.218594452262328E+002
  0.755335422038391E-011  0.564781684581807E+002  0.939331709748236E+001  0.224100307985496E+002
  0.901577297383941E-011  0.561142256474531E+002  0.268031117189655E+002  0.319099761115027E+001
  0.966255341047156E-011  0.559656858735401E+002  0.165013597682171E+002  0.258249279740464E+002
  0.970151937449556E-011  0.559476616539441E+002  0.976815208505735E+001  0.358682408626056E+001
  0.128376552888760E-010  0.553774862471281E+002  0.185498576856786E+002  0.134061273127183E+002
  0.131692723228998E-010  0.553165039842750E+002  0.139364707236121E+002  0.229588342635909E+002
  0.141362574072262E-010  0.551648155360733E+002  0.777130073700689E+001  0.247543757017981E+002
  0.142937447058044E-010  0.551326823246268E+002  0.847111457701430E+001  0.239248147867824E+002
  0.209064723751723E-010  0.543622336703088E+002  0.188458990552150E+002  0.134246773326100E+002
  0.240610117012273E-010  0.540711906578746E+002  0.950612184376533E+001  0.439504577440727E+001
  0.290501283412982E-010  0.536843552899016E+002  0.875251161481389E+001  0.232859624027171E+002
  0.300080355505285E-010  0.536094956143844E+002  0.143516040524907E+002  0.165489563411510E+002
  0.353675998369241E-010  0.532708586419421E+002  0.249642707761482E+002  0.156604772377875E+002
  0.357399964483345E-010  0.532399350225890E+002  0.179637709769993E+002  0.137311651888715E+002
  0.364799769490681E-010  0.531889736936246E+002  0.265503383161158E+002  0.369758521973077E+001
  0.368417601871227E-010  0.531592616982901E+002  0.142138847542716E+002  0.168560032502916E+002
  0.379390050662179E-010  0.530905911136572E+002  0.261057760153470E+002  0.547516796223202E+000
  0.385243531989335E-010  0.530499943273339E+002  0.225651451822715E+002  0.260559564085238E+002
  0.387791863718323E-010  0.530268330902279E+002  0.217989202272473E+002  0.932418394790711E+001
  0.420101043553855E-010  0.528568050066913E+002  0.265393776729676E+002  0.245417204384343E+001
  0.619642156869165E-010  0.520695361579860E+002  0.171603055029113E+002  0.258489533099459E+002
  0.620679774613034E-010  0.520562147889406E+002  0.157868442526268E+002  0.249507693278978E+002
  0.649097472044152E-010  0.519567044951377E+002  0.727851340342779E+001  0.151157793812560E+002
  0.687205059728751E-010  0.518326297321461E+002  0.252003103079562E+002  0.687220685576688E+001
  0.775572642899311E-010  0.515807168149083E+002  0.944697507621912E+001  0.195290300622597E+002
  0.801365303226949E-010  0.515053112288944E+002  0.255878562738440E+002  0.232381718596291E+002
  0.100714799755071E-009  0.510382142486244E+002  0.862101108842366E+001  0.168940328248386E+002
  0.107329644143416E-009  0.509010149110903E+002  0.917829622771538E+001  0.217129664720670E+002
  0.116690270820083E-009  0.507238032646379E+002  0.196228832302199E+001  0.263128077145466E+002
  0.119506686636732E-009  0.506661298650976E+002  0.876715809475972E+001  0.172412682486544E+002
  0.148244931607833E-009  0.502251677336248E+002  0.229728921943273E+002  0.256206461581628E+002
  0.161991908487450E-009  0.500378315761507E+002  0.136801012954318E+002  0.245109614604685E+001
  0.195198910114927E-009  0.496549110848103E+002  0.262072935719146E+002  0.211528230990119E+002
  0.196319514274151E-009  0.496334871692480E+002  0.205758875110967E+002  0.928541360966390E+001
  0.221321305614381E-009  0.493837680653816E+002  0.185618878139949E+002  0.912537222596167E+001
  0.254280104081648E-009  0.490961511540413E+002  0.860192040210610E+001  0.581411130967594E+001
  0.285118083703876E-009  0.488572420873061E+002  0.237916915358432E+002  0.150316098296270E+002
  0.312951024729995E-009  0.486609804351991E+002  0.258467635123946E+002  0.178364565254962E+002
  0.338334733507345E-009  0.484950272852602E+002  0.919654534489550E+001  0.245005766243040E+001
  0.347215387088324E-009  0.484332330858175E+002  0.137919600487054E+002  0.203131398244958E+002
  0.470277586773418E-009  0.478165023406677E+002  0.623098903504637E+001  0.147481626361039E+002
  0.474184613786710E-009  0.477899800658234E+002  0.739396231784381E+001  0.732292247396704E+001
  0.473320144751420E-009  0.477836544389855E+002  0.732400244803673E+001  0.243921795010103E+002
  0.652125872373427E-009  0.471327481544765E+002  0.246643120989607E+002  0.160526560450472E+002
  0.676077735769411E-009  0.470506321432701E+002  0.219722443434407E+002  0.877628495607458E+001
  0.763927971766546E-009  0.467963261727356E+002  0.252710023680631E+002  0.603602432621115E+001
  0.811721865514936E-009  0.466649826009111E+002  0.207233841041111E+002  0.902878773382907E+001
  0.908350499892722E-009  0.464300623861204E+002  0.249801447224931E+002  0.234398843628648E+002
  0.973429769803667E-009  0.462816965770253E+002  0.191023902779996E+002  0.259733220961817E+002
  0.101374806449800E-008  0.461905534621505E+002  0.253479960256833E+002  0.579178714664335E+001
  0.120906257212119E-008  0.458281965623938E+002  0.257651324476094E+002  0.132786725268237E+001
  0.124896152326670E-008  0.457532872812232E+002  0.144094030574335E+002  0.831337599411530E+000
  0.147999447719934E-008  0.454038603351820E+002  0.253224957832254E+002  0.173019483931054E+002
  0.153358070495518E-008  0.453227513021872E+002  0.140569742460599E+002  0.195441714237470E+002
  0.205456544030745E-008  0.447278581594002E+002  0.142496261981859E+002  0.436588535373513E+001
  0.220610779612325E-008  0.445755522291954E+002  0.716947199611259E+001  0.158291920442718E+002
  0.247083181881762E-008  0.443389269899915E+002  0.245422877599614E+002  0.672976304829589E+001
  0.307499898763027E-008  0.438914524883006E+002  0.563317023059280E+001  0.821176078938374E+001
  0.307510259369082E-008  0.438814100203359E+002  0.257339463631508E+002  0.190097651272451E+001
  0.308835035877902E-008  0.438628372985605E+002  0.144443627673611E+002  0.217895015335603E+002
  0.333225444861575E-008  0.437008382102600E+002  0.285213472042964E+001  0.141790415247921E+002
  0.368372027059868E-008  0.434903149310384E+002  0.508149191289224E+001  0.254186981691491E+002
  0.376026486138650E-008  0.434392074236972E+002  0.255506988644756E+002  0.183166898561632E+002
  0.519591006581578E-008  0.427824675536151E+002  0.560410278166879E+001  0.251191502963731E+002
  0.671027449346422E-008  0.422609563346836E+002  0.199810846458553E+002  0.869782257049116E+001
  0.728487092390195E-008  0.420866615253371E+002  0.199994864067157E+002  0.256825385843210E+002
  0.101683673118881E-007  0.414097225700964E+002  0.441639564839356E+001  0.254413352624191E+002
  0.101770762838273E-007  0.413980352663640E+002  0.221087081650528E+002  0.821113890063783E+001
  0.565156070436877E-007  0.377815953826726E+002  0.815663171658741E+001  0.520284393942578E+001
  0.744200005412496E-007  0.372311795840286E+002  0.271137829815618E+001  0.855064444876097E+001
  0.157865336049227E-006  0.356218568451927E+002  0.764777476081294E+001  0.577161023905788E+001
  0.230086488278543E-006  0.347658444401993E+002  0.310192490513522E+001  0.833078159871703E+001
  0.257567061159481E-006  0.345401947528961E+002  0.515248192544575E+001  0.785477012976238E+001
  0.434664245022688E-006  0.334936072235931E+002  0.804913728848434E+001  0.428902931112436E+001
  0.165163909323165E-005  0.304771646188237E+002  0.779383528304576E+001  0.192385660938849E+001
  0.193938029394796E-005  0.301099849798330E+002  0.580801563636926E+001  0.698582612077424E+001
  0.198683362705495E-005  0.300156584565706E+002  0.134508472462890E+001  0.757588140003886E+001
  0.430796063977711E-005  0.284218346333841E+002  0.213353073228923E+001  0.761874900171079E+001
  0.631561244443938E-005  0.276567144116202E+002  0.671471016844971E+001  0.574215599033755E+001
  0.124418810807927E-004  0.263006273024809E+002  0.744610655353908E+001  0.344106747371053E+001
  0.186732835084798E-004  0.253933201549771E+002  0.386674823450385E+001  0.727829923594284E+001
  0.235411069475243E-004  0.248829505363351E+002  0.726675504776325E+001  0.358269082542073E+001
  0.327098061352452E-004  0.242250969564871E+002  0.695944556706093E+001  0.151350598478289E+001
  0.573830549161708E-004  0.230056925895822E+002  0.703395352471695E+001  0.237175780998607E+001
  0.824332415548452E-004  0.222341521482222E+002  0.406294951798201E+000  0.602797340980107E+001
  0.140000300346542E-003  0.211277795625078E+002  0.350590070626939E+001  0.681229861595489E+001
  0.143910609971102E-003  0.210256230181011E+002  0.675175796312614E+001  0.378212013369318E+001
  0.161408965255751E-003  0.207490641065319E+002  0.676792987534734E+001  0.253789042392036E+001
  0.215830997552322E-003  0.201679553433547E+002  0.162201289556886E+001  0.645411111325096E+001
  0.231650519514544E-003  0.199782918965272E+002  0.410321771909469E+001  0.652462469776717E+001
  0.243556708249892E-003  0.198780519985912E+002  0.172060173576404E+001  0.645006793837002E+001
  0.254948719310118E-003  0.197372415320264E+002  0.502782104083194E+001  0.604745140366393E+001
  0.269236593680612E-003  0.196281853335015E+002  0.541617590952422E+000  0.569189857975639E+001
  0.299512535319802E-003  0.193644182227667E+002  0.436308256199400E+000  0.554040933017553E+001
  0.375964298184623E-003  0.189097423899484E+002  0.380453628360285E+001  0.645314935350652E+001
  0.378407235003646E-003  0.188967888504716E+002  0.515535803486871E+001  0.581300502866705E+001
  0.368787726724929E-003  0.188949518459076E+002  0.654105299266421E+001  0.286706299101048E+001
  0.425680508945845E-003  0.186080160984860E+002  0.586562211794330E+001  0.985551520900129E+000
  0.464000092928533E-003  0.183808268168914E+002  0.267301524444798E+001  0.645480599829218E+001
  0.499629471056984E-003  0.182328627902639E+002  0.592254718458760E+001  0.483121747573317E+001
  0.702518926140636E-003  0.174401119356474E+002  0.534537743699512E+001  0.536666290649707E+001
  0.854444689261765E-003  0.170485530762170E+002  0.580862258888765E+001  0.132012829992448E+001
  0.989829733362434E-003  0.166432510336093E+002  0.419670829122276E+001  0.597874419825463E+001
  0.123810329164718E-002  0.161408472008005E+002  0.613071708223393E+001  0.296486524346563E+001
  0.144357518009208E-002  0.157256283672493E+002  0.395573204244036E+000  0.461380486184209E+001
  0.148788286683416E-002  0.156651655388236E+002  0.226852707699757E+001  0.596511207225722E+001
  0.157664638675583E-002  0.155492738659371E+002  0.584109256245348E+001  0.406735355755072E+001
  0.207231843521281E-002  0.148913982710136E+002  0.799168954554377E-001  0.316214078103493E+001
  0.209811709588754E-002  0.148666536230512E+002  0.809138532996129E-001  0.308582767910583E+001
  0.253901680845046E-002  0.143740407181641E+002  0.228706202824492E+001  0.574363570211160E+001
  0.313244805395378E-002  0.137938794990016E+002  0.410225513324542E+000  0.386528856832509E+001
  0.312175834662084E-002  0.137487653442071E+002  0.563352801814170E+001  0.368925483036197E+001
  0.338687457843073E-002  0.135337921170847E+002  0.379739093360129E+001  0.556119825773070E+001
  0.533418146975898E-002  0.124733644958459E+002  0.528156639246898E+000  0.284147052307434E+001
  0.542870399637923E-002  0.123888493021646E+002  0.464332181362817E+001  0.483033314408225E+001
  0.546453229352210E-002  0.123756930920597E+002  0.527942995823810E+001  0.391742512329561E+001
  0.551568374394427E-002  0.123570589157276E+002  0.544553991403201E+001  0.319537180940824E+001
  0.614032767977183E-002  0.120399073573545E+002  0.390897989431440E+001  0.520803976603554E+001
  0.643152496563611E-002  0.119472402262983E+002  0.730551970879998E+000  0.367721678119288E+001
  0.649893924027564E-002  0.118744346625395E+002  0.526174280144897E+001  0.235136230302206E+001
  0.682134428871155E-002  0.117775994776730E+002  0.502373658656941E+001  0.415925252001492E+001
  0.750744276551216E-002  0.115325863135260E+002  0.434410874750989E+001  0.484057998677073E+001
  0.757638534063235E-002  0.115143036720835E+002  0.179875015098484E+001  0.493211779445046E+001
  0.804791805989853E-002  0.113387512957967E+002  0.871806202273984E+000  0.231347312184825E+001
  0.853479234752239E-002  0.111131416641638E+002  0.417464847834188E+001  0.484258495483940E+001
  0.932584523865366E-002  0.108825280155807E+002  0.176474833581377E+001  0.473737101420893E+001
  0.940664833852743E-002  0.108652738041857E+002  0.898545579421217E+000  0.266692369984767E+001
  0.967881787391439E-002  0.106481422607720E+002  0.931343652949735E+000  0.282512896784136E+001
  0.106783376494729E-001  0.104515874662700E+002  0.261283111615777E+001  0.499084515243198E+001
  0.107462646126120E-001  0.103855688807579E+002  0.104630961019019E+001  0.348004108244010E+001
  0.108988232164239E-001  0.103573756701216E+002  0.104310655791963E+001  0.256443091733687E+001
  0.110546227625094E-001  0.103289879332865E+002  0.299662897547978E+001  0.499768697968120E+001
  0.118761466782047E-001  0.101292797441419E+002  0.494623081609600E+001  0.305693903694067E+001
  0.120400311083376E-001  0.993739331568329E+001  0.111112250747849E+001  0.317695149967302E+001
  0.119345159292677E-001  0.984971049587225E+001  0.289978066307538E+001  0.487121438635081E+001
  0.123830510490664E-001  0.967333593371699E+001  0.156410628729764E+001  0.412841564985886E+001
  0.128689272804403E-001  0.949634113055851E+001  0.122555351729967E+001  0.309724972955507E+001
  0.134706843963155E-001  0.930736054157447E+001  0.471537114795077E+001  0.283678521617171E+001
  0.135000686670645E-001  0.925480749078231E+001  0.175054308620092E+001  0.416423434524565E+001
  0.137245302508065E-001  0.922182751253678E+001  0.460895587556336E+001  0.354301491907176E+001
  0.145348389626252E-001  0.905771490002948E+001  0.135306611008393E+001  0.291573635669533E+001
  0.143573227174005E-001  0.903290637229119E+001  0.464073819976109E+001  0.305158712478426E+001
  0.145704689301576E-001  0.890585264719138E+001  0.176057156309368E+001  0.401560154405501E+001
  0.144406571337860E-001  0.865059990521351E+001  0.278245571301306E+001  0.450500866699180E+001
  0.143115632635484E-001  0.858344029631913E+001  0.261588856691223E+001  0.444833539023182E+001
  0.145773721247927E-001  0.854663501303177E+001  0.426498155033566E+001  0.222010680881948E+001
  0.145864117973201E-001  0.854539516393112E+001  0.174698035471575E+001  0.220180601870821E+001
  0.146502668377827E-001  0.853665885803357E+001  0.230993063660764E+001  0.431234135462098E+001
  0.147651210163700E-001  0.852104053434045E+001  0.447495289998812E+001  0.308562228953174E+001
  0.151514898805845E-001  0.837845347069489E+001  0.400580080388461E+001  0.198580331645802E+001
  0.164623743691789E-001  0.816755062572220E+001  0.188986430783008E+001  0.222739009196089E+001
  0.162697286631377E-001  0.814614729750344E+001  0.412269191489639E+001  0.373992355080596E+001
  0.165182334735739E-001  0.811583012586694E+001  0.202766093901278E+001  0.391223000150895E+001
  0.160563880941492E-001  0.808162147230545E+001  0.431665969754854E+001  0.309902228266622E+001
  0.165549080392887E-001  0.802046980503186E+001  0.216062204439267E+001  0.398878266165012E+001
  0.167455080969459E-001  0.799757493929990E+001  0.269461435762831E+001  0.425143567475149E+001
  0.168304244573756E-001  0.798745858094205E+001  0.405531219008403E+001  0.373181381628777E+001
  0.170068120450679E-001  0.796660709262415E+001  0.342260873897045E+001  0.420407044880170E+001
  0.171557325127946E-001  0.794917028714648E+001  0.416620263905055E+001  0.350091754922902E+001
  0.165815805254583E-001  0.791722925134385E+001  0.389676818302824E+001  0.388023450089147E+001
  0.165831434806342E-001  0.786765551801490E+001  0.176641997035332E+001  0.291217900148945E+001
  0.168142005269055E-001  0.783998137329123E+001  0.413115343772293E+001  0.347143395393883E+001
  0.168739723561164E-001  0.783288429597098E+001  0.419902107505100E+001  0.276123346787689E+001
  0.161796021203407E-001  0.766969841802225E+001  0.187682548696639E+001  0.326448843188605E+001
  0.163797341787698E-001  0.764511135923271E+001  0.192053928494882E+001  0.337636767023948E+001
  0.158594252479739E-001  0.761441700812332E+001  0.187227299820969E+001  0.306652455835202E+001
  0.148107447094166E-001  0.756929558213758E+001  0.410915279128502E+001  0.297080467452102E+001
  0.145644408414112E-001  0.755887759296941E+001  0.401331051847603E+001  0.344029090999342E+001
  0.142729914614519E-001  0.755534769291614E+001  0.388693741035367E+001  0.234390060026026E+001
  0.140257082554884E-001  0.754634406504438E+001  0.405651240608787E+001  0.330315392152234E+001
  0.143333070969477E-001  0.750295597115537E+001  0.406413204195407E+001  0.317987681270695E+001
  0.141211031469441E-001  0.748784154147282E+001  0.192878394293944E+001  0.295401739594113E+001
  0.141860570993068E-001  0.747866307697162E+001  0.372534714615318E+001  0.378378013106141E+001
  0.139708176007450E-001  0.746326182211590E+001  0.238129509035100E+001  0.213846488394279E+001
  0.140595935196668E-001  0.740461422859532E+001  0.332848929194768E+001  0.397902283577995E+001
  0.142323268236717E-001  0.738019235150594E+001  0.399225318658751E+001  0.323958853169643E+001
  0.128705925767050E-001  0.727303269244628E+001  0.374320170404449E+001  0.361843400525782E+001
  0.127868519842732E-001  0.724484933709496E+001  0.211357013761439E+001  0.265233905097989E+001
  0.128100915381868E-001  0.724121772220647E+001  0.208104823724500E+001  0.324191337136160E+001
  0.123441813282317E-001  0.723196924377284E+001  0.271294444966705E+001  0.209925305767743E+001
  0.119934934473414E-001  0.720796628377542E+001  0.390932729583300E+001  0.279295688338889E+001
  0.120138048968187E-001  0.720458207051952E+001  0.306766804789111E+001  0.392832096018657E+001
  0.117936682290632E-001  0.720033069600606E+001  0.301628185525600E+001  0.392835461786058E+001
  0.115294233517679E-001  0.716400766001325E+001  0.390771580122162E+001  0.295714695421078E+001
  0.110020388449224E-001  0.713880424909645E+001  0.384548639329197E+001  0.329280318844262E+001
  0.110388552938658E-001  0.713212276277334E+001  0.246107566584414E+001  0.229045083036087E+001
  0.110487028758197E-001  0.713033939088030E+001  0.258263211094215E+001  0.378607896255483E+001
  0.104677641921014E-001  0.708142131280333E+001  0.370824284330080E+001  0.349151814516262E+001
  0.100369281337856E-001  0.705330108588057E+001  0.216110737225518E+001  0.310647508771322E+001
  0.100383159300203E-001  0.705302456695358E+001  0.382149755875530E+001  0.280014248270270E+001
  0.955362458923986E-002  0.704188249961554E+001  0.301632077607134E+001  0.383868518002380E+001
  0.955544401339012E-002  0.704150164920497E+001  0.236579355959037E+001  0.245131016096933E+001
  0.940662279117625E-002  0.703619747663560E+001  0.236190820939151E+001  0.246072915645176E+001
  0.941920840107502E-002  0.703352336113011E+001  0.218925556391763E+001  0.280508073517691E+001
  0.951725215756474E-002  0.701281312707670E+001  0.367696721947494E+001  0.346508623946602E+001
  0.943419212409287E-002  0.699224797413670E+001  0.253127099613423E+001  0.365902791623670E+001
  0.945575758287391E-002  0.698768142557842E+001  0.379285317612856E+001  0.314436746859616E+001
  0.931394685453213E-002  0.697906702474244E+001  0.366390930803299E+001  0.255271021165560E+001
  0.934667805765305E-002  0.697205091743800E+001  0.244653656141826E+001  0.242771874144014E+001
  0.920481071421094E-002  0.696303514507017E+001  0.266868171275319E+001  0.371766289921773E+001
  0.922556018985871E-002  0.695853182074265E+001  0.257217339793888E+001  0.233873385190298E+001
  0.889342351250613E-002  0.695185283322731E+001  0.331464472705193E+001  0.228262406767908E+001
  0.846898849633711E-002  0.693311700258388E+001  0.324943316814928E+001  0.227015289510852E+001
  0.849000677228777E-002  0.692815956580672E+001  0.319776176438047E+001  0.225782310082877E+001
  0.851405647969303E-002  0.692250215955383E+001  0.257974717881488E+001  0.363848760766938E+001
  0.852023963046092E-002  0.692105022963564E+001  0.223964648603672E+001  0.293152034793522E+001
  0.816675512971716E-002  0.688694899879902E+001  0.231469710346119E+001  0.328122168853437E+001
  0.803733666265185E-002  0.688006061425780E+001  0.254349922519239E+001  0.242255359022206E+001
  0.766646506581699E-002  0.686022805916866E+001  0.262434819400383E+001  0.238283674839792E+001
  0.753214714447510E-002  0.685819476242053E+001  0.330725849817376E+001  0.365235241781426E+001
  0.741643394928926E-002  0.685177410576878E+001  0.367993675448234E+001  0.277364449425651E+001
  0.734780121830303E-002  0.683298429440656E+001  0.366093171790914E+001  0.275931294597378E+001
  0.735809648353754E-002  0.683018398472803E+001  0.369431536064300E+001  0.290056728903023E+001
  0.722943268150367E-002  0.682736900185218E+001  0.231264673733832E+001  0.287080559815493E+001
  0.710600821786921E-002  0.682371243538309E+001  0.349182202047543E+001  0.250644125489853E+001
  0.712762675650084E-002  0.681763709193239E+001  0.309944434786621E+001  0.368521866066055E+001
  0.717017511881481E-002  0.680573358724393E+001  0.232384437042062E+001  0.289839364616512E+001
  0.695609979591175E-002  0.678791443095612E+001  0.312834783540433E+001  0.234180704697580E+001
  0.696422549659534E-002  0.678557951379413E+001  0.347161328387656E+001  0.252572463317933E+001
  0.697635117230985E-002  0.678210026639698E+001  0.246871065266912E+001  0.340200571527938E+001
  0.689386941270428E-002  0.676548185107839E+001  0.324970105861408E+001  0.239592390238234E+001
  0.691044072586750E-002  0.676068006932848E+001  0.344278384746548E+001  0.252418571578847E+001
  0.629142873250953E-002  0.675018872048269E+001  0.300320450178936E+001  0.364183732437320E+001
  0.608888344885392E-002  0.674015499495990E+001  0.251167345571063E+001  0.340431284967199E+001
  0.588960809219316E-002  0.673262298271757E+001  0.269047098902481E+001  0.245356475828340E+001
  0.579929035862080E-002  0.672683250441505E+001  0.262112410378412E+001  0.250496236608794E+001
  0.580127667290482E-002  0.672614760192778E+001  0.240543770456998E+001  0.318552621940940E+001
  0.569430733443621E-002  0.672598542952578E+001  0.265132218322225E+001  0.248406792218310E+001
  0.559401507836511E-002  0.672414050811747E+001  0.358690714911979E+001  0.320361042639594E+001
  0.543458786650726E-002  0.670788516887843E+001  0.358133246291071E+001  0.317808547316439E+001
  0.546712902654151E-002  0.669594530399259E+001  0.279857702996676E+001  0.356316142485362E+001
  0.519685990777278E-002  0.668722383225275E+001  0.359072492446166E+001  0.299332203772820E+001
  0.521539641548285E-002  0.668010279077343E+001  0.346850609539488E+001  0.334983071428743E+001
  0.512926528265460E-002  0.667670985517233E+001  0.354862554466057E+001  0.280635969885946E+001
  0.498149125058268E-002  0.666244083693290E+001  0.353670211896538E+001  0.319017984051563E+001
  0.460382268448335E-002  0.664610271767913E+001  0.253913033643649E+001  0.269100393175064E+001
  0.454024559321059E-002  0.664030022253722E+001  0.348425984623724E+001  0.325994099939618E+001
  0.446702409058641E-002  0.663920332719074E+001  0.245141477520764E+001  0.300585471073881E+001
  0.439420433942803E-002  0.663846100714358E+001  0.304738053363956E+001  0.354588716002778E+001
  0.434287245516849E-002  0.662834775423728E+001  0.267079208422729E+001  0.257368251063620E+001
  0.427637192659962E-002  0.662559554921168E+001  0.322148316329452E+001  0.348817768987974E+001
  0.420568043298167E-002  0.662531906029567E+001  0.346652910205696E+001  0.326352676626327E+001
  0.420816238495318E-002  0.662413912285343E+001  0.320090046936389E+001  0.349553488633030E+001
  0.421420028243347E-002  0.662127156715530E+001  0.248860293777475E+001  0.314670143561080E+001
  0.421532820582738E-002  0.662073634224814E+001  0.327487682206269E+001  0.345492392138514E+001
  0.421840764481299E-002  0.661927580842208E+001  0.347886606190555E+001  0.322746384874246E+001
  0.422679101857947E-002  0.661530508997989E+001  0.300556421677402E+001  0.352635618052718E+001
  0.422962354171042E-002  0.661396526766315E+001  0.273344472384797E+001  0.254757293214680E+001
  0.424130502552701E-002  0.660844922954353E+001  0.333263884226411E+001  0.339947131244723E+001
  0.416679513395510E-002  0.660580048682585E+001  0.249492488976555E+001  0.288830255528844E+001
  0.376981649594992E-002  0.658764362660217E+001  0.322903746624083E+001  0.255619580334596E+001
  0.377233090951674E-002  0.658631009994203E+001  0.349032467039229E+001  0.291242993174432E+001
  0.377885564781876E-002  0.658285382727479E+001  0.265396017175961E+001  0.335339349718653E+001
  0.378281512633645E-002  0.658075932779296E+001  0.300906362662234E+001  0.250760394216343E+001
  0.378676209513639E-002  0.657867362654854E+001  0.254565539159631E+001  0.281555135492333E+001
  0.379197672430218E-002  0.657592138498807E+001  0.338793652340756E+001  0.329530211327064E+001
  0.359700734582291E-002  0.656931293038271E+001  0.341709059259762E+001  0.276099149124590E+001
  0.359874123342191E-002  0.656834909035219E+001  0.322185018854478E+001  0.257466685586188E+001
  0.360207295918305E-002  0.656649834075095E+001  0.252501335768643E+001  0.294839835581867E+001
  0.360444132053255E-002  0.656518377376733E+001  0.346970557106319E+001  0.292039378424323E+001
  0.347341174214469E-002  0.656231013873405E+001  0.299415490647825E+001  0.347334202530871E+001
  0.335467179194036E-002  0.655639624841470E+001  0.327707464536061E+001  0.337603535554595E+001
  0.329324320419354E-002  0.655597414943739E+001  0.259169912325516E+001  0.322592309044090E+001
  0.329961233100657E-002  0.655210988833814E+001  0.260643792789286E+001  0.275711014215399E+001
  0.289088378672218E-002  0.653039364543734E+001  0.316059271440524E+001  0.340789744400386E+001
  0.289131689748366E-002  0.653009402888237E+001  0.264296718149222E+001  0.274623180912821E+001
  0.289256178187051E-002  0.652923309491394E+001  0.268785112603626E+001  0.330589683670265E+001
  0.284308233327634E-002  0.652895710337476E+001  0.256356170100237E+001  0.298401832767199E+001
  0.284764768272387E-002  0.652574812989396E+001  0.311303454907387E+001  0.341802873097098E+001
  0.280185500293164E-002  0.652277213592998E+001  0.272734338982511E+001  0.333197471012941E+001
  0.280477158812775E-002  0.652069132286935E+001  0.341745306386494E+001  0.309055916103134E+001
  0.276025402829531E-002  0.651665309320481E+001  0.341640302756981E+001  0.307098106186219E+001
  0.276151969183411E-002  0.651573624030564E+001  0.287018429149914E+001  0.340082517565597E+001
  0.257792213006440E-002  0.651041319770270E+001  0.336596605849706E+001  0.319559841778094E+001
  0.258424714327789E-002  0.650551214464244E+001  0.309846893876390E+001  0.339697948567745E+001
  0.254136641977922E-002  0.650357764665491E+001  0.261971776794098E+001  0.314401308948392E+001
  0.231079399975450E-002  0.649023367526014E+001  0.281975485147922E+001  0.334571962773676E+001
  0.224121170069262E-002  0.648686101260359E+001  0.299486427202557E+001  0.338550140882927E+001
  0.220594364694668E-002  0.648658289445492E+001  0.286217885957003E+001  0.264032663844388E+001
  0.217286201321417E-002  0.648480256472927E+001  0.261746140300691E+001  0.301560403304956E+001
  0.214374249300533E-002  0.647978601912726E+001  0.266162070598389E+001  0.283549415871771E+001
  0.214429503708037E-002  0.647927059072978E+001  0.262484326187875E+001  0.298254400161573E+001
  0.211213135174003E-002  0.647697612368780E+001  0.273243243675166E+001  0.274084672085284E+001
  0.208232995159641E-002  0.647287532422439E+001  0.275651482530303E+001  0.327453049600138E+001
  0.205132127853695E-002  0.647036093084205E+001  0.317248527665678E+001  0.268002115775216E+001
  0.205214421396193E-002  0.646955874504322E+001  0.269163346637352E+001  0.319038257611976E+001
  0.202139292532491E-002  0.646669686870880E+001  0.282231725267095E+001  0.331129151822364E+001
  0.202235205583249E-002  0.646574811399747E+001  0.312348764902927E+001  0.333507553453255E+001
  0.202349898197789E-002  0.646461418576788E+001  0.335250488478229E+001  0.304616482730478E+001
  0.195932758388637E-002  0.646126475701474E+001  0.330131423617447E+001  0.317958615592777E+001
  0.195943118656821E-002  0.646115900650757E+001  0.281723151966632E+001  0.329921796137877E+001
  0.195955703727545E-002  0.646103055426419E+001  0.309131371417597E+001  0.266166723603062E+001
  0.196042251947054E-002  0.646014740454708E+001  0.277009876089643E+001  0.326281081430053E+001
  0.196069595333443E-002  0.645986846998672E+001  0.329870087050027E+001  0.281993623558117E+001
  0.189505247537027E-002  0.645653822240189E+001  0.327345091574940E+001  0.279133874728334E+001
  0.174602993675670E-002  0.644929772844571E+001  0.328651606914096E+001  0.282975614584571E+001
  0.169175492463756E-002  0.644687447496137E+001  0.316054439231311E+001  0.271211691198376E+001
  0.169179590391347E-002  0.644682602967062E+001  0.274503884677515E+001  0.320880023784579E+001
  0.166653990950986E-002  0.644384955209642E+001  0.267552803800537E+001  0.298144744536847E+001
  0.164144139385719E-002  0.644114057230482E+001  0.271586377744111E+001  0.285105746530168E+001
  0.164169378136442E-002  0.644083307657984E+001  0.326712586704156E+001  0.317678672756946E+001
  0.164298246415973E-002  0.643926374948018E+001  0.314408327275956E+001  0.271666193461051E+001
  0.164422040780404E-002  0.643775737004326E+001  0.318580190144094E+001  0.325497396489009E+001
  0.161865569295277E-002  0.643431462475187E+001  0.326668735416035E+001  0.315801638899305E+001
  0.159107076119491E-002  0.643390866192474E+001  0.322150544629582E+001  0.278408173191317E+001
  0.159110946560749E-002  0.643386001048476E+001  0.330923734116901E+001  0.299700389935636E+001
  0.159144579441675E-002  0.643343729504633E+001  0.274167350277423E+001  0.283123562228664E+001
  0.153781560945765E-002  0.643056099714838E+001  0.278437923037147E+001  0.321411534312320E+001
  0.153782064466309E-002  0.643055444864261E+001  0.281052719375116E+001  0.276244747182490E+001
  0.130754127006068E-002  0.642088181485779E+001  0.278720340555941E+001  0.319332905513620E+001
  0.125035945660970E-002  0.641869755338670E+001  0.321295624986994E+001  0.318741368235969E+001
  0.125043618587717E-002  0.641857482561768E+001  0.281429873123630E+001  0.278583519499036E+001
  0.125049112808183E-002  0.641848695068527E+001  0.323151933996533E+001  0.283671360982965E+001
  0.125238672235510E-002  0.641545748660594E+001  0.288452074284949E+001  0.274721802461116E+001
  0.125250975010471E-002  0.641526102699005E+001  0.327739025337221E+001  0.300961112021235E+001
  0.121389673221478E-002  0.641439105739221E+001  0.296748560588295E+001  0.272593692172239E+001
  0.121396282028857E-002  0.641428217453078E+001  0.298600793215157E+001  0.327543256139333E+001
  0.121439988765316E-002  0.641356223698953E+001  0.305256592295039E+001  0.326939888648895E+001
  0.121453405020040E-002  0.641334129636158E+001  0.290775853030186E+001  0.274191182332954E+001
  0.119488191053269E-002  0.641290898165597E+001  0.324887678407092E+001  0.288710169481312E+001
  0.115779513859760E-002  0.641038915008209E+001  0.298449114668514E+001  0.273181102770896E+001
  0.115786322313646E-002  0.641027154285643E+001  0.325117564514915E+001  0.290534780801310E+001
  0.113955875574827E-002  0.640908319159353E+001  0.296407472796064E+001  0.273624013624130E+001
  0.114013038693593E-002  0.640808019309002E+001  0.324690278159818E+001  0.290568187429403E+001
  0.112330973681559E-002  0.640419231785318E+001  0.281626680399817E+001  0.282052540612189E+001
  0.112391759432570E-002  0.640311034894595E+001  0.277351814257131E+001  0.288341090741761E+001
  0.112485423996778E-002  0.640144429162175E+001  0.274896115586671E+001  0.301415943733199E+001
  0.112532453042905E-002  0.640060828610202E+001  0.324838851392118E+001  0.302623226184728E+001
  0.110598706729875E-002  0.639987564337747E+001  0.316181112370300E+001  0.318833348860739E+001
  0.106877889470562E-002  0.639813586960815E+001  0.303347699915390E+001  0.324247032693381E+001
  0.105060745864929E-002  0.639764888009242E+001  0.295316084366597E+001  0.276076857891590E+001
  0.105097634903574E-002  0.639694676126397E+001  0.282196740563221E+001  0.283559849175198E+001
  0.105104283602700E-002  0.639682024102713E+001  0.279718275002447E+001  0.286785574758216E+001
  0.997980881642956E-003  0.639420860637608E+001  0.276420045441607E+001  0.301959285548562E+001
  0.998248210752519E-003  0.639367293817612E+001  0.278012812508133E+001  0.291570292944919E+001
  0.998249449431414E-003  0.639367045647244E+001  0.323426663527581E+001  0.302379704554297E+001
  0.981305252682445E-003  0.639187268233082E+001  0.322976507715380E+001  0.302928123902617E+001
  0.946977693953564E-003  0.639165259212701E+001  0.293408261201922E+001  0.277845048093851E+001
  0.947251981801255E-003  0.639107338496301E+001  0.322674578729766E+001  0.303790029305110E+001
  0.947474637881120E-003  0.639060333070067E+001  0.279844949262794E+001  0.310843165122012E+001
  0.868885376010872E-003  0.638667444791742E+001  0.279583242500681E+001  0.308226024888364E+001
  0.814009627595903E-003  0.638376973850953E+001  0.279117521437853E+001  0.295596993382628E+001
  0.814255814280523E-003  0.638316495582444E+001  0.312900142903415E+001  0.283177311023747E+001
  0.815106609814462E-003  0.638107629685285E+001  0.300551744759278E+001  0.320693611075038E+001
  0.801670190632344E-003  0.638070530944622E+001  0.310889917319197E+001  0.282500577486127E+001
  0.788472801223192E-003  0.638028982917361E+001  0.282094034920057E+001  0.289997915248922E+001
  0.788514351653744E-003  0.638018443724195E+001  0.303119706383272E+001  0.320245463629601E+001
  0.726081113330940E-003  0.637977875057571E+001  0.308759743418653E+001  0.318407101729286E+001
  0.726105058752353E-003  0.637971279368430E+001  0.319829971310138E+001  0.304654800506777E+001
  0.672380653562760E-003  0.637589120692810E+001  0.282787075323572E+001  0.291033713899253E+001
  0.662253678901436E-003  0.637570815389435E+001  0.301375785621157E+001  0.280687937812238E+001
  0.662258698319217E-003  0.637569299535642E+001  0.284174927269453E+001  0.311147377257137E+001
  0.652272803421442E-003  0.637507137825980E+001  0.280834689390520E+001  0.301082425478238E+001
  0.642353885020938E-003  0.637471002514103E+001  0.315947901115488E+001  0.310513405466201E+001
  0.632492443519517E-003  0.637464385421099E+001  0.281361114853149E+001  0.304098474797803E+001
  0.613675154414339E-003  0.637350563658588E+001  0.291235045718271E+001  0.283386784315677E+001
  0.613832997467461E-003  0.637299128381764E+001  0.285789501036604E+001  0.287927653481465E+001
  0.604660031641518E-003  0.637209597302212E+001  0.286679489027956E+001  0.287299972018113E+001
  0.578146781967932E-003  0.637015406984527E+001  0.313477179433432E+001  0.288266572280547E+001
  0.578166014324253E-003  0.637008753990153E+001  0.317315784549936E+001  0.295663411765990E+001
  0.578219790472823E-003  0.636990152534347E+001  0.317625619695805E+001  0.297526181726698E+001
  0.578279167280905E-003  0.636969615790155E+001  0.317692704343090E+001  0.301302607047152E+001
  0.578280867009443E-003  0.636969027933584E+001  0.284010329873965E+001  0.307681161090281E+001
  0.569457639686455E-003  0.636844015903281E+001  0.282625886662577E+001  0.300555669994061E+001
  0.569655868737343E-003  0.636774407720629E+001  0.287578346472285E+001  0.311870563962008E+001
  0.519113904343988E-003  0.636592478975196E+001  0.311274641233375E+001  0.312243257558923E+001
  0.511400089545876E-003  0.636579121502377E+001  0.311391279067702E+001  0.312079648360580E+001
  0.511416174805943E-003  0.636572830925807E+001  0.313365757417594E+001  0.309818686995243E+001
  0.468532115619709E-003  0.636430117822347E+001  0.308123421970567E+001  0.313956675492347E+001
  0.461960320895485E-003  0.636418320289009E+001  0.303556055627560E+001  0.315714753906773E+001
  0.455477074689744E-003  0.636408116579003E+001  0.304556494935726E+001  0.284578683425958E+001
  0.449127412624698E-003  0.636378943218837E+001  0.285486876693891E+001  0.293289518134944E+001
  0.436720553097228E-003  0.636347386485461E+001  0.293771199908447E+001  0.314618744509753E+001
  0.424803779602946E-003  0.636324705002915E+001  0.287292667111928E+001  0.290578684580218E+001
  0.424824638991759E-003  0.636314884526876E+001  0.313820494335523E+001  0.307632128280182E+001
  0.424842361884726E-003  0.636306541073286E+001  0.307375917140132E+001  0.313928996616639E+001
  0.424878515133521E-003  0.636289522191065E+001  0.313435701951328E+001  0.291863592607457E+001
  0.424889489931064E-003  0.636284356170468E+001  0.315688621260926E+001  0.299735854105038E+001
  0.418801257594277E-003  0.636251122201686E+001  0.297491190806065E+001  0.315381322754331E+001
  0.406888636406110E-003  0.636225005720176E+001  0.306210375644400E+001  0.285797929747783E+001
  0.406940899380085E-003  0.636199318289701E+001  0.286189072997811E+001  0.293147473649363E+001
  0.401060657949708E-003  0.636190614796629E+001  0.292693457490416E+001  0.286455890236181E+001
  0.401103353920108E-003  0.636169324402242E+001  0.308676589274779E+001  0.312626014092214E+001
  0.401166249140059E-003  0.636137965756799E+001  0.308307006140118E+001  0.312749792851012E+001
  0.383969193813278E-003  0.636010333812349E+001  0.313375020092852E+001  0.293682626192276E+001
  0.383992442902580E-003  0.635998224306771E+001  0.306138751438321E+001  0.286587127282667E+001
  0.384000567454923E-003  0.635993992730580E+001  0.307856991026332E+001  0.312467315595025E+001
  0.181105406028579E-002  0.369662502790850E+001  0.301245813145600E+001  0.314392946206539E+001
  0.138858569370401E-002  0.369134362855264E+001  0.300647217225967E+001  0.312469004258639E+001
  0.123456633418972E-002  0.369090951843863E+001  0.298656272559910E+001  0.312237166860273E+001
  0.123457144603943E-002  0.369090123724872E+001  0.310540768763883E+001  0.306353206919869E+001
  0.123505021516185E-002  0.369012578384882E+001  0.306859083037916E+001  0.309832064390570E+001
  0.123569380328988E-002  0.368908384969816E+001  0.301462373698997E+001  0.311452450914943E+001
  0.123586926523004E-002  0.368879988050848E+001  0.298961611035804E+001  0.311374498901354E+001
  0.123593793087658E-002  0.368868876238136E+001  0.306894477455895E+001  0.309045024943960E+001
  0.123653498188145E-002  0.368772284520040E+001  0.308723739572091E+001  0.306601779434015E+001
  0.123692697614739E-002  0.368708892517111E+001  0.303902377471080E+001  0.309905522378825E+001
  0.123721515800609E-002  0.368662301522029E+001  0.307386726940894E+001  0.307356975541395E+001
  0.123729302724851E-002  0.368649714092670E+001  0.306199719951813E+001  0.308306235826126E+001
  0.123778395761471E-002  0.368570374278088E+001  0.299620109749672E+001  0.309967536456900E+001
  0.123939236468651E-002  0.368310658038541E+001  0.307603722637811E+001  0.303963316504445E+001
  0.106281371551762E-002  0.368220800300329E+001  0.302077973927911E+001  0.307760201427856E+001
  0.106302005804912E-002  0.368181974586914E+001  0.306443882158636E+001  0.304374072842340E+001
  0.106304724301570E-002  0.368176859985589E+001  0.300692996551203E+001  0.307724275121463E+001
  0.106331279652226E-002  0.368126905414774E+001  0.305960723865263E+001  0.304429332262612E+001
  0.106385089508665E-002  0.368025719299574E+001  0.304566524003313E+001  0.304917058093788E+001
  0.106397841642209E-002  0.368001747200890E+001  0.303177736808074E+001  0.305703979372396E+001
