  0.635411375747381E-001  0.192375146703228E-001 -0.159850408183502E+000 -0.188829399722813E+000  0.986317647618152E+001 -0.463686113102396E+001
  0.863874568139451E-001 -0.946813156385815E-001 -0.328496342955304E-001 -0.794230641793447E-001  0.101704013976375E+002 -0.462111821709318E+001
 -0.101473452702372E+000 -0.985847712981709E-001 -0.780286063302782E-001 -0.129939887954521E+000  0.100351890137113E+002 -0.461680612767772E+001
 -0.501868902257527E-001  0.262618179776752E+000 -0.911850605260511E-001  0.333082281597967E-001  0.102443926978912E+002 -0.466501215422766E+001
  0.190049182384101E+000 -0.173495349525098E+000  0.255194561871981E+000  0.102508121576641E+000  0.100046694563580E+002 -0.466562932164966E+001
  0.198042071102407E-001 -0.334954806321974E-001 -0.555565875793249E-001  0.754597929557619E-001  0.969634654843298E+001 -0.464594280965686E+001
 -0.107871019158686E+000  0.685232245519174E-001  0.187927682205597E+000 -0.889358637456397E-001  0.102529511795451E+002 -0.465646381097834E+001
 -0.202753015572661E+000  0.443912540523783E-001  0.633224416836242E-002  0.692904964562331E-001  0.101839702986951E+002 -0.463557552091209E+001
  0.101693086809739E+000  0.245718756723441E+000  0.125513972648221E+000 -0.171664876564712E+000  0.986516270278261E+001 -0.466175410362707E+001
 -0.138693231628508E-001  0.487083224523701E-001 -0.903051718758263E-002  0.123293992863950E+000  0.972807007056552E+001 -0.464058951814355E+001
  0.369712609218027E-001 -0.170423467475104E+000  0.179357023696596E+000 -0.170442594699196E+000  0.101160867550260E+002 -0.464724605958834E+001
  0.270966845710205E-001  0.774423006414295E-001 -0.138106753180089E+000 -0.128087493356915E+000  0.101929495899898E+002 -0.463441314889787E+001
 -0.166441252298817E+000  0.301397020936982E+000 -0.135922290671274E+000  0.634047545283707E-001  0.100320776365543E+002 -0.466572609675412E+001
  0.105867732486516E+000 -0.120558570785121E+000  0.178126690721427E+000 -0.105256955939637E+000  0.101720779560262E+002 -0.464377332274476E+001
 -0.480122223709074E-001  0.667440637496171E-001 -0.194341398314172E+000  0.616176253195420E-001  0.102005883146169E+002 -0.463897312919956E+001
  0.202957895619392E+000  0.147300454627810E+000  0.102918875715694E+000  0.208583709164010E+000  0.994779541925692E+001 -0.465454972016615E+001
 -0.284749755915549E+000 -0.834349514042643E-001  0.918510449648409E-001  0.174793110150176E+000  0.993635358430683E+001 -0.466023462935211E+001
 -0.111256478646666E-001 -0.213060468531111E+000 -0.129221980811600E+000  0.683660364459584E-001  0.101736534332002E+002 -0.464321581273212E+001
