 -0.749379496952756E-001  0.439635750175142E-001  0.769079508337356E-001 -0.967576344293602E+001  0.511758218658116E-001 -0.465529848343068E+001
  0.796581506835636E-001  0.193888839947029E+000 -0.219223684151459E+000 -0.102183304647753E+002  0.810056539178134E-001 -0.466780638339083E+001
  0.920952047557648E-001  0.792850085502650E-001 -0.133144406640859E+000 -0.102699313789481E+002  0.817058851494892E-001 -0.465070960269758E+001
 -0.166420125148015E+000  0.275710681090956E+000 -0.107616483802751E+000 -0.996008951533495E+001 -0.113666135603907E-001 -0.465320036202237E+001
  0.342801180572110E-001  0.191716551382378E+000  0.164462542214700E+000 -0.984410301606250E+001 -0.184827656236877E-001 -0.463950455231616E+001
 -0.739781128199795E-001  0.333692107236772E-002  0.121635446952823E+000 -0.101746212026223E+002  0.487886246007392E-001 -0.462126865225824E+001
  0.245499058777284E+000 -0.737976654163930E-001  0.180844290803968E+000 -0.997117726760374E+001  0.709932837906777E-001 -0.464683833454536E+001
  0.223885679899425E-001  0.168438941962108E+000 -0.384987345096164E-001 -0.102281380874215E+002 -0.148467458334345E+000 -0.464691499143406E+001
 -0.769438250359400E-001 -0.113915731979603E+000  0.459590503792597E-001 -0.102325801510231E+002 -0.173645948851743E+000 -0.464732057738234E+001
 -0.431373541703195E-001 -0.818164566954493E-001 -0.330699505690745E+000 -0.995588451976776E+001 -0.628073493051176E-001 -0.465659659887235E+001
 -0.342073489318039E+000 -0.333304201302340E-001 -0.114517986670720E+000 -0.100486301843700E+002  0.741687575672074E-001 -0.466424539487452E+001
 -0.143175157642389E+000 -0.188977359132970E+000  0.722637538157116E-001 -0.101880056174144E+002  0.982104359218638E-001 -0.464790517604819E+001
  0.149320206244852E-002 -0.256681709196073E+000  0.533674081325870E-001 -0.995548423879895E+001 -0.169712078777835E+000 -0.464445249223207E+001
 -0.114589031833383E+000 -0.279454728961781E-002  0.642580355051194E-001 -0.991255462199343E+001 -0.177184817074760E+000 -0.462284701821065E+001
 -0.221194300974332E-001 -0.191058321522959E+000  0.695532946901665E-001 -0.100270672459307E+002 -0.252496243132427E+000 -0.464785126642913E+001
  0.336527235930092E+000  0.315460155753868E-001  0.555081431474420E-001 -0.986868795036606E+001  0.749211114239259E-001 -0.466478412246995E+001
  0.160448272967272E+000  0.233687945511633E+000 -0.812351995680132E-001 -0.100567503482712E+002 -0.169510008527013E+000 -0.465414621944547E+001
 -0.106226997344692E+000 -0.250359532227797E+000  0.627369544225331E-001 -0.100376954208803E+002 -0.496139267260176E-001 -0.463558390715982E+001
  0.184950160342495E+000  0.153989805225251E+000  0.819057109513821E-001 -0.100296302531145E+002 -0.167494384802467E-001 -0.462758589752312E+001
