  0.981330403209066E+001  0.428961821141272E-001  0.337200148949464E-001  0.108219514396311E-001 -0.158124611569058E+000 -0.462616917287082E+001
  0.987856523874419E+001  0.947358247735934E-001 -0.152642433073211E+000  0.256069750368496E+000 -0.174852631388802E+000 -0.466627574095770E+001
  0.101492031088374E+002 -0.183131876983460E+000  0.938824655894877E-002 -0.338828017104191E-001 -0.270726474925510E+000 -0.465985659587587E+001
  0.983766572499954E+001  0.155051122744176E+000  0.195255380221823E+000  0.105123359562441E+000  0.213148694148884E+000 -0.466719327479976E+001
  0.999097722767186E+001  0.624388079400973E-001  0.170879623559799E-001  0.160239846621359E+000  0.163698866518232E-001 -0.460980106364795E+001
  0.989247360812955E+001  0.831883421928552E-001 -0.144922970387341E+000 -0.172627988403413E+000  0.268235078700705E+000 -0.466531035222194E+001
  0.978167375194990E+001 -0.108760367392058E+000 -0.105147732753466E-001 -0.146629222325110E+000 -0.100255834526500E+000 -0.464027121090146E+001
  0.992462375318811E+001 -0.360635689036570E-001 -0.280610365636576E+000  0.429799528084303E-001  0.826310219573827E-001 -0.464189241553404E+001
  0.973412039126917E+001 -0.216437043696807E+000 -0.127789623951720E+000  0.998517836169555E-001 -0.849896821105744E-002 -0.466664754570583E+001
  0.989354834732708E+001  0.190435183884119E+000 -0.113884014596195E-001 -0.531192172535455E-001 -0.619179701367614E-001 -0.462188401380990E+001
  0.100589019344519E+002  0.485269532610886E-001 -0.121862767070695E-001  0.320927452056182E+000 -0.103460695351920E+000 -0.465452834271383E+001
  0.102703762943574E+002  0.939659304574292E-002 -0.225477086243643E+000 -0.146924447519574E+000  0.519840274137522E-001 -0.466885300868201E+001
  0.101514309098109E+002 -0.122088157353318E+000  0.675105272121286E-001  0.170829211786895E+000 -0.211422803671461E+000 -0.465283103172765E+001
  0.100220313925849E+002 -0.244086525640377E+000 -0.767781569884107E-003 -0.238041735046558E+000  0.125216282989776E+000 -0.466089626047172E+001
  0.989841031759610E+001  0.213924987077050E+000  0.145409821077813E+000  0.398544387303588E-001  0.874093162726339E-001 -0.463792123831860E+001
