1 1.420
2 0.468
3 0.762
4 -1.312
5 2.029
6 0.086
7 1.249
8 -0.368
9 -0.657
10 -1.294
11 0.235
12 -0.192
13 -0.269
14 0.827
15 -0.685
16 -0.702
17 -0.937
18 1.331
19 -1.772
20 -0.530
21 0.330
22 1.205
23 1.613
24 0.300
25 -0.046
26 -0.026
27 -0.519
28 0.924
29 0.230
30 0.877
31 -0.650
32 -1.004
33 0.248
34 -1.169
35 0.915
36 1.113
37 1.463
38 2.732
39 0.571
40 0.865
41 -0.849
42 -0.171
43 1.031
44 1.105
45 -0.344
46 -0.087
47 -0.351
48 1.248
49 0.001
50 0.360
51 -0.497
52 -0.072
53 1.094
54 -1.425
55 0.283
56 -1.526
57 -1.174
58 -0.558
59 1.282
60 -0.384
61 -0.120
62 -0.187
63 0.646
64 0.399
