  0.100000000000000E+001  0.126247233550380E+002  0.842095335615928E+001
  0.100000000000000E+001  0.235769122624241E+002  0.498318522986729E+001
  0.100000000000000E+001  0.138425976501309E+002  0.551205873444382E+001
  0.100000000000000E+001  0.210732485800452E+002  0.116400640622537E+001
  0.100000000000000E+001  0.388426030086244E-001  0.707326336093583E+001
  0.100000000000000E+001  0.378332817572922E+002  0.539821594936460E+000
  0.100000000000000E+001  0.463731597427406E-001  0.291892960384288E+001
  0.100000000000000E+001  0.284790939192329E+000  0.678853072600255E+001
  0.100000000000000E+001  0.307762221706760E+001  0.770112214221564E+001
  0.100000000000000E+001  0.492476452689940E+001  0.611280496626818E+001
  0.100000000000000E+001  0.390638380079053E+002  0.500126646240038E+000
  0.100000000000000E+001  0.197143395876777E+001  0.243912377749001E+001
  0.100000000000000E+001  0.167069151974465E+002  0.463471518523319E+001
  0.100000000000000E+001  0.604310275785077E+001  0.398287799081740E+001
  0.100000000000000E+001  0.773645701615912E-001  0.689261734404435E+001
  0.100000000000000E+001  0.503769180854283E+001  0.610267988268320E+001
  0.100000000000000E+001  0.240011470465447E+002  0.895942242281275E+001
  0.100000000000000E+001  0.195400338436414E+002  0.123207519431486E+001
  0.100000000000000E+001  0.908044128530572E+001  0.820499929843264E+001
  0.100000000000000E+001  0.230734899146974E+000  0.681007820704893E+001
  0.100000000000000E+001  0.154087698491991E+002  0.143010959635837E+001
  0.100000000000000E+001  0.364795462443792E+002  0.941575663150801E+001
  0.100000000000000E+001  0.107505652596151E+002  0.568880087105580E+001
  0.100000000000000E+001  0.567069799868542E+001  0.395208423123442E+001
  0.100000000000000E+001  0.226967281109391E+001  0.639808609141401E+001
  0.100000000000000E+001  0.247490664393996E+001  0.237140015383025E+001
  0.100000000000000E+001  0.234954318282139E+002  0.893866495199363E+001
  0.100000000000000E+001  0.144284442208512E+001  0.252040870409498E+001
  0.100000000000000E+001  0.232844616167367E+001  0.360967539678260E+001
  0.100000000000000E+001  0.170708668847298E+001  0.752181086011112E+001
  0.100000000000000E+001  0.232629569775509E+002  0.494969065526734E+001
  0.100000000000000E+001  0.273184009104805E+002  0.909047766054821E+001
  0.100000000000000E+001  0.207774902855502E+002  0.882306092856555E+001
  0.100000000000000E+001  0.166922787688912E+001  0.351597399534908E+001
  0.100000000000000E+001  0.151167981349755E+002  0.144505935638356E+001
  0.100000000000000E+001  0.276727264028158E+002  0.896006433464026E+000
  0.100000000000000E+001  0.111701174037555E+002  0.166344791041459E+001
  0.100000000000000E+001  0.189149382857626E+002  0.873940875854304E+001
  0.100000000000000E+001  0.300414145889781E+002  0.919220871219205E+001
  0.100000000000000E+001  0.622143643236880E+001  0.200271241221339E+001
  0.100000000000000E+001  0.194391854185405E+002  0.523639882029896E+001
  0.100000000000000E+001  0.481464940918708E+001  0.787720955822663E+001
  0.100000000000000E+001  0.461788790290489E+001  0.214092214087487E+001
  0.100000000000000E+001  0.198146358072271E+001  0.643769503248694E+001
  0.100000000000000E+001  0.573454592715608E+001  0.795743409795098E+001
  0.100000000000000E+001  0.963945709442545E+001  0.424155782811209E+001
  0.100000000000000E+001  0.529540030695887E+002  0.893654996361326E-001
  0.100000000000000E+001  0.644798530340238E-002  0.701357870475335E+001
  0.100000000000000E+001  0.533199360031680E+001  0.792318561493609E+001
  0.100000000000000E+001  0.645205376997234E+001  0.401561868177795E+001
  0.100000000000000E+001  0.369802320259534E+000  0.324149756689408E+001
  0.100000000000000E+001  0.910587506697990E+000  0.738058731540333E+001
  0.100000000000000E+001  0.207488756127746E+001  0.357544305832865E+001
  0.100000000000000E+001  0.198354900726519E+002  0.478162572906685E+001
  0.100000000000000E+001  0.144637003855586E+000  0.285068615539365E+001
  0.100000000000000E+001  0.116453393205212E+002  0.436470034636149E+001
  0.100000000000000E+001  0.153438155773416E+002  0.856657690393702E+001
  0.100000000000000E+001  0.916578084574508E+001  0.421065174173016E+001
  0.100000000000000E+001  0.223779311871072E+002  0.510160292380004E+001
  0.100000000000000E+001  0.401869121543190E+002  0.464441156615513E+000
  0.100000000000000E+001  0.203543276331128E+001  0.643006847279341E+001
  0.100000000000000E+001  0.347277895595561E+002  0.935703182691775E+001
  0.100000000000000E+001  0.574825444324593E+001  0.395857885147502E+001
  0.100000000000000E+001  0.162971211445649E+002  0.538546818608811E+001
  0.100000000000000E+001  0.465117623311354E+002  0.272174001781657E+000
  0.100000000000000E+001  0.195568257043470E+002  0.476896459683532E+001
  0.100000000000000E+001  0.386638851641994E+002  0.512958719714098E+000
  0.100000000000000E+001  0.262645373824181E+002  0.904975088358589E+001
  0.100000000000000E+001  0.204882121233922E+002  0.481110467054406E+001
  0.100000000000000E+001  0.708010387002516E+001  0.593605953042464E+001
  0.100000000000000E+001  0.559946875338173E+001  0.394608017848196E+001
  0.100000000000000E+001  0.372838856545547E+000  0.724250138272085E+001
  0.100000000000000E+001  0.862253319927341E+001  0.582579473012421E+001
  0.100000000000000E+001  0.528277710624800E+001  0.391891079032434E+001
  0.100000000000000E+001  0.237086689622737E+000  0.680742125269420E+001
  0.100000000000000E+001  0.160561964729261E+002  0.860254302258704E+001
  0.100000000000000E+001  0.982392868266692E-001  0.312194666648376E+001
  0.100000000000000E+001  0.451277759269806E+001  0.615076674676151E+001
  0.100000000000000E+001  0.154859388587468E+002  0.457382034272217E+001
  0.100000000000000E+001  0.506435933143169E+001  0.210030549818102E+001
  0.100000000000000E+001  0.139111659643222E+002  0.849162302806902E+001
  0.100000000000000E+001  0.254201449975824E+001  0.763708321555002E+001
  0.100000000000000E+001  0.461626061265255E+002  0.282433131674896E+000
  0.100000000000000E+001  0.566300026082380E+001  0.395143719987573E+001
  0.100000000000000E+001  0.130020989809743E+002  0.444204327971275E+001
  0.100000000000000E+001  0.109836454524482E+002  0.432534372564525E+001
  0.100000000000000E+001  0.904651280898637E+001  0.820274467490488E+001
  0.100000000000000E+001  0.550958354094222E+000  0.729547595541653E+001
  0.100000000000000E+001  0.172185223323041E+001  0.647593029004616E+001
  0.100000000000000E+001  0.209427191199657E+002  0.516841547597673E+001
  0.100000000000000E+001  0.550836971761509E+002  0.314070249092113E-001
  0.100000000000000E+001  0.310422317307907E+001  0.229584915588570E+001
  0.100000000000000E+001  0.143599548398328E+001  0.652155253056207E+001
  0.100000000000000E+001  0.924994364944471E-002  0.702515342040649E+001
  0.100000000000000E+001  0.389171491646432E+001  0.621143986265565E+001
  0.100000000000000E+001  0.106505402901262E+001  0.741177827555160E+001
  0.100000000000000E+001  0.318836203296481E+002  0.925843573216462E+001
  0.100000000000000E+001  0.203612262342399E+002  0.519461745022495E+001
  0.100000000000000E+001  0.879323564299725E+001  0.581422160294766E+001
  0.100000000000000E+001  0.917546554295277E+001  0.578870846146711E+001
