  0.700012913313561E+001 -0.264785344103859E-002 -0.377538405741119E-002
  0.700013067471956E+001 -0.264785469264986E-002 -0.264840010515216E-002
  0.700006199690811E+001 -0.264781334181944E-002 -0.264846237755133E-002
  0.700014727872406E+001 -0.264786911496304E-002 -0.265181554804488E-002
  0.699980264615249E+001 -0.264792304470870E-002 -0.265661844888503E-002
  0.699969361685973E+001 -0.264809467623202E-002 -0.264899239831613E-002
  0.699987545150129E+001 -0.264784980654421E-002 -0.270898553086769E-002
  0.699991582412220E+001 -0.264782347295004E-002 -0.265709559084242E-002
  0.699969814464723E+001 -0.264808607006138E-002 -0.265185368942905E-002
  0.699964894453660E+001 -0.264818645532514E-002 -0.265411519167271E-002
  0.700006754871847E+001 -0.264781558935943E-002 -0.267734211024712E-002
  0.700005731466200E+001 -0.264781159605030E-002 -0.264845030191726E-002
  0.699990090608044E+001 -0.264783201678299E-002 -0.266566601769326E-002
  0.699982824272416E+001 -0.264789351977329E-002 -0.264947743205899E-002
  0.700001239546858E+001 -0.264780181066646E-002 -0.265249636942645E-002
  0.699978316709952E+001 -0.264794825710114E-002 -0.346719542419343E-002
  0.699982663353397E+001 -0.264789525530366E-002 -0.453310149777022E-002
  0.699990730560580E+001 -0.264782818130112E-002 -0.264985322425434E-002
  0.699962839835757E+001 -0.264823285483216E-002 -0.264845065110214E-002
  0.699965113967657E+001 -0.264818165403418E-002 -0.264901405170247E-002
  0.700031765286654E+001 -0.264811665346637E-002 -0.268691286414249E-002
  0.700033236493253E+001 -0.264814653816879E-002 -0.302467902632939E-002
  0.700028713182630E+001 -0.264805897016038E-002 -0.265713181923467E-002
  0.700024132115248E+001 -0.264798331770085E-002 -0.264856529854896E-002
  0.699959146879241E+001 -0.264832288597878E-002 -0.265261844818561E-002
  0.699991338216836E+001 -0.264782477629492E-002 -0.291334389172396E-002
  0.699970325769674E+001 -0.264807650550055E-002 -0.273140655655276E-002
  0.700011414399337E+001 -0.264784204567767E-002 -0.264955885606370E-002
  0.700013185402490E+001 -0.264785566015474E-002 -0.264963179636748E-002
  0.699972542646463E+001 -0.264803692622489E-002 -0.265908396990623E-002
  0.699965405809197E+001 -0.264817531740423E-002 -0.265691448269331E-002
  0.700022605221349E+001 -0.264796101677768E-002 -0.264929953159403E-002
  0.699975593985251E+001 -0.264798747225387E-002 -0.264864376396324E-002
  0.699966401989070E+001 -0.264815408874844E-002 -0.264866564464894E-002
  0.699986274247708E+001 -0.264786020435374E-002 -0.264958063288320E-002
  0.700020316360059E+001 -0.264793031629458E-002 -0.264868453068409E-002
  0.699988630723469E+001 -0.264784172440788E-002 -0.264841221035379E-002
  0.699962860412949E+001 -0.264823237705708E-002 -0.264855111491954E-002
  0.699995070886486E+001 -0.264780892306774E-002 -0.264857812481214E-002
  0.700038329365325E+001 -0.264826043684464E-002 -0.267445217289467E-002
  0.700004313580453E+001 -0.264780714519767E-002 -0.264899621748209E-002
  0.699962460374417E+001 -0.264824171285789E-002 -0.264840243109373E-002
  0.700030125891622E+001 -0.264808494593826E-002 -0.269950746424524E-002
  0.699983268198266E+001 -0.264788881588938E-002 -0.269578624258339E-002
  0.700032426280433E+001 -0.264812991291227E-002 -0.269417244766684E-002
  0.699967430528494E+001 -0.264813282129077E-002 -0.265233039106504E-002
  0.699998426007103E+001 -0.264780210472176E-002 -0.264869487221420E-002
  0.700019773680388E+001 -0.264792351752893E-002 -0.264855411244393E-002
  0.699986097529407E+001 -0.264786173010779E-002 -0.264848937499799E-002
  0.699988409516836E+001 -0.264784331154870E-002 -0.264841023407584E-002
  0.300010060033724E+001 -0.264783295685475E-002 -0.269918692909404E-002
  0.299966847184546E+001 -0.264814480213406E-002 -0.288183368939758E-002
  0.299993501454087E+001 -0.264781452773591E-002 -0.264868000838804E-002
  0.300004784757920E+001 -0.264780848486404E-002 -0.264853247105537E-002
  0.300039032212851E+001 -0.264827742853022E-002 -0.264911116098183E-002
  0.299990880158681E+001 -0.264782732161313E-002 -0.201165397690910E-001
  0.300024566231876E+001 -0.264798992418905E-002 -0.277851653459589E-002
  0.300038674369919E+001 -0.264826873892034E-002 -0.264984045195881E-002
  0.300038393835920E+001 -0.264826198259167E-002 -0.265380454446319E-002
  0.299960027744746E+001 -0.264830063713959E-002 -0.269285845688468E-002
  0.299998631924840E+001 -0.264780191540185E-002 -0.278353094317583E-002
  0.300015570107894E+001 -0.264787708934885E-002 -0.264900481688204E-002
  0.300030872090731E+001 -0.264809916988820E-002 -0.264934265377810E-002
  0.299994677816107E+001 -0.264781018228055E-002 -0.267666400315780E-002
  0.300001326840020E+001 -0.264780188067517E-002 -0.269125952289988E-002
  0.299998356665256E+001 -0.264780217443916E-002 -0.265917278815126E-002
  0.299958746630767E+001 -0.264833315566546E-002 -0.264977296963527E-002
  0.300011217433508E+001 -0.264784065264716E-002 -0.265029010342780E-002
  0.300030218699983E+001 -0.264808669608918E-002 -0.264851815646050E-002
  0.299965458547403E+001 -0.264817417800112E-002 -0.266138344479685E-002
  0.299987300031620E+001 -0.264785173339167E-002 -0.264898201695914E-002
  0.300027034796800E+001 -0.264802973059207E-002 -0.264965342886647E-002
  0.300015514757774E+001 -0.264787655167667E-002 -0.264902464024817E-002
  0.299983778017475E+001 -0.264788356574178E-002 -0.284163410933596E-002
  0.300009741951247E+001 -0.264783098852194E-002 -0.264990701039167E-002
  0.299963928474720E+001 -0.264820794143523E-002 -0.264852097282916E-002
  0.299980179949852E+001 -0.264792409126374E-002 -0.265263540330619E-002
  0.299979849031516E+001 -0.264792822474605E-002 -0.264915663832287E-002
  0.300010941293306E+001 -0.264783874048618E-002 -0.264922306550976E-002
  0.299981344585531E+001 -0.264791008817034E-002 -0.264857100935186E-002
  0.299958345234697E+001 -0.264834355535270E-002 -0.265429842071175E-002
  0.299976415887503E+001 -0.264797514625585E-002 -0.264874203626020E-002
  0.299961700781069E+001 -0.264825971494588E-002 -0.264846005566422E-002
  0.300022777985729E+001 -0.264796346696568E-002 -0.264875911705212E-002
  0.299993972690506E+001 -0.264781268316133E-002 -0.265295640899757E-002
  0.300030672025984E+001 -0.264809532213576E-002 -0.265227254565115E-002
  0.300009947832876E+001 -0.264783225532346E-002 -0.264858891606814E-002
  0.299981104058421E+001 -0.264791291070779E-002 -0.264857144983110E-002
  0.300001193796391E+001 -0.264780177587700E-002 -0.265198918690631E-002
  0.300003519455172E+001 -0.264780520131907E-002 -0.265155830069170E-002
  0.300020255221447E+001 -0.264792954114127E-002 -0.265140342443400E-002
  0.299977609847859E+001 -0.264795799267788E-002 -0.264868927574781E-002
  0.300015714743034E+001 -0.264787850337662E-002 -0.264950204874934E-002
  0.299990102783899E+001 -0.264783194141972E-002 -0.264894866191406E-002
  0.299967839284969E+001 -0.264812455288993E-002 -0.264870699953826E-002
  0.300021054633932E+001 -0.264793986102071E-002 -0.265020999873337E-002
  0.300023918197069E+001 -0.264798010556485E-002 -0.265020253191521E-002
  0.300034494404058E+001 -0.264817316298986E-002 -0.264855886180998E-002
  0.300007217687998E+001 -0.264781761021140E-002 -0.264865333124150E-002
  0.300010125719593E+001 -0.264783337120430E-002 -0.264834478851640E-002
