 -0.275418485880755E+002  0.314070249092113E-001
 -0.268346007930021E+002  0.993022609321105E+001
 -0.264770015347943E+002  0.893654996361326E-001
 -0.232558811655677E+002  0.272174001781657E+000
 -0.230813030632627E+002  0.282433131674896E+000
 -0.200934560771595E+002  0.464441156615513E+000
 -0.195319190039526E+002  0.500126646240038E+000
 -0.193319425820997E+002  0.512958719714098E+000
 -0.189166408786461E+002  0.539821594936460E+000
 -0.182397731221896E+002  0.941575663150801E+001
 -0.176600111459760E+002  0.937704780563760E+001
 -0.173638947797781E+002  0.935703182691775E+001
 -0.159418101648240E+002  0.925843573216462E+001
 -0.155052564677786E+002  0.922729314937737E+001
 -0.150207072944891E+002  0.919220871219205E+001
 -0.138363632014079E+002  0.896006433464026E+000
 -0.136592004552402E+002  0.909047766054821E+001
 -0.131322686912091E+002  0.904975088358589E+001
 -0.120018509879472E+002  0.104047326639381E+001
 -0.120005735232724E+002  0.895942242281275E+001
 -0.118021920265872E+002  0.500988462627256E+001
 -0.117884561312121E+002  0.498318522986729E+001
 -0.117477159141070E+002  0.893866495199363E+001
 -0.116314784887754E+002  0.494969065526734E+001
 -0.114421197156796E+002  0.891327755764597E+001
 -0.114177036655479E+002  0.507754252276883E+001
 -0.111889655935536E+002  0.510160292380004E+001
 -0.105366242900226E+002  0.116400640622537E+001
 -0.104713595599829E+002  0.516841547597673E+001
 -0.103887451427751E+002  0.882306092856555E+001
 -0.102441060616961E+002  0.481110467054406E+001
 -0.101842785272138E+002  0.880502682314770E+001
 -0.101806131171199E+002  0.519461745022495E+001
 -0.991774503632595E+001  0.478162572906685E+001
 -0.977841285217348E+001  0.476896459683532E+001
 -0.977001692182069E+001  0.123207519431486E+001
 -0.971959270927025E+001  0.523639882029896E+001
 -0.945746914288128E+001  0.873940875854304E+001
 -0.915411829227759E+001  0.128872253649414E+001
 -0.903087073856481E+001  0.469976682219047E+001
 -0.880005326625993E+001  0.532212290917337E+001
 -0.878600687423936E+001  0.467653611095150E+001
 -0.835345759872323E+001  0.463471518523319E+001
 -0.818306713863646E+001  0.861794134255167E+001
 -0.814856057228245E+001  0.538546818608811E+001
 -0.802809823646306E+001  0.860254302258704E+001
 -0.774296942937340E+001  0.457382034272217E+001
 -0.770438492459953E+001  0.143010959635837E+001
 -0.767190778867080E+001  0.856657690393702E+001
 -0.755839906748773E+001  0.144505935638356E+001
 -0.695558298216110E+001  0.849162302806902E+001
 -0.692129882506546E+001  0.551205873444382E+001
 -0.669575608895537E+001  0.553651268173890E+001
 -0.658365902649264E+001  0.554881980996573E+001
 -0.650104949048714E+001  0.444204327971275E+001
 -0.631236167751900E+001  0.842095335615928E+001
 -0.619050166519874E+001  0.840716496418786E+001
 -0.604278235288423E+001  0.839026726081613E+001
 -0.596544315160917E+001  0.561866203502501E+001
 -0.582266966026059E+001  0.436470034636149E+001
 -0.558505870187776E+001  0.166344791041459E+001
 -0.549182272622411E+001  0.432534372564525E+001
 -0.538597965771254E+001  0.431250379238542E+001
 -0.537528262980756E+001  0.568880087105580E+001
 -0.481972854721272E+001  0.424155782811209E+001
 -0.479964589361104E+001  0.176103293444508E+001
 -0.467880311025830E+001  0.577673809017172E+001
 -0.458773277147638E+001  0.578870846146711E+001
 -0.458289042287254E+001  0.421065174173016E+001
 -0.454022064265286E+001  0.820499929843264E+001
 -0.452325640449318E+001  0.820274467490488E+001
 -0.439661782149863E+001  0.581422160294766E+001
 -0.431126659963670E+001  0.582579473012421E+001
 -0.420078203134211E+001  0.815905261036922E+001
 -0.418915839509125E+001  0.584255307239119E+001
 -0.382222750912336E+001  0.589443882731170E+001
 -0.380905137298556E+001  0.810365263689696E+001
 -0.376870964475400E+001  0.590221140926554E+001
 -0.376488647751725E+001  0.809723123195603E+001
 -0.375107948386423E+001  0.190478397637234E+001
 -0.363335283514244E+001  0.192211985322123E+001
 -0.354005193501258E+001  0.593605953042464E+001
 -0.328173058439425E+001  0.197564337724580E+001
 -0.322602688498617E+001  0.401561868177795E+001
 -0.313543020738424E+001  0.800124441068961E+001
 -0.311071821618440E+001  0.200271241221339E+001
 -0.309539707050740E+001  0.399482650052183E+001
 -0.302155137892538E+001  0.398287799081740E+001
 -0.288645032248249E+001  0.396063354447484E+001
 -0.287412722162297E+001  0.395857885147502E+001
 -0.286727296357804E+001  0.795743409795098E+001
 -0.283534899934271E+001  0.395208423123442E+001
 -0.283150013041190E+001  0.395143719987573E+001
 -0.279973437669087E+001  0.394608017848196E+001
 -0.266599680015840E+001  0.792318561493609E+001
 -0.264138855312400E+001  0.391891079032434E+001
 -0.259408711108196E+001  0.791063745756501E+001
 -0.258271966838107E+001  0.209136200967812E+001
 -0.257071984932978E+001  0.209347749318632E+001
 -0.255338270631313E+001  0.390345734243230E+001
 -0.253217966571585E+001  0.210030549818102E+001
 -0.251999189225513E+001  0.389752443370430E+001
 -0.251884590427142E+001  0.610267988268320E+001
 -0.246238226344970E+001  0.611280496626818E+001
 -0.241975090879483E+001  0.212052686545376E+001
 -0.240732470459354E+001  0.787720955822663E+001
 -0.238442272663361E+001  0.387302232279431E+001
 -0.230894395145244E+001  0.214092214087487E+001
 -0.229357692455216E+001  0.385621102505810E+001
 -0.225638879634903E+001  0.615076674676151E+001
 -0.219128884677349E+001  0.216312179228890E+001
 -0.203147559475689E+001  0.380574493103989E+001
 -0.200779705866785E+001  0.219897081055186E+001
 -0.195942518338434E+001  0.220869174005498E+001
 -0.194585745823216E+001  0.621143986265565E+001
 -0.190622745637396E+001  0.778047773165793E+001
 -0.188658461082951E+001  0.777644045427816E+001
 -0.179896171118770E+001  0.375816914415868E+001
 -0.177178045916162E+001  0.775241109142938E+001
 -0.168190843556699E+001  0.773305075060031E+001
 -0.166172670871542E+001  0.227136754782458E+001
 -0.160474600354230E+001  0.771601077136295E+001
 -0.158839373105712E+001  0.628765268477202E+001
 -0.155211158653954E+001  0.229584915588570E+001
 -0.153881110853380E+001  0.770112214221564E+001
 -0.146039952291729E+001  0.768299381469217E+001
 -0.145875123266787E+001  0.768260757249532E+001
 -0.145852481061151E+001  0.368255449816840E+001
 -0.140165173309505E+001  0.366908987301009E+001
 -0.139326850933993E+001  0.633291782622902E+001
 -0.134348888974713E+001  0.765503370012032E+001
 -0.130793224529754E+001  0.235370980042287E+001
 -0.130092868131551E+001  0.635544598240706E+001
 -0.127139028442967E+001  0.363717940534180E+001
 -0.127100724987912E+001  0.763708321555002E+001
 -0.126577207761832E+001  0.363576707087745E+001
 -0.123745332196998E+001  0.237140015383025E+001
 -0.121975956874549E+001  0.637592006475709E+001
 -0.120147059731545E+001  0.638062669195777E+001
 -0.116422308083684E+001  0.360967539678260E+001
 -0.114256245437833E+001  0.239603585456146E+001
 -0.113483640554695E+001  0.639808609141401E+001
 -0.112149908606130E+001  0.240164190394560E+001
 -0.109759032630415E+001  0.240806959193537E+001
 -0.109065813559450E+001  0.759005364753086E+001
 -0.108083012848653E+001  0.241261737794694E+001
 -0.107723030014497E+001  0.758640122750607E+001
 -0.107421278081888E+001  0.758557731636077E+001
 -0.103744378063873E+001  0.357544305832865E+001
 -0.101771638165564E+001  0.643006847279341E+001
 -0.997176842618498E+000  0.243586411813097E+001
 -0.990731790361356E+000  0.643769503248694E+001
 -0.987265881246064E+000  0.756131790063472E+001
 -0.985716979383887E+000  0.243912377749001E+001
 -0.959240594902611E+000  0.244672819162452E+001
 -0.931219900846916E+000  0.754510831203096E+001
 -0.911835374385621E+000  0.353938856437417E+001
 -0.907861551568248E+000  0.753820850985104E+001
 -0.860926116615207E+000  0.647593029004616E+001
 -0.853543344236489E+000  0.752181086011112E+001
 -0.838955414540662E+000  0.248268149440867E+001
 -0.838781130123282E+000  0.248273540115944E+001
 -0.834613938444560E+000  0.351597399534908E+001
 -0.824904497100786E+000  0.248704567196827E+001
 -0.771624453358730E+000  0.349605698125218E+001
 -0.728336146358640E+000  0.651810761532371E+001
 -0.721422211042560E+000  0.252040870409498E+001
 -0.717997741991638E+000  0.652155253056207E+001
 -0.713856027603577E+000  0.347706040750347E+001
 -0.711465332994007E+000  0.747625792395751E+001
 -0.710386448523824E+000  0.252410466791336E+001
 -0.643374406866057E+000  0.745280516093721E+001
 -0.641874340969652E+000  0.654772520224478E+001
 -0.609838745612639E+000  0.744079598701699E+001
 -0.595568576621112E+000  0.743558540849412E+001
 -0.591976596570347E+000  0.343426399168794E+001
 -0.570455377765622E+000  0.742626098162890E+001
 -0.548578514001212E+000  0.658203130732718E+001
 -0.540791092236237E+000  0.658502306920766E+001
 -0.532527014506309E+000  0.741177827555160E+001
 -0.522415224354364E+000  0.659216967331054E+001
 -0.496930704417662E+000  0.339770658655331E+001
 -0.489803404471678E+000  0.260517118518886E+001
 -0.486615243388452E+000  0.339353472713160E+001
 -0.482269271822009E+000  0.339176379434205E+001
 -0.474100481294176E+000  0.338841325619547E+001
 -0.470968563971199E+000  0.261287903176782E+001
 -0.468732066445445E+000  0.661380449920179E+001
 -0.468168643400147E+000  0.261403799479446E+001
 -0.468121943123086E+000  0.261405735481341E+001
 -0.467772728035247E+000  0.661420215585684E+001
 -0.467528818063140E+000  0.661430332467801E+001
 -0.455293753348995E+000  0.738058731540333E+001
 -0.452545823138151E+000  0.262056968099736E+001
 -0.450166001848343E+000  0.262157454609170E+001
 -0.447247631677674E+000  0.262281046447298E+001
 -0.437066216333828E+000  0.337284566887797E+001
 -0.426177881011165E+000  0.736814348493190E+001
 -0.409272548356765E+000  0.263927861298725E+001
 -0.408193677902966E+000  0.336024253011434E+001
 -0.404424206801405E+000  0.264143557099081E+001
 -0.382226571084236E+000  0.734851858820039E+001
 -0.370452037054977E+000  0.334307048172617E+001
 -0.363522646186866E+000  0.333982341054441E+001
 -0.360256398831449E+000  0.266171794135618E+001
 -0.327267162467662E+000  0.332230140484318E+001
 -0.315989047741016E+000  0.668334687929635E+001
 -0.314868813375321E+000  0.731608657651716E+001
 -0.285550083517449E+000  0.330087992671466E+001
 -0.282885519994096E+000  0.329945962995426E+001
 -0.281584598055693E+000  0.670123625562653E+001
 -0.281117290608772E+000  0.670148662246217E+001
 -0.279853809815657E+000  0.329783539533649E+001
 -0.275479177047111E+000  0.729547595541653E+001
 -0.262582967896246E+000  0.271159186332381E+001
 -0.256423698813457E+000  0.728497067778026E+001
 -0.244035443924892E+000  0.727792813033265E+001
 -0.235979029199485E+000  0.672674921241089E+001
 -0.231282478692066E+000  0.672951322258621E+001
 -0.228705414664462E+000  0.273104194329438E+001
 -0.226130460386997E+000  0.726742185942453E+001
 -0.223571579092054E+000  0.673411354136833E+001
 -0.220858538140724E+000  0.726424881414921E+001
 -0.219952838378784E+000  0.326369985183053E+001
 -0.219723705386697E+000  0.673643921138004E+001
 -0.213402024878221E+000  0.725969472758465E+001
 -0.195688689927536E+000  0.324854191668820E+001
 -0.194554132709212E+000  0.324781046394610E+001
 -0.187688571252936E+000  0.675666269012917E+001
 -0.186419428272773E+000  0.724250138272085E+001
 -0.184901160129767E+000  0.324149756689408E+001
 -0.178438425999147E+000  0.723717714876008E+001
 -0.173658367254220E+000  0.723393029110311E+001
 -0.167833972724891E+000  0.722991210243526E+001
 -0.160014808395079E+000  0.277559536042974E+001
 -0.160003188318763E+000  0.277560364567079E+001
 -0.159979556571173E+000  0.722437950369187E+001
 -0.157374876622051E+000  0.277748558677405E+001
 -0.156216599369655E+000  0.722167998414950E+001
 -0.152606141033697E+000  0.721905859651020E+001
 -0.147350537907557E+000  0.721518567727582E+001
 -0.142395469596164E+000  0.678853072600255E+001
 -0.138785129508711E+000  0.679128022370407E+001
 -0.134067205953689E+000  0.279492876974228E+001
 -0.125066402957160E+000  0.319792410798214E+001
 -0.120501755265006E+000  0.719419903516505E+001
 -0.118543344811369E+000  0.680742125269420E+001
 -0.117479881338444E+000  0.319169315481398E+001
 -0.117078165653969E+000  0.680864243787217E+001
 -0.115580946712554E+000  0.680989843103685E+001
 -0.115539758826240E+000  0.719006689979750E+001
 -0.115367449573487E+000  0.681007820704893E+001
 -0.109805157961313E+000  0.318517654852020E+001
 -0.103158372162544E+000  0.317934152521446E+001
 -0.102626180925640E+000  0.317886609927664E+001
 -0.993105804163146E-001  0.282412479052619E+001
 -0.931338294500630E-001  0.282983675779342E+001
 -0.904767619493027E-001  0.316764625673725E+001
 -0.883629773403225E-001  0.283438340565288E+001
 -0.867613053215804E-001  0.316406194341510E+001
 -0.829249593329127E-001  0.683972308163442E+001
 -0.807125571186264E-001  0.284194709160476E+001
 -0.789848219832609E-001  0.684370589707581E+001
 -0.768256820659589E-001  0.315406791306220E+001
 -0.723185019277931E-001  0.285068615539365E+001
 -0.711392096001805E-001  0.685195524107118E+001
 -0.708486727038376E-001  0.714773042624816E+001
 -0.687535016132851E-001  0.714544354262217E+001
 -0.673395927877548E-001  0.314387971805059E+001
 -0.664281103938228E-001  0.285713748252163E+001
 -0.661475258318237E-001  0.285745207177788E+001
 -0.661112726539373E-001  0.285749276922382E+001
 -0.657979617277846E-001  0.714215502568367E+001
 -0.641988193156540E-001  0.314034359891083E+001
 -0.639060077222334E-001  0.285999062158073E+001
 -0.637830782501431E-001  0.686013117354364E+001
 -0.608028208824486E-001  0.286358296933074E+001
 -0.607902475568455E-001  0.713640228294433E+001
 -0.603059928995014E-001  0.286416693590265E+001
 -0.586095628748577E-001  0.713381989274465E+001
 -0.585261288465451E-001  0.713372009873287E+001
 -0.541677510155694E-001  0.687160068575255E+001
 -0.529966617159876E-001  0.712693161672078E+001
 -0.491196434133346E-001  0.312194666648376E+001
 -0.487813092360988E-001  0.287849805544854E+001
 -0.476986015748788E-001  0.312006771455389E+001
 -0.460538648501120E-001  0.711785559098435E+001
 -0.460290567307308E-001  0.711782190682580E+001
 -0.457707520211999E-001  0.711747061003084E+001
 -0.446075724076987E-001  0.288412452052009E+001
 -0.442006109856054E-001  0.311531218101150E+001
 -0.435233811564775E-001  0.288563136118539E+001
 -0.431150904177919E-001  0.311379601270663E+001
 -0.419496356876348E-001  0.311214538329453E+001
 -0.407776591355436E-001  0.688953935317223E+001
 -0.407192384361101E-001  0.288962400680497E+001
 -0.388745142046747E-001  0.289233130390067E+001
 -0.386822850807956E-001  0.689261734404435E+001
 -0.378843235547799E-001  0.289381296165838E+001
 -0.368948376340678E-001  0.710468548904760E+001
 -0.366446905132947E-001  0.310430246659830E+001
 -0.365031246281413E-001  0.289591492203375E+001
 -0.363678624361797E-001  0.289612305571585E+001
 -0.362267504999713E-001  0.289634063605142E+001
 -0.361268200003360E-001  0.289649499541403E+001
 -0.346637587596248E-001  0.710121811289149E+001
 -0.343303018662821E-001  0.310068962295810E+001
 -0.322852572625557E-001  0.309738575819006E+001
 -0.317135431414878E-001  0.709644188602216E+001
 -0.302181544076862E-001  0.709392823316072E+001
 -0.294682057744064E-001  0.690735805797564E+001
 -0.292343254718107E-001  0.309223712769386E+001
 -0.273623096665696E-001  0.308893054968646E+001
 -0.269517420853138E-001  0.708818878070103E+001
 -0.260684212468511E-001  0.308657134845448E+001
 -0.260478152090785E-001  0.291346674372740E+001
 -0.251692885297143E-001  0.308489332072515E+001
 -0.241948822080155E-001  0.291696346658970E+001
 -0.240765404490195E-001  0.691719180887182E+001
 -0.240369550905588E-001  0.291726833010743E+001
 -0.237133658349378E-001  0.691789652479088E+001
 -0.236664847498415E-001  0.308201206432095E+001
 -0.231865798713703E-001  0.291892960384288E+001
 -0.215297574962570E-001  0.307773175652870E+001
 -0.214304606031322E-001  0.292247290172310E+001
 -0.210613825310387E-001  0.292323838208996E+001
 -0.205304525959834E-001  0.707564686645823E+001
 -0.202433662314877E-001  0.292496280410150E+001
 -0.201165397690910E-001  0.707476627782860E+001
 -0.195998033311692E-001  0.292634784022034E+001
 -0.195464678852341E-001  0.307353620399170E+001
 -0.195345605066417E-001  0.307351029136359E+001
 -0.194970261322728E-001  0.692657145012625E+001
 -0.194296148204360E-001  0.707328151415448E+001
 -0.194213015043122E-001  0.707326336093583E+001
 -0.190138848339177E-001  0.292763186667401E+001
 -0.189895911703796E-001  0.707231440208393E+001
 -0.184574312914954E-001  0.292887277885709E+001
 -0.181760858324702E-001  0.292950850377085E+001
 -0.179971590214500E-001  0.292991580448419E+001
 -0.177797389299525E-001  0.293041393794862E+001
 -0.177535469968539E-001  0.306952581256791E+001
 -0.172385183988404E-001  0.706833029680796E+001
 -0.168926165061773E-001  0.693248451395264E+001
 -0.168097594149984E-001  0.693268115726608E+001
 -0.166285927437745E-001  0.706688686905695E+001
 -0.161185832339230E-001  0.706565554210491E+001
 -0.151548311817145E-001  0.306326333497677E+001
 -0.141900579183436E-001  0.293922564596720E+001
 -0.140829358778080E-001  0.306049167756917E+001
 -0.139781490200530E-001  0.693978612069754E+001
 -0.136020194956119E-001  0.694079400526273E+001
 -0.135538342968304E-001  0.705907563414150E+001
 -0.124550887018900E-001  0.694397918280818E+001
 -0.123964531287600E-001  0.694414690182776E+001
 -0.121705075309209E-001  0.705520204691974E+001
 -0.117141076341755E-001  0.694613704411035E+001
 -0.116783270674491E-001  0.294624343541652E+001
 -0.115903275890681E-001  0.294650599657218E+001
 -0.115642327718920E-001  0.705341589708354E+001
 -0.113472983348809E-001  0.705276209853101E+001
 -0.112473282130270E-001  0.294754193482025E+001
 -0.111882833722087E-001  0.294772233504315E+001
 -0.108693795614208E-001  0.294870765131241E+001
 -0.105518857616537E-001  0.294970778372388E+001
 -0.104611834694740E-001  0.294999717723502E+001
 -0.102477136084616E-001  0.304931502741500E+001
 -0.999870910913163E-002  0.704850041741219E+001
 -0.955640977523324E-002  0.295298133665969E+001
 -0.891905765037187E-002  0.704479734392074E+001
 -0.882411983555798E-002  0.295554303292382E+001
 -0.870409276326610E-002  0.295597712800737E+001
 -0.841310737249829E-002  0.304295227506703E+001
 -0.833173186025076E-002  0.704264806876653E+001
 -0.825294642722799E-002  0.695764853684998E+001
 -0.810142498031645E-002  0.304177510703679E+001
 -0.790908546473390E-002  0.704103182816972E+001
 -0.785028627244619E-002  0.304080190168873E+001
 -0.766228569094544E-002  0.304005789554304E+001
 -0.756096925706077E-002  0.303965115050656E+001
 -0.732027182198889E-002  0.303866769397405E+001
 -0.727407993673892E-002  0.703847608548164E+001
 -0.713865445123473E-002  0.296209125432529E+001
 -0.702182521071892E-002  0.303741239957106E+001
 -0.693076822788572E-002  0.296297906798637E+001
 -0.686107194501609E-002  0.696328152240847E+001
 -0.684853887973635E-002  0.303666382434703E+001
 -0.654800826241502E-002  0.296467201933018E+001
 -0.645050453093047E-002  0.303488359247744E+001
 -0.644457165377524E-002  0.703485636962511E+001
 -0.638719225578474E-002  0.296540801977213E+001
 -0.627265109381722E-002  0.296594193305169E+001
 -0.622460772109517E-002  0.303383161310054E+001
 -0.609306961270061E-002  0.296679629764170E+001
 -0.602360816987795E-002  0.703286728142995E+001
 -0.598101628358077E-002  0.703265928328945E+001
 -0.596769487981240E-002  0.296740604449021E+001
 -0.583081010584489E-002  0.696808506919787E+001
 -0.579671853157890E-002  0.303174355847002E+001
 -0.579298444441578E-002  0.296827526837864E+001
 -0.563537171214738E-002  0.296908038612593E+001
 -0.562019918184450E-002  0.703084100050946E+001
 -0.561169434535608E-002  0.703079684666891E+001
 -0.548443583006267E-002  0.303012844237352E+001
 -0.546293478854973E-002  0.296998595817671E+001
 -0.545653976433937E-002  0.702997993160137E+001
 -0.535551504501437E-002  0.697056416488973E+001
 -0.523553967317233E-002  0.697122368561387E+001
 -0.519042608652986E-002  0.702852437417234E+001
 -0.510090056542877E-002  0.297198229568342E+001
 -0.492155794574492E-002  0.697302589914617E+001
 -0.491481933729549E-002  0.302693410035938E+001
 -0.491440477880949E-002  0.702693163759324E+001
 -0.489469910628076E-002  0.302681431125806E+001
 -0.483412917755437E-002  0.697354957635402E+001
 -0.481886564481557E-002  0.697364206797612E+001
 -0.480729147585854E-002  0.297371242029952E+001
 -0.472348666736806E-002  0.297422754750141E+001
 -0.464250144618124E-002  0.297473532036593E+001
 -0.463635240800762E-002  0.297477429198621E+001
 -0.463284068179682E-002  0.302520342421992E+001
 -0.462497182472235E-002  0.702515342040649E+001
 -0.453310149777022E-002  0.297543791430841E+001
 -0.449400937758104E-002  0.297569389839854E+001
 -0.447814731732069E-002  0.697579853897433E+001
 -0.447112928086455E-002  0.697584498097473E+001
 -0.444819932875052E-002  0.702400265317490E+001
 -0.443543579528999E-002  0.702391742103002E+001
 -0.438251711259646E-002  0.702356075232808E+001
 -0.431816683370539E-002  0.697688037714365E+001
 -0.420626451989431E-002  0.697766822397120E+001
 -0.419669337250368E-002  0.297773690377698E+001
 -0.416120049447086E-002  0.697799346159740E+001
 -0.415886824961973E-002  0.697801042487649E+001
 -0.410790325069871E-002  0.697838443582837E+001
 -0.405339481379095E-002  0.302120825109827E+001
 -0.404619185149068E-002  0.297884615952808E+001
 -0.393379351867654E-002  0.302028589411909E+001
 -0.392989004975144E-002  0.302025508306956E+001
 -0.384484703536334E-002  0.701957178135865E+001
 -0.377538405741119E-002  0.698100456705926E+001
 -0.376021854445188E-002  0.701886726022662E+001
 -0.369393526683436E-002  0.698170347411060E+001
 -0.364483777193949E-002  0.301786201727843E+001
 -0.363069958524041E-002  0.301773492152538E+001
 -0.360744804454123E-002  0.701752389649843E+001
 -0.360246133339849E-002  0.701747830658050E+001
 -0.359890317882647E-002  0.698255429590246E+001
 -0.357152586748857E-002  0.298280721512289E+001
 -0.352412413723624E-002  0.298325415579465E+001
 -0.352303410095544E-002  0.301673542609377E+001
 -0.350391643431280E-002  0.301655164140544E+001
 -0.349824750738838E-002  0.298350324951396E+001
 -0.347820338069454E-002  0.301630118572548E+001
 -0.346883297315257E-002  0.301620895202174E+001
 -0.346719542419343E-002  0.698380722043699E+001
 -0.342786196232570E-002  0.298420065184324E+001
 -0.339887305071503E-002  0.301550299811208E+001
 -0.339816081266897E-002  0.701549564565575E+001
 -0.338029093913862E-002  0.701531001877068E+001
 -0.336100339300335E-002  0.698489289372529E+001
 -0.334115175604725E-002  0.701489537297853E+001
 -0.332166080677313E-002  0.698531548324248E+001
 -0.329898624554659E-002  0.301443534456843E+001
 -0.328092510912164E-002  0.298576625105064E+001
 -0.324048779931926E-002  0.298622830184703E+001
 -0.322399265170119E-002  0.701357870475335E+001
 -0.321516211517649E-002  0.301347425141115E+001
 -0.320806911782447E-002  0.698661023928749E+001
 -0.319565379412914E-002  0.698675942643404E+001
 -0.319536217294108E-002  0.698676295087357E+001
 -0.318090078122170E-002  0.301306108051523E+001
 -0.316642648086560E-002  0.698711745180054E+001
 -0.316101806668498E-002  0.301281520017688E+001
 -0.314295787713508E-002  0.298741230382804E+001
 -0.313852988559634E-002  0.701253128635158E+001
 -0.312872635594977E-002  0.298759451701310E+001
 -0.311313156698341E-002  0.301220269132893E+001
 -0.309073594973988E-002  0.701190542221642E+001
 -0.308488162968725E-002  0.698817351718666E+001
 -0.306993432711661E-002  0.298837749773450E+001
 -0.305696570214610E-002  0.301144257833362E+001
 -0.305608346446283E-002  0.301143023546837E+001
 -0.305522215669064E-002  0.298858182745027E+001
 -0.304792860554570E-002  0.298868449170346E+001
 -0.302467902632939E-002  0.698901815759266E+001
 -0.301289443744592E-002  0.298919121680220E+001
 -0.299525266687958E-002  0.301054440266852E+001
 -0.299195273346018E-002  0.301049421025812E+001
 -0.298957022646422E-002  0.701045782227344E+001
 -0.297888681458542E-002  0.298970692684852E+001
 -0.297292998276019E-002  0.301020005728992E+001
 -0.295903627268147E-002  0.299002026145170E+001
 -0.295573910314690E-002  0.299007326401875E+001
 -0.295413429732732E-002  0.699009916420805E+001
 -0.292719344257011E-002  0.300945544688826E+001
 -0.292470114067864E-002  0.699058682098059E+001
 -0.292468278699808E-002  0.299058713295145E+001
 -0.292027594601449E-002  0.699066234092724E+001
 -0.291977275028906E-002  0.300932903287200E+001
 -0.291927998398723E-002  0.700932057772406E+001
 -0.291334389172396E-002  0.300921811366745E+001
 -0.291033885353168E-002  0.300916580642194E+001
 -0.290835158368656E-002  0.699086894962154E+001
 -0.290610341011059E-002  0.299090842887781E+001
 -0.290496759596856E-002  0.699092843977343E+001
 -0.289045004749784E-002  0.300881178696030E+001
 -0.288858433482205E-002  0.300877784491646E+001
 -0.288665002802917E-002  0.700874251583949E+001
 -0.288183368939758E-002  0.700865392135633E+001
 -0.288139726243848E-002  0.700864584861160E+001
 -0.287102570375108E-002  0.700845173351655E+001
 -0.286908135755760E-002  0.300841484454121E+001
 -0.286253288114069E-002  0.700828939661251E+001
 -0.285974223395718E-002  0.699176464396030E+001
 -0.284445369354687E-002  0.299206723527581E+001
 -0.284364888963043E-002  0.700791651557922E+001
 -0.284349441786658E-002  0.700791339294814E+001
 -0.284163410933596E-002  0.700787568976166E+001
 -0.284103858758055E-002  0.300786358202476E+001
 -0.283546639689739E-002  0.300774937553881E+001
 -0.283508109701178E-002  0.299225858376793E+001
 -0.283445476485417E-002  0.700772846032452E+001
 -0.283371535688246E-002  0.700771313739258E+001
 -0.282854247628877E-002  0.699239492494141E+001
 -0.282704347072553E-002  0.700757347244443E+001
 -0.282496270099714E-002  0.300752938500500E+001
 -0.282469209718176E-002  0.700752363245597E+001
 -0.281993717994828E-002  0.700742182402229E+001
 -0.281559802413979E-002  0.300732768326002E+001
 -0.280508330647048E-002  0.300709438033269E+001
 -0.280432490684798E-002  0.299292274456970E+001
 -0.279776574736137E-002  0.300692738142374E+001
 -0.278583814449426E-002  0.700664618540763E+001
 -0.278366329095102E-002  0.300659362019976E+001
 -0.278353094317583E-002  0.699340959211804E+001
 -0.278253755332766E-002  0.299343375363703E+001
 -0.278182543900721E-002  0.700654887125516E+001
 -0.277851653459589E-002  0.300646752389289E+001
 -0.277189879600082E-002  0.300630168143868E+001
 -0.277090021043215E-002  0.699372372390883E+001
 -0.276726532853231E-002  0.299381708164661E+001
 -0.275681284010950E-002  0.700590624102704E+001
 -0.275632194243110E-002  0.700589292760963E+001
 -0.275620719120690E-002  0.699411018884678E+001
 -0.275563445594711E-002  0.700587423187637E+001
 -0.274900379046434E-002  0.300569076332165E+001
 -0.274537218549008E-002  0.699441227473911E+001
 -0.274497190756504E-002  0.700557625184646E+001
 -0.274471206572820E-002  0.299443120881453E+001
 -0.274225250953131E-002  0.299450232983125E+001
 -0.274120454454426E-002  0.300546708592291E+001
 -0.273995886870546E-002  0.299456949245281E+001
 -0.273871196595488E-002  0.299460635528238E+001
 -0.273791409941871E-002  0.699463007578747E+001
 -0.273141522583603E-002  0.300517266338571E+001
 -0.273140655655276E-002  0.700517239522187E+001
 -0.273056130766217E-002  0.699485381765906E+001
 -0.273016414647783E-002  0.700513381934891E+001
 -0.272752965513221E-002  0.300505104582009E+001
 -0.272153153115140E-002  0.300485733097522E+001
 -0.271989760858364E-002  0.300480320819673E+001
 -0.271807617514214E-002  0.299525785383188E+001
 -0.271793526193755E-002  0.700473738937120E+001
 -0.271701536608870E-002  0.699529378162611E+001
 -0.271191422021789E-002  0.300452947289473E+001
 -0.271038890585693E-002  0.700447526804879E+001
 -0.270967601690334E-002  0.699555029218449E+001
 -0.270898553086769E-002  0.299557518993492E+001
 -0.270722022114128E-002  0.700436050971786E+001
 -0.270695547087458E-002  0.700435078440218E+001
 -0.270362092855551E-002  0.700422637804416E+001
 -0.270207436530110E-002  0.700416741780132E+001
 -0.269950746424524E-002  0.699593232710351E+001
 -0.269918692909404E-002  0.300405504519635E+001
 -0.269765531692151E-002  0.300399415518593E+001
 -0.269578624258339E-002  0.300391856757771E+001
 -0.269417244766684E-002  0.699614788921658E+001
 -0.269342433912062E-002  0.699617908875359E+001
 -0.269285845688468E-002  0.699620285891262E+001
 -0.269125952289988E-002  0.699627084170860E+001
 -0.268954946110902E-002  0.699634494845600E+001
 -0.268691286414249E-002  0.300353775221856E+001
 -0.268604264888771E-002  0.300349817407778E+001
 -0.268365129275563E-002  0.700338703231696E+001
 -0.268341387927085E-002  0.299662420148690E+001
 -0.268283037706308E-002  0.700334802850862E+001
 -0.268220522324351E-002  0.699668198166487E+001
 -0.268138959792907E-002  0.300327845170342E+001
 -0.268055418200112E-002  0.300323742374038E+001
 -0.267941587005732E-002  0.700318066858580E+001
 -0.267883621329607E-002  0.299684862530169E+001
 -0.267842259042032E-002  0.700313030400582E+001
 -0.267828461322929E-002  0.699687675641876E+001
 -0.267734211024712E-002  0.700307458119318E+001
 -0.267724103406971E-002  0.300306931672147E+001
 -0.267670541489444E-002  0.300304126733461E+001
 -0.267666400315780E-002  0.700303908789687E+001
 -0.267591517000624E-002  0.699700059528634E+001
 -0.267567704817645E-002  0.699701332464924E+001
 -0.267501438098443E-002  0.300295096190240E+001
 -0.267460912933580E-002  0.300292890689879E+001
 -0.267445217289467E-002  0.700292032011270E+001
 -0.267326365465413E-002  0.699714553967909E+001
 -0.267203940664914E-002  0.300278499270413E+001
 -0.267138965698037E-002  0.700274741050229E+001
 -0.267055623336704E-002  0.300269843823569E+001
 -0.267051514831619E-002  0.300269600105629E+001
 -0.267005501074770E-002  0.299733144652037E+001
 -0.267002483527630E-002  0.299733325638226E+001
 -0.266927693038545E-002  0.299737851340692E+001
 -0.266733891675901E-002  0.300250040548656E+001
 -0.266675563449072E-002  0.300246279866643E+001
 -0.266649911086692E-002  0.699755392360877E+001
 -0.266566601769326E-002  0.699760903787227E+001
 -0.266539461836928E-002  0.699762726906023E+001
 -0.266430652846671E-002  0.299770181303117E+001
 -0.266417183054436E-002  0.300228879007525E+001
 -0.266411063935144E-002  0.299771549155685E+001
 -0.266389440535905E-002  0.699773068645858E+001
 -0.266314277591086E-002  0.700221568556565E+001
 -0.266304810088208E-002  0.299779116172692E+001
 -0.266243831007587E-002  0.300216421659236E+001
 -0.266165837950074E-002  0.699789423275869E+001
 -0.266138344479685E-002  0.299791522745381E+001
 -0.266045336283159E-002  0.699798787417379E+001
 -0.265997567780322E-002  0.300197377585643E+001
 -0.265917278815126E-002  0.299809241869301E+001
 -0.265917119037551E-002  0.299809255271252E+001
 -0.265908396990623E-002  0.700190011699754E+001
 -0.265903964914136E-002  0.300189638128013E+001
 -0.265903714599145E-002  0.699810382992545E+001
 -0.265890941419737E-002  0.700188536117960E+001
 -0.265887970700753E-002  0.699811716159037E+001
 -0.265878604765596E-002  0.299812513747590E+001
 -0.265798774326677E-002  0.299819454934166E+001
 -0.265798021805945E-002  0.300180478364726E+001
 -0.265736480503130E-002  0.699825062529903E+001
 -0.265736436298629E-002  0.300174933427051E+001
 -0.265715634956294E-002  0.299826979593847E+001
 -0.265713181923467E-002  0.699827206586078E+001
 -0.265709559084242E-002  0.700172457626795E+001
 -0.265694781368919E-002  0.700171081109854E+001
 -0.265691448269331E-002  0.300170769104238E+001
 -0.265661844888503E-002  0.300167972553638E+001
 -0.265653753905569E-002  0.699832799918295E+001
 -0.265626280741731E-002  0.700164550071647E+001
 -0.265592499634147E-002  0.700161231915688E+001
 -0.265533034889710E-002  0.299844781254951E+001
 -0.265518113315820E-002  0.700153672926861E+001
 -0.265515999878085E-002  0.299846547276198E+001
 -0.265515907108994E-002  0.699846556949223E+001
 -0.265499325967141E-002  0.700151704229644E+001
 -0.265476197559389E-002  0.299850755019367E+001
 -0.265454574354896E-002  0.700146908548766E+001
 -0.265441469650123E-002  0.699854525702794E+001
 -0.265434654002847E-002  0.300144722736413E+001
 -0.265429842071175E-002  0.299855810233994E+001
 -0.265424169741154E-002  0.700143558956741E+001
 -0.265415183048953E-002  0.700142553849160E+001
 -0.265411519167271E-002  0.700142142026496E+001
 -0.265408162488498E-002  0.699858236316443E+001
 -0.265390214820671E-002  0.699860276642593E+001
 -0.265380454446319E-002  0.699861398828916E+001
 -0.265376570010041E-002  0.300138152027364E+001
 -0.265340898852932E-002  0.299866042896279E+001
 -0.265325358219007E-002  0.699867912130187E+001
 -0.265319736984914E-002  0.299868594802764E+001
 -0.265304266828298E-002  0.299870492159121E+001
 -0.265295640899757E-002  0.300128437732524E+001
 -0.265288775214631E-002  0.699872420420083E+001
 -0.265282329386454E-002  0.300126768618790E+001
 -0.265263540330619E-002  0.299875625432971E+001
 -0.265262141500488E-002  0.300124194486026E+001
 -0.265261844818561E-002  0.699875843741449E+001
 -0.265249636942645E-002  0.299877427064536E+001
 -0.265245160003276E-002  0.300121987140505E+001
 -0.265243977537040E-002  0.300121831947899E+001
 -0.265233039106504E-002  0.699879613149589E+001
 -0.265227254565115E-002  0.699880384413944E+001
 -0.265219719945152E-002  0.299881396540572E+001
 -0.265215311259903E-002  0.699881992785557E+001
 -0.265208414184908E-002  0.699882931659871E+001
 -0.265198918690631E-002  0.699884236705111E+001
 -0.265185368942905E-002  0.700113875144421E+001
 -0.265181554804488E-002  0.699886662027162E+001
 -0.265175511788947E-002  0.299887518358874E+001
 -0.265170566012133E-002  0.700111775913022E+001
 -0.265155830069170E-002  0.700109646270145E+001
 -0.265140342443400E-002  0.700107362472645E+001
 -0.265135026496258E-002  0.299893432696271E+001
 -0.265127022788359E-002  0.700105358775483E+001
 -0.265120431706730E-002  0.700104353040010E+001
 -0.265105666506846E-002  0.700102064051274E+001
 -0.265104083039022E-002  0.700101815517444E+001
 -0.265084847084169E-002  0.699901253612537E+001
 -0.265074851922843E-002  0.699902886644200E+001
 -0.265059779018140E-002  0.699905402585004E+001
 -0.265037920265222E-002  0.699909174943817E+001
 -0.265035917927145E-002  0.699909528369019E+001
 -0.265032942299382E-002  0.299910056151272E+001
 -0.265029010342780E-002  0.300089241656823E+001
 -0.265022320298693E-002  0.299911965961687E+001
 -0.265020999873337E-002  0.699912206274198E+001
 -0.265020253191521E-002  0.699912342459125E+001
 -0.265015985857487E-002  0.700086875139041E+001
 -0.265007033355443E-002  0.299914789614965E+001
 -0.265006974263117E-002  0.300085199288513E+001
 -0.264990701039167E-002  0.700082086391060E+001
 -0.264989321633920E-002  0.700081817080303E+001
 -0.264989275676175E-002  0.700081808092393E+001
 -0.264985322425434E-002  0.699918968771715E+001
 -0.264984045195881E-002  0.699919221360424E+001
 -0.264977594262652E-002  0.699920509379496E+001
 -0.264977296963527E-002  0.700079430757121E+001
 -0.264977161337271E-002  0.700079403432774E+001
 -0.264966337330384E-002  0.299922808440126E+001
 -0.264965342886647E-002  0.299923014840934E+001
 -0.264964132107884E-002  0.299923266892439E+001
 -0.264963621816652E-002  0.299923373369664E+001
 -0.264963179636748E-002  0.699923465754596E+001
 -0.264962961602462E-002  0.300076488650284E+001
 -0.264958063288320E-002  0.700075457057787E+001
 -0.264955885606370E-002  0.700074993878068E+001
 -0.264950342632493E-002  0.299926198193901E+001
 -0.264950204874934E-002  0.299926228065355E+001
 -0.264947743205899E-002  0.300073236090371E+001
 -0.264946848810052E-002  0.299926959571022E+001
 -0.264936362328204E-002  0.300070705988761E+001
 -0.264934265377810E-002  0.300070229868527E+001
 -0.264929953159403E-002  0.300069240475480E+001
 -0.264924009325364E-002  0.299932146917862E+001
 -0.264923574292008E-002  0.699932249577951E+001
 -0.264922968865636E-002  0.299932392707170E+001
 -0.264922306550976E-002  0.700067450366752E+001
 -0.264920019132723E-002  0.299933094435275E+001
 -0.264915663832287E-002  0.700065855789243E+001
 -0.264913927175666E-002  0.299934567500696E+001
 -0.264911116098183E-002  0.700064741466506E+001
 -0.264909093285452E-002  0.299935760390116E+001
 -0.264905020699430E-002  0.700063217123672E+001
 -0.264904988594096E-002  0.700063208997419E+001
 -0.264902464024817E-002  0.699937433306486E+001
 -0.264901405170247E-002  0.700062295327204E+001
 -0.264900481688204E-002  0.299937942314205E+001
 -0.264899621748209E-002  0.300061835574602E+001
 -0.264899239831613E-002  0.299938263325685E+001
 -0.264898201695914E-002  0.699938532963200E+001
 -0.264895501195469E-002  0.299939239975324E+001
 -0.264894866191406E-002  0.700060592577669E+001
 -0.264888055431802E-002  0.699941233375448E+001
 -0.264886286462638E-002  0.300058283009087E+001
 -0.264884955308542E-002  0.700057916424413E+001
 -0.264883861952403E-002  0.700057613581911E+001
 -0.264875911705212E-002  0.299944638308280E+001
 -0.264874203626020E-002  0.700054865821566E+001
 -0.264870699953826E-002  0.299946165616322E+001
 -0.264869487221420E-002  0.699946527264619E+001
 -0.264869396816952E-002  0.299946554322103E+001
 -0.264868927574781E-002  0.300053305016057E+001
 -0.264868453068409E-002  0.299946837602268E+001
 -0.264868000838804E-002  0.700053026117956E+001
 -0.264866564464894E-002  0.299947409076637E+001
 -0.264865333124150E-002  0.700052214962572E+001
 -0.264864376396324E-002  0.299948079030958E+001
 -0.264862202353934E-002  0.699948753364307E+001
 -0.264858891606814E-002  0.700050202328249E+001
 -0.264857812481214E-002  0.699950142786456E+001
 -0.264857296027229E-002  0.299950308801437E+001
 -0.264857144983110E-002  0.299950357459740E+001
 -0.264857100935186E-002  0.699950371658604E+001
 -0.264856529854896E-002  0.299950556115642E+001
 -0.264855886180998E-002  0.699950764848576E+001
 -0.264855411244393E-002  0.700049080568094E+001
 -0.264855111491954E-002  0.299951017247057E+001
 -0.264853247105537E-002  0.699951630074212E+001
 -0.264852097282916E-002  0.300047988075571E+001
 -0.264851815646050E-002  0.299952105918763E+001
 -0.264848937499799E-002  0.300046922727299E+001
 -0.264847763334474E-002  0.299953479369665E+001
 -0.264846237755133E-002  0.700045992939760E+001
 -0.264846005566422E-002  0.300045912095017E+001
 -0.264845065110214E-002  0.700045583175304E+001
 -0.264845030191726E-002  0.700045570917029E+001
 -0.264841221035379E-002  0.700044213295241E+001
 -0.264841023407584E-002  0.699955858280662E+001
 -0.264840243109373E-002  0.299956142026459E+001
 -0.264840010515216E-002  0.699956226962290E+001
 -0.264834478851640E-002  0.699958297894582E+001
 -0.264834355535270E-002  0.299958345234697E+001
 -0.264833315566546E-002  0.299958746630767E+001
 -0.264832288597878E-002  0.699959146879241E+001
 -0.264830063713959E-002  0.299960027744746E+001
 -0.264827742853022E-002  0.300039032212851E+001
 -0.264826873892034E-002  0.300038674369919E+001
 -0.264826198259167E-002  0.300038393835920E+001
 -0.264826043684464E-002  0.700038329365325E+001
 -0.264825971494588E-002  0.299961700781069E+001
 -0.264824171285789E-002  0.699962460374417E+001
 -0.264823285483216E-002  0.699962839835757E+001
 -0.264823237705708E-002  0.699962860412949E+001
 -0.264820794143523E-002  0.299963928474720E+001
 -0.264820399854721E-002  0.300035896207250E+001
 -0.264818645532514E-002  0.699964894453660E+001
 -0.264818165403418E-002  0.699965113967657E+001
 -0.264817531740423E-002  0.699965405809197E+001
 -0.264817417800112E-002  0.299965458547403E+001
 -0.264817316298986E-002  0.300034494404058E+001
 -0.264815408874844E-002  0.699966401989070E+001
 -0.264814653816879E-002  0.700033236493253E+001
 -0.264814480213406E-002  0.299966847184546E+001
 -0.264813282129077E-002  0.699967430528494E+001
 -0.264813212513019E-002  0.699967464745885E+001
 -0.264812991291227E-002  0.700032426280433E+001
 -0.264812837688172E-002  0.699967649600230E+001
 -0.264812455288993E-002  0.299967839284969E+001
 -0.264811665346637E-002  0.700031765286654E+001
 -0.264810602537190E-002  0.300031225366828E+001
 -0.264809916988820E-002  0.300030872090731E+001
 -0.264809590475752E-002  0.300030702403293E+001
 -0.264809532213576E-002  0.300030672025984E+001
 -0.264809479157993E-002  0.700030644337150E+001
 -0.264809467623202E-002  0.699969361685973E+001
 -0.264808669608918E-002  0.300030218699983E+001
 -0.264808607006138E-002  0.699969814464723E+001
 -0.264808494593826E-002  0.700030125891622E+001
 -0.264807650550055E-002  0.699970325769674E+001
 -0.264805897016038E-002  0.700028713182630E+001
 -0.264803692622489E-002  0.699972542646463E+001
 -0.264802973059207E-002  0.300027034796800E+001
 -0.264801499618734E-002  0.300026148234029E+001
 -0.264800006730357E-002  0.299974781797944E+001
 -0.264798992418905E-002  0.300024566231876E+001
 -0.264798747225387E-002  0.699975593985251E+001
 -0.264798678492972E-002  0.699975639086249E+001
 -0.264798427195795E-002  0.699975804698613E+001
 -0.264798404465152E-002  0.299975819734727E+001
 -0.264798331770085E-002  0.700024132115248E+001
 -0.264798010556485E-002  0.300023918197069E+001
 -0.264797514625585E-002  0.299976415887503E+001
 -0.264796713708225E-002  0.700023034344072E+001
 -0.264796346696568E-002  0.300022777985729E+001
 -0.264796329679610E-002  0.299977233970674E+001
 -0.264796101677768E-002  0.700022605221349E+001
 -0.264795799267788E-002  0.299977609847859E+001
 -0.264794825710114E-002  0.699978316709952E+001
 -0.264793986102071E-002  0.300021054633932E+001
 -0.264793905218119E-002  0.699979006922010E+001
 -0.264793031629458E-002  0.700020316360059E+001
 -0.264792954114127E-002  0.300020255221447E+001
 -0.264792822474605E-002  0.299979849031516E+001
 -0.264792409126374E-002  0.299980179949852E+001
 -0.264792351752893E-002  0.700019773680388E+001
 -0.264792304470870E-002  0.699980264615249E+001
 -0.264791291070779E-002  0.299981104058421E+001
 -0.264791249047245E-002  0.300018860324894E+001
 -0.264791008817034E-002  0.299981344585531E+001
 -0.264790687763987E-002  0.300018377997474E+001
 -0.264789799465880E-002  0.700017587644856E+001
 -0.264789704961279E-002  0.700017501460071E+001
 -0.264789525530366E-002  0.699982663353397E+001
 -0.264789351977329E-002  0.699982824272416E+001
 -0.264788881588938E-002  0.699983268198266E+001
 -0.264788456222821E-002  0.299983680028371E+001
 -0.264788356574178E-002  0.299983778017475E+001
 -0.264787936696397E-002  0.699984197575242E+001
 -0.264787850337662E-002  0.300015714743034E+001
 -0.264787708934885E-002  0.300015570107894E+001
 -0.264787655167667E-002  0.300015514757774E+001
 -0.264787638229211E-002  0.700015497279706E+001
 -0.264787233846601E-002  0.299984926001365E+001
 -0.264787044133895E-002  0.300014871268552E+001
 -0.264786911496304E-002  0.700014727872406E+001
 -0.264786285874800E-002  0.700014031761732E+001
 -0.264786173010779E-002  0.699986097529407E+001
 -0.264786087551285E-002  0.300013803767047E+001
 -0.264786020435374E-002  0.699986274247708E+001
 -0.264785722235086E-002  0.299986626374237E+001
 -0.264785566015474E-002  0.700013185402490E+001
 -0.264785469264986E-002  0.700013067471956E+001
 -0.264785401453636E-002  0.699987015822707E+001
 -0.264785344103859E-002  0.700012913313561E+001
 -0.264785297455876E-002  0.700012855385324E+001
 -0.264785207309762E-002  0.300012742694220E+001
 -0.264785173339167E-002  0.299987300031620E+001
 -0.264784980654421E-002  0.699987545150129E+001
 -0.264784882112537E-002  0.699987672390959E+001
 -0.264784331154870E-002  0.699988409516836E+001
 -0.264784204567767E-002  0.700011414399337E+001
 -0.264784172440788E-002  0.699988630723469E+001
 -0.264784065264716E-002  0.300011217433508E+001
 -0.264783874048618E-002  0.300010941293306E+001
 -0.264783796171393E-002  0.699989173189386E+001
 -0.264783446259514E-002  0.299989703270028E+001
 -0.264783337120430E-002  0.300010125719593E+001
 -0.264783295685475E-002  0.300010060033724E+001
 -0.264783277876289E-002  0.699989968330902E+001
 -0.264783225532346E-002  0.300009947832876E+001
 -0.264783201678299E-002  0.699990090608044E+001
 -0.264783194141972E-002  0.299990102783899E+001
 -0.264783188886111E-002  0.300009888715743E+001
 -0.264783133030494E-002  0.300009797924260E+001
 -0.264783098852194E-002  0.300009741951247E+001
 -0.264783032339510E-002  0.300009632092613E+001
 -0.264782967130901E-002  0.300009523157682E+001
 -0.264782818130112E-002  0.699990730560580E+001
 -0.264782814460959E-002  0.700009263103919E+001
 -0.264782732161313E-002  0.299990880158681E+001
 -0.264782477629492E-002  0.699991338216836E+001
 -0.264782347295004E-002  0.699991582412220E+001
 -0.264781953649709E-002  0.699992367232869E+001
 -0.264781761021140E-002  0.300007217687998E+001
 -0.264781727638543E-002  0.699992856697078E+001
 -0.264781558935943E-002  0.700006754871847E+001
 -0.264781553174794E-002  0.699993258788162E+001
 -0.264781452773591E-002  0.299993501454087E+001
 -0.264781353048770E-002  0.700006248192081E+001
 -0.264781348898317E-002  0.300006237554777E+001
 -0.264781334181944E-002  0.700006199690811E+001
 -0.264781268316133E-002  0.299993972690506E+001
 -0.264781159605030E-002  0.700005731466200E+001
 -0.264781018228055E-002  0.299994677816107E+001
 -0.264780981414133E-002  0.300005210335503E+001
 -0.264780892306774E-002  0.699995070886486E+001
 -0.264780848486404E-002  0.300004784757920E+001
 -0.264780714519767E-002  0.700004313580453E+001
 -0.264780520131907E-002  0.300003519455172E+001
 -0.264780426954667E-002  0.700003066739793E+001
 -0.264780377865535E-002  0.699997201064281E+001
 -0.264780350246792E-002  0.699997363669044E+001
 -0.264780217443916E-002  0.299998356665256E+001
 -0.264780210472176E-002  0.699998426007103E+001
 -0.264780191540185E-002  0.299998631924840E+001
 -0.264780188067517E-002  0.300001326840020E+001
 -0.264780181066646E-002  0.700001239546858E+001
 -0.264780177587700E-002  0.300001193796391E+001
 -0.264780173136570E-002  0.699998867430271E+001
 -0.264780157790388E-002  0.300000889739303E+001
 -0.264780152640891E-002  0.300000791739947E+001
 -0.264780134746594E-002  0.299999767116868E+001
