  0.100000000000000E+001  0.154859388587468E+002  0.457382034272217E+001
  0.100000000000000E+001  0.518817422216393E+001  0.791063745756501E+001
  0.100000000000000E+001  0.604310275785077E+001  0.398287799081740E+001
  0.100000000000000E+001  0.753741928950800E+001  0.590221140926554E+001
  0.100000000000000E+001  0.726670567028488E+001  0.192211985322123E+001
  0.100000000000000E+001  0.476884545326722E+001  0.387302232279431E+001
  0.100000000000000E+001  0.391885036676867E+001  0.220869174005498E+001
  0.100000000000000E+001  0.310422317307907E+001  0.229584915588570E+001
  0.100000000000000E+001  0.280330346619011E+001  0.366908987301009E+001
  0.100000000000000E+001  0.254278056885934E+001  0.363717940534180E+001
  0.100000000000000E+001  0.253154415523664E+001  0.363576707087745E+001
  0.100000000000000E+001  0.247490664393996E+001  0.237140015383025E+001
  0.100000000000000E+001  0.232844616167367E+001  0.360967539678260E+001
  0.100000000000000E+001  0.228512490875666E+001  0.239603585456146E+001
  0.100000000000000E+001  0.219518065260830E+001  0.240806959193537E+001
  0.100000000000000E+001  0.207488756127746E+001  0.357544305832865E+001
  0.100000000000000E+001  0.199435368523700E+001  0.243586411813097E+001
  0.100000000000000E+001  0.197143395876777E+001  0.243912377749001E+001
  0.100000000000000E+001  0.191848118980522E+001  0.244672819162452E+001
  0.100000000000000E+001  0.182367074877124E+001  0.353938856437417E+001
  0.100000000000000E+001  0.167791082908132E+001  0.248268149440867E+001
  0.100000000000000E+001  0.166922787688912E+001  0.351597399534908E+001
  0.100000000000000E+001  0.164980899420157E+001  0.248704567196827E+001
  0.100000000000000E+001  0.144284442208512E+001  0.252040870409498E+001
  0.100000000000000E+001  0.142077289704765E+001  0.252410466791336E+001
  0.100000000000000E+001  0.118395319314069E+001  0.343426399168794E+001
  0.100000000000000E+001  0.993861408835325E+000  0.339770658655331E+001
  0.100000000000000E+001  0.979606808943357E+000  0.260517118518886E+001
  0.100000000000000E+001  0.973230486776905E+000  0.339353472713160E+001
  0.100000000000000E+001  0.964538543644018E+000  0.339176379434205E+001
  0.100000000000000E+001  0.948200962588351E+000  0.338841325619547E+001
  0.100000000000000E+001  0.941937127942399E+000  0.261287903176782E+001
  0.100000000000000E+001  0.936337286800294E+000  0.261403799479446E+001
  0.100000000000000E+001  0.936243886246171E+000  0.261405735481341E+001
  0.100000000000000E+001  0.900332003696686E+000  0.262157454609170E+001
  0.100000000000000E+001  0.894495263355348E+000  0.262281046447298E+001
  0.100000000000000E+001  0.874132432667657E+000  0.337284566887797E+001
  0.100000000000000E+001  0.816387355805931E+000  0.336024253011434E+001
  0.100000000000000E+001  0.808848413602811E+000  0.264143557099081E+001
  0.100000000000000E+001  0.481464940918708E+001  0.787720955822663E+001
  0.100000000000000E+001  0.336381687113398E+001  0.773305075060031E+001
  0.100000000000000E+001  0.278653701867986E+001  0.633291782622902E+001
  0.100000000000000E+001  0.268697777949426E+001  0.765503370012032E+001
  0.100000000000000E+001  0.260185736263102E+001  0.635544598240706E+001
  0.100000000000000E+001  0.254201449975824E+001  0.763708321555002E+001
  0.100000000000000E+001  0.243951913749098E+001  0.637592006475709E+001
  0.100000000000000E+001  0.226967281109391E+001  0.639808609141401E+001
  0.100000000000000E+001  0.218131627118900E+001  0.759005364753086E+001
  0.100000000000000E+001  0.214842556163777E+001  0.758557731636077E+001
  0.100000000000000E+001  0.203543276331128E+001  0.643006847279341E+001
  0.100000000000000E+001  0.197453176249213E+001  0.756131790063472E+001
  0.100000000000000E+001  0.186243980169383E+001  0.754510831203096E+001
  0.100000000000000E+001  0.181572310313650E+001  0.753820850985104E+001
  0.100000000000000E+001  0.172185223323041E+001  0.647593029004616E+001
  0.100000000000000E+001  0.170708668847298E+001  0.752181086011112E+001
  0.100000000000000E+001  0.145667229271728E+001  0.651810761532371E+001
  0.100000000000000E+001  0.142293066598801E+001  0.747625792395751E+001
  0.100000000000000E+001  0.128674881373211E+001  0.745280516093721E+001
  0.100000000000000E+001  0.128374868193930E+001  0.654772520224478E+001
  0.100000000000000E+001  0.114091075553124E+001  0.742626098162890E+001
  0.100000000000000E+001  0.109715702800242E+001  0.658203130732718E+001
  0.100000000000000E+001  0.104483044870873E+001  0.659216967331054E+001
  0.100000000000000E+001  0.937464132890889E+000  0.661380449920179E+001
  0.100000000000000E+001  0.935545456070494E+000  0.661420215585684E+001
  0.100000000000000E+001  0.935057636126280E+000  0.661430332467801E+001
  0.100000000000000E+001  0.910587506697990E+000  0.738058731540333E+001
  0.100000000000000E+001  0.852355762022331E+000  0.736814348493190E+001
  0.100000000000000E+001  0.764453142168473E+000  0.734851858820039E+001
  0.100000000000000E+001  0.740904074109954E+000  0.334307048172617E+001
  0.100000000000000E+001  0.727045292373733E+000  0.333982341054441E+001
  0.100000000000000E+001  0.720512797662897E+000  0.266171794135618E+001
  0.100000000000000E+001  0.654534324935324E+000  0.332230140484318E+001
  0.100000000000000E+001  0.571100167034898E+000  0.330087992671466E+001
  0.100000000000000E+001  0.565771039988191E+000  0.329945962995426E+001
  0.100000000000000E+001  0.559707619631313E+000  0.329783539533649E+001
  0.100000000000000E+001  0.525165935792492E+000  0.271159186332381E+001
  0.100000000000000E+001  0.457410829328924E+000  0.273104194329438E+001
  0.100000000000000E+001  0.439905676757567E+000  0.326369985183053E+001
  0.100000000000000E+001  0.389108265418424E+000  0.324781046394610E+001
  0.100000000000000E+001  0.631978095482031E+000  0.668334687929635E+001
  0.100000000000000E+001  0.563169196111385E+000  0.670123625562653E+001
  0.100000000000000E+001  0.471958058398970E+000  0.672674921241089E+001
  0.100000000000000E+001  0.447143158184107E+000  0.673411354136833E+001
  0.100000000000000E+001  0.439447410773394E+000  0.673643921138004E+001
  0.100000000000000E+001  0.512847397626914E+000  0.728497067778026E+001
  0.100000000000000E+001  0.488070887849785E+000  0.727792813033265E+001
  0.100000000000000E+001  0.452260920773993E+000  0.726742185942453E+001
  0.100000000000000E+001  0.369802320259534E+000  0.324149756689408E+001
  0.100000000000000E+001  0.268134411907377E+000  0.279492876974228E+001
  0.100000000000000E+001  0.284790939192329E+000  0.678853072600255E+001
  0.100000000000000E+001  0.277570259017422E+000  0.679128022370407E+001
  0.100000000000000E+001  0.237086689622737E+000  0.680742125269420E+001
  0.100000000000000E+001  0.234156331307938E+000  0.680864243787217E+001
  0.100000000000000E+001  0.231161893425107E+000  0.680989843103685E+001
  0.100000000000000E+001  0.372838856545547E+000  0.724250138272085E+001
  0.100000000000000E+001  0.347316734508440E+000  0.723393029110311E+001
  0.100000000000000E+001  0.335667945449782E+000  0.722991210243526E+001
  0.100000000000000E+001  0.319959113142345E+000  0.722437950369187E+001
  0.100000000000000E+001  0.312433198739310E+000  0.722167998414950E+001
  0.100000000000000E+001  0.231079517652479E+000  0.719006689979750E+001
  0.100000000000000E+001  0.219610315922626E+000  0.318517654852020E+001
  0.100000000000000E+001  0.206316744325089E+000  0.317934152521446E+001
  0.100000000000000E+001  0.205252361851280E+000  0.317886609927664E+001
  0.100000000000000E+001  0.180953523898605E+000  0.316764625673725E+001
  0.100000000000000E+001  0.173522610643161E+000  0.316406194341510E+001
  0.100000000000000E+001  0.132222545307875E+000  0.285749276922382E+001
  0.100000000000000E+001  0.128397638631308E+000  0.314034359891083E+001
  0.100000000000000E+001  0.953972031497575E-001  0.312006771455389E+001
  0.100000000000000E+001  0.892151448153974E-001  0.288412452052009E+001
  0.100000000000000E+001  0.870467623129551E-001  0.288563136118539E+001
  0.100000000000000E+001  0.838992713752697E-001  0.311214538329453E+001
  0.100000000000000E+001  0.814384768722202E-001  0.288962400680497E+001
  0.100000000000000E+001  0.777490284093493E-001  0.289233130390067E+001
  0.100000000000000E+001  0.757686471095597E-001  0.289381296165838E+001
  0.100000000000000E+001  0.230734899146974E+000  0.681007820704893E+001
  0.100000000000000E+001  0.157969643966522E+000  0.684370589707581E+001
  0.100000000000000E+001  0.142278419200361E+000  0.685195524107118E+001
  0.100000000000000E+001  0.127566156500286E+000  0.686013117354364E+001
  0.100000000000000E+001  0.108335502031139E+000  0.687160068575255E+001
  0.100000000000000E+001  0.815553182710873E-001  0.688953935317223E+001
  0.100000000000000E+001  0.773645701615912E-001  0.689261734404435E+001
  0.100000000000000E+001  0.141697345407675E+000  0.714773042624816E+001
  0.100000000000000E+001  0.137507003226570E+000  0.714544354262217E+001
  0.100000000000000E+001  0.121580495113691E+000  0.713640228294433E+001
  0.100000000000000E+001  0.117052257693090E+000  0.713372009873287E+001
  0.100000000000000E+001  0.105993323431975E+000  0.712693161672078E+001
  0.100000000000000E+001  0.920581134614616E-001  0.711782190682580E+001
  0.100000000000000E+001  0.737896752681356E-001  0.710468548904760E+001
  0.100000000000000E+001  0.474267316698756E-001  0.691789652479088E+001
  0.100000000000000E+001  0.389940522645457E-001  0.692657145012625E+001
  0.100000000000000E+001  0.337852330123547E-001  0.693248451395264E+001
  0.100000000000000E+001  0.272040389912237E-001  0.694079400526273E+001
  0.100000000000000E+001  0.249101774037800E-001  0.694397918280818E+001
  0.100000000000000E+001  0.247929062575200E-001  0.694414690182776E+001
  0.100000000000000E+001  0.693275175192496E-001  0.710121811289149E+001
  0.100000000000000E+001  0.634270862829756E-001  0.709644188602216E+001
  0.100000000000000E+001  0.388592296408719E-001  0.707328151415448E+001
  0.100000000000000E+001  0.388426030086244E-001  0.707326336093583E+001
  0.100000000000000E+001  0.332571854875491E-001  0.706688686905695E+001
  0.100000000000000E+001  0.686606037325643E-001  0.310068962295810E+001
  0.100000000000000E+001  0.645705145251114E-001  0.309738575819006E+001
  0.100000000000000E+001  0.390929357704683E-001  0.307353620399170E+001
  0.100000000000000E+001  0.355070939937078E-001  0.306952581256791E+001
  0.100000000000000E+001  0.303096623634289E-001  0.306326333497677E+001
  0.100000000000000E+001  0.520956304181569E-001  0.291346674372740E+001
  0.100000000000000E+001  0.483897644160311E-001  0.291696346658970E+001
  0.100000000000000E+001  0.428609212062645E-001  0.292247290172310E+001
  0.100000000000000E+001  0.404867324629754E-001  0.292496280410150E+001
  0.100000000000000E+001  0.391996066623384E-001  0.292634784022034E+001
  0.100000000000000E+001  0.380277696678354E-001  0.292763186667401E+001
  0.100000000000000E+001  0.363521716649403E-001  0.292950850377085E+001
  0.100000000000000E+001  0.359943180429000E-001  0.292991580448419E+001
  0.100000000000000E+001  0.283801158366873E-001  0.293922564596720E+001
  0.100000000000000E+001  0.168262147449966E-001  0.304295227506703E+001
  0.100000000000000E+001  0.151219385141215E-001  0.303965115050656E+001
  0.100000000000000E+001  0.140436504214378E-001  0.303741239957106E+001
  0.100000000000000E+001  0.211037715233075E-001  0.294970778372388E+001
  0.100000000000000E+001  0.209223669389480E-001  0.294999717723502E+001
  0.100000000000000E+001  0.191128195504665E-001  0.295298133665969E+001
  0.100000000000000E+001  0.176482396711160E-001  0.295554303292382E+001
  0.100000000000000E+001  0.127743845115695E-001  0.296540801977213E+001
  0.100000000000000E+001  0.894225856172911E-002  0.697584498097473E+001
  0.100000000000000E+001  0.876503422519291E-002  0.702356075232808E+001
  0.100000000000000E+001  0.821580650139741E-002  0.697838443582837E+001
  0.100000000000000E+001  0.768969407072667E-002  0.701957178135865E+001
  0.100000000000000E+001  0.719780635765293E-002  0.698255429590246E+001
  0.100000000000000E+001  0.664332161354627E-002  0.698531548324248E+001
  0.100000000000000E+001  0.644798530340238E-002  0.701357870475335E+001
  0.100000000000000E+001  0.616976325937449E-002  0.698817351718666E+001
  0.100000000000000E+001  0.121861392254012E-001  0.296679629764170E+001
  0.100000000000000E+001  0.109688716601253E-001  0.303012844237352E+001
  0.100000000000000E+001  0.102018011308575E-001  0.297198229568342E+001
  0.100000000000000E+001  0.927270481601524E-002  0.297477429198621E+001
  0.100000000000000E+001  0.728967554387899E-002  0.301786201727843E+001
  0.100000000000000E+001  0.572506576228137E-002  0.700828939661251E+001
  0.100000000000000E+001  0.538684867824123E-002  0.699617908875359E+001
  0.100000000000000E+001  0.538251904579976E-002  0.699627084170860E+001
  0.100000000000000E+001  0.529840038265446E-002  0.299933094435275E+001
