  0.999068960649569E-011  0.550836971761509E+002  0.314070249092113E-001
  0.200644799311419E-010  0.536692015860041E+002  0.993022609321105E+001
  0.284059892362050E-010  0.529540030695887E+002  0.893654996361326E-001
  0.704698498689362E-009  0.465117623311354E+002  0.272174001781657E+000
  0.830807252380081E-009  0.461626061265255E+002  0.282433131674896E+000
  0.163224130591955E-007  0.401869121543190E+002  0.464441156615513E+000
  0.283357976516027E-007  0.390638380079053E+002  0.500126646240038E+000
  0.342659459306226E-007  0.386638851641994E+002  0.512958719714098E+000
  0.513930733462265E-007  0.378332817572922E+002  0.539821594936460E+000
  0.100125142557469E-006  0.364795462443792E+002  0.941575663150801E+001
  0.177014645934439E-006  0.353200222919520E+002  0.937704780563760E+001
  0.235661984643198E-006  0.347277895595561E+002  0.935703182691775E+001
  0.967323320723397E-006  0.318836203296481E+002  0.925843573216462E+001
  0.148198274120983E-005  0.310105129355572E+002  0.922729314937737E+001
  0.238209350177108E-005  0.300414145889781E+002  0.919220871219205E+001
  0.770888443051316E-005  0.276727264028158E+002  0.896006433464026E+000
  0.911194236707976E-005  0.273184009104805E+002  0.909047766054821E+001
  0.152803445773152E-004  0.262645373824181E+002  0.904975088358589E+001
  0.468539214191423E-004  0.240037019758945E+002  0.104047326639381E+001
  0.464493206888627E-004  0.240011470465447E+002  0.895942242281275E+001
  0.560807718731373E-004  0.236043840531743E+002  0.500988462627256E+001
  0.562934715937519E-004  0.235769122624241E+002  0.498318522986729E+001
  0.580537007501884E-004  0.234954318282139E+002  0.893866495199363E+001
  0.645639077871223E-004  0.232629569775509E+002  0.494969065526734E+001
  0.772513192971888E-004  0.228842394313593E+002  0.891327755764597E+001
  0.783769370023563E-004  0.228354073310959E+002  0.507754252276883E+001
  0.975453554881127E-004  0.223779311871072E+002  0.510160292380004E+001
  0.185435743722203E-003  0.210732485800452E+002  0.116400640622537E+001
  0.195982001551849E-003  0.209427191199657E+002  0.516841547597673E+001
  0.210753017048943E-003  0.207774902855502E+002  0.882306092856555E+001
  0.241139514124644E-003  0.204882121233922E+002  0.481110467054406E+001
  0.253471874056014E-003  0.203685570544277E+002  0.880502682314770E+001
  0.251883819040210E-003  0.203612262342399E+002  0.519461745022495E+001
  0.324370277675368E-003  0.198354900726519E+002  0.478162572906685E+001
  0.369173804807999E-003  0.195568257043470E+002  0.476896459683532E+001
  0.368600406621743E-003  0.195400338436414E+002  0.123207519431486E+001
  0.383825119192726E-003  0.194391854185405E+002  0.523639882029896E+001
  0.493913433311123E-003  0.189149382857626E+002  0.873940875854304E+001
  0.662327923076833E-003  0.183082365845552E+002  0.128872253649414E+001
  0.741783935140874E-003  0.180617414771296E+002  0.469976682219047E+001
  0.925121564244013E-003  0.176001065325199E+002  0.532212290917337E+001
  0.928918690079358E-003  0.175720137484787E+002  0.467653611095150E+001
  0.141745764560558E-002  0.167069151974465E+002  0.463471518523319E+001
  0.166413422925234E-002  0.163661342772729E+002  0.861794134255167E+001
  0.170550497731786E-002  0.162971211445649E+002  0.538546818608811E+001
  0.190479281899408E-002  0.160561964729261E+002  0.860254302258704E+001
  0.250816578351794E-002  0.154859388587468E+002  0.457382034272217E+001
  0.258102316626027E-002  0.154087698491991E+002  0.143010959635837E+001
  0.263982519635325E-002  0.153438155773416E+002  0.856657690393702E+001
  0.292785798283714E-002  0.151167981349755E+002  0.144505935638356E+001
  0.529697999700013E-002  0.139111659643222E+002  0.849162302806902E+001
  0.542745685012985E-002  0.138425976501309E+002  0.551205873444382E+001
  0.673328459782595E-002  0.133915121779107E+002  0.553651268173890E+001
  0.745742223336439E-002  0.131673180529853E+002  0.554881980996573E+001
  0.801944337236776E-002  0.130020989809743E+002  0.444204327971275E+001
  0.958890304104378E-002  0.126247233550380E+002  0.842095335615928E+001
  0.107243427202420E-001  0.123810033303975E+002  0.840716496418786E+001
  0.123084394294353E-001  0.120855647057685E+002  0.839026726081613E+001
  0.131664776836230E-001  0.119308863032183E+002  0.561866203502501E+001
  0.150367497856294E-001  0.116453393205212E+002  0.436470034636149E+001
  0.188810319580470E-001  0.111701174037555E+002  0.166344791041459E+001
  0.205208914597998E-001  0.109836454524482E+002  0.432534372564525E+001
  0.225861345040031E-001  0.107719593154251E+002  0.431250379238542E+001
  0.226030058021393E-001  0.107505652596151E+002  0.568880087105580E+001
  0.390048754272222E-001  0.963945709442545E+001  0.424155782811209E+001
  0.394020943908537E-001  0.959929178722207E+001  0.176103293444508E+001
  0.440229647773113E-001  0.935760622051659E+001  0.577673809017172E+001
  0.477429509739774E-001  0.917546554295277E+001  0.578870846146711E+001
  0.474997026109247E-001  0.916578084574508E+001  0.421065174173016E+001
  0.490795720106297E-001  0.908044128530572E+001  0.820499929843264E+001
  0.494250216389962E-001  0.904651280898637E+001  0.820274467490488E+001
  0.555423092420341E-001  0.879323564299725E+001  0.581422160294766E+001
  0.598921802599817E-001  0.862253319927341E+001  0.582579473012421E+001
  0.662264670526357E-001  0.840156406268422E+001  0.815905261036922E+001
  0.663373769245901E-001  0.837831679018250E+001  0.584255307239119E+001
  0.947966478093927E-001  0.764445501824673E+001  0.589443882731170E+001
  0.951029370860464E-001  0.761810274597112E+001  0.810365263689696E+001
  0.980376168705341E-001  0.753741928950800E+001  0.590221140926554E+001
  0.974387608692822E-001  0.752977295503451E+001  0.809723123195603E+001
  0.978152748907164E-001  0.750215896772847E+001  0.190478397637234E+001
  0.108946514342125E+000  0.726670567028488E+001  0.192211985322123E+001
  0.118416448621290E+000  0.708010387002516E+001  0.593605953042464E+001
  0.151802245407410E+000  0.656346116878850E+001  0.197564337724580E+001
  0.158909049889908E+000  0.645205376997234E+001  0.401561868177795E+001
  0.172255419439247E+000  0.627086041476848E+001  0.800124441068961E+001
  0.174817055921432E+000  0.622143643236880E+001  0.200271241221339E+001
  0.175758491832781E+000  0.619079414101480E+001  0.399482650052183E+001
  0.187355186424813E+000  0.604310275785077E+001  0.398287799081740E+001
  0.212333241312545E+000  0.577290064496498E+001  0.396063354447484E+001
  0.212837657453972E+000  0.574825444324593E+001  0.395857885147502E+001
  0.212179715613648E+000  0.573454592715608E+001  0.795743409795098E+001
  0.216893676648680E+000  0.567069799868542E+001  0.395208423123442E+001
  0.215574337182177E+000  0.566300026082380E+001  0.395143719987573E+001
  0.220328854854268E+000  0.559946875338173E+001  0.394608017848196E+001
  0.249362701897827E+000  0.533199360031680E+001  0.792318561493609E+001
  0.253044759199307E+000  0.528277710624800E+001  0.391891079032434E+001
  0.262674992520433E+000  0.518817422216393E+001  0.791063745756501E+001
  0.263047496241814E+000  0.516543933676215E+001  0.209136200967812E+001
  0.263587161811114E+000  0.514143969865956E+001  0.209347749318632E+001
  0.265541439719778E+000  0.510676541262625E+001  0.390345734243230E+001
  0.268546375593687E+000  0.506435933143169E+001  0.210030549818102E+001
  0.279667021177744E+000  0.503998378451026E+001  0.389752443370430E+001
  0.296788176633248E+000  0.483950181758966E+001  0.212052686545376E+001
  0.295403294262641E+000  0.476884545326722E+001  0.387302232279431E+001
  0.312316678983607E+000  0.461788790290489E+001  0.214092214087487E+001
  0.310934434806324E+000  0.458715384910432E+001  0.385621102505810E+001
  0.344422860177824E+000  0.438257769354698E+001  0.216312179228890E+001
  0.404108497142809E+000  0.406295118951379E+001  0.380574493103989E+001
  0.405346658568958E+000  0.401559411733571E+001  0.219897081055186E+001
  0.425435999123784E+000  0.391885036676867E+001  0.220869174005498E+001
  0.489079271800973E+000  0.359792342237540E+001  0.375816914415868E+001
  0.527360399650460E+000  0.332345341743083E+001  0.227136754782458E+001
  0.576685236294179E+000  0.310422317307907E+001  0.229584915588570E+001
  0.596727139070567E+000  0.291704962122302E+001  0.368255449816840E+001
  0.619501391410236E+000  0.280330346619011E+001  0.366908987301009E+001
  0.654694133004720E+000  0.261586449059508E+001  0.235370980042287E+001
  0.666247964259499E+000  0.254278056885934E+001  0.363717940534180E+001
  0.657360077681981E+000  0.253154415523664E+001  0.363576707087745E+001
  0.676241788537644E+000  0.247490664393996E+001  0.237140015383025E+001
  0.727621451370739E+000  0.232844616167367E+001  0.360967539678260E+001
  0.743554120691821E+000  0.228512490875666E+001  0.239603585456146E+001
  0.744194344192707E+000  0.224299817212260E+001  0.240164190394560E+001
  0.746957484466334E+000  0.219518065260830E+001  0.240806959193537E+001
  0.759582140004225E+000  0.216166025697306E+001  0.241261737794694E+001
  0.761532476599792E+000  0.207488756127746E+001  0.357544305832865E+001
  0.761731722150375E+000  0.199435368523700E+001  0.243586411813097E+001
  0.726897427975365E+000  0.197143395876777E+001  0.243912377749001E+001
  0.732317063946288E+000  0.191848118980522E+001  0.244672819162452E+001
  0.753380636313819E+000  0.182367074877124E+001  0.353938856437417E+001
  0.795047894956684E+000  0.167791082908132E+001  0.248268149440867E+001
  0.795186471491359E+000  0.167756226024656E+001  0.248273540115944E+001
  0.798507079939006E+000  0.166922787688912E+001  0.351597399534908E+001
  0.790488135919080E+000  0.164980899420157E+001  0.248704567196827E+001
  0.817399586009556E+000  0.154324890671746E+001  0.349605698125218E+001
  0.826425351047816E+000  0.144284442208512E+001  0.252040870409498E+001
  0.832701951865964E+000  0.142771205520715E+001  0.347706040750347E+001
  0.835596094963698E+000  0.142077289704765E+001  0.252410466791336E+001
  0.903747379315149E+000  0.118395319314069E+001  0.343426399168794E+001
  0.974371978198526E+000  0.993861408835325E+000  0.339770658655331E+001
  0.981341426718090E+000  0.979606808943357E+000  0.260517118518886E+001
  0.984475093927721E+000  0.973230486776905E+000  0.339353472713160E+001
  0.988762905298128E+000  0.964538543644018E+000  0.339176379434205E+001
  0.996872982013975E+000  0.948200962588351E+000  0.338841325619547E+001
  0.100000000000000E+001  0.941937127942399E+000  0.261287903176782E+001
  0.981003760444147E+000  0.936337286800294E+000  0.261403799479446E+001
  0.981049574661318E+000  0.936243886246171E+000  0.261405735481341E+001
  0.932846948733429E+000  0.905091646276303E+000  0.262056968099736E+001
  0.915174503567657E+000  0.900332003696686E+000  0.262157454609170E+001
  0.898320515688720E+000  0.894495263355348E+000  0.262281046447298E+001
  0.907513408890724E+000  0.874132432667657E+000  0.337284566887797E+001
  0.933090326979500E+000  0.818545096713530E+000  0.263927861298725E+001
  0.934097553799934E+000  0.816387355805931E+000  0.336024253011434E+001
  0.937625252136427E+000  0.808848413602811E+000  0.264143557099081E+001
  0.254636065496997E+000  0.503769180854283E+001  0.610267988268320E+001
  0.269427401653363E+000  0.492476452689940E+001  0.611280496626818E+001
  0.279202812828521E+000  0.481464940918708E+001  0.787720955822663E+001
  0.318447067410071E+000  0.451277759269806E+001  0.615076674676151E+001
  0.402816069055733E+000  0.389171491646432E+001  0.621143986265565E+001
  0.419100209701554E+000  0.381245491274793E+001  0.778047773165793E+001
  0.419498842986012E+000  0.377316922165902E+001  0.777644045427816E+001
  0.461818883184941E+000  0.354356091832324E+001  0.775241109142938E+001
  0.505245682046583E+000  0.336381687113398E+001  0.773305075060031E+001
  0.535477593671534E+000  0.320949200708459E+001  0.771601077136295E+001
  0.544305853528495E+000  0.317678746211424E+001  0.628765268477202E+001
  0.550390299115280E+000  0.307762221706760E+001  0.770112214221564E+001
  0.595284383561263E+000  0.292079904583457E+001  0.768299381469217E+001
  0.596266394103183E+000  0.291750246533575E+001  0.768260757249532E+001
  0.636618299747476E+000  0.278653701867986E+001  0.633291782622902E+001
  0.655728723901683E+000  0.268697777949426E+001  0.765503370012032E+001
  0.670554293368496E+000  0.260185736263102E+001  0.635544598240706E+001
  0.677102996526497E+000  0.254201449975824E+001  0.763708321555002E+001
  0.684758173490978E+000  0.243951913749098E+001  0.637592006475709E+001
  0.683722469312387E+000  0.240294119463089E+001  0.638062669195777E+001
  0.689465991304311E+000  0.226967281109391E+001  0.639808609141401E+001
  0.707011864546172E+000  0.218131627118900E+001  0.759005364753086E+001
  0.703049349492103E+000  0.215446060028994E+001  0.758640122750607E+001
  0.705174018494106E+000  0.214842556163777E+001  0.758557731636077E+001
  0.731811465799060E+000  0.203543276331128E+001  0.643006847279341E+001
  0.751827952870180E+000  0.198146358072271E+001  0.643769503248694E+001
  0.754438241123076E+000  0.197453176249213E+001  0.756131790063472E+001
  0.781970248084929E+000  0.186243980169383E+001  0.754510831203096E+001
  0.784441763770496E+000  0.181572310313650E+001  0.753820850985104E+001
  0.805694842495434E+000  0.172185223323041E+001  0.647593029004616E+001
  0.795431813278511E+000  0.170708668847298E+001  0.752181086011112E+001
  0.866175021781793E+000  0.145667229271728E+001  0.651810761532371E+001
  0.858016018494062E+000  0.143599548398328E+001  0.652155253056207E+001
  0.830422381508070E+000  0.142293066598801E+001  0.747625792395751E+001
  0.855391372683445E+000  0.128674881373211E+001  0.745280516093721E+001
  0.840511790708088E+000  0.128374868193930E+001  0.654772520224478E+001
  0.851499047377223E+000  0.121967749122528E+001  0.744079598701699E+001
  0.863737195220009E+000  0.119113715324222E+001  0.743558540849412E+001
  0.868670310137634E+000  0.114091075553124E+001  0.742626098162890E+001
  0.870808805470102E+000  0.109715702800242E+001  0.658203130732718E+001
  0.860739391261531E+000  0.108158218447247E+001  0.658502306920766E+001
  0.851192041686846E+000  0.106505402901262E+001  0.741177827555160E+001
  0.859842780509051E+000  0.104483044870873E+001  0.659216967331054E+001
  0.795845009081318E+000  0.937464132890889E+000  0.661380449920179E+001
  0.782633266067407E+000  0.935545456070494E+000  0.661420215585684E+001
  0.782824181407635E+000  0.935057636126280E+000  0.661430332467801E+001
  0.778309830929040E+000  0.910587506697990E+000  0.738058731540333E+001
  0.773188191448879E+000  0.852355762022331E+000  0.736814348493190E+001
  0.766847558787364E+000  0.764453142168473E+000  0.734851858820039E+001
  0.947466920111152E+000  0.740904074109954E+000  0.334307048172617E+001
  0.931867760733493E+000  0.727045292373733E+000  0.333982341054441E+001
  0.913174204549320E+000  0.720512797662897E+000  0.266171794135618E+001
  0.921852659887702E+000  0.654534324935324E+000  0.332230140484318E+001
  0.897048216209117E+000  0.571100167034898E+000  0.330087992671466E+001
  0.879454053349206E+000  0.565771039988191E+000  0.329945962995426E+001
  0.862521585581350E+000  0.559707619631313E+000  0.329783539533649E+001
  0.858046386392136E+000  0.525165935792492E+000  0.271159186332381E+001
  0.830956749241910E+000  0.457410829328924E+000  0.273104194329438E+001
  0.771200748766901E+000  0.439905676757567E+000  0.326369985183053E+001
  0.774339304425546E+000  0.391377379855072E+000  0.324854191668820E+001
  0.759713968529218E+000  0.389108265418424E+000  0.324781046394610E+001
  0.777010673609453E+000  0.631978095482031E+000  0.668334687929635E+001
  0.804208478278597E+000  0.563169196111385E+000  0.670123625562653E+001
  0.804584378713069E+000  0.562234581217545E+000  0.670148662246217E+001
  0.701445039226497E+000  0.471958058398970E+000  0.672674921241089E+001
  0.704747159498991E+000  0.462564957384131E+000  0.672951322258621E+001
  0.710202399463346E+000  0.447143158184107E+000  0.673411354136833E+001
  0.712940433027093E+000  0.439447410773394E+000  0.673643921138004E+001
  0.736149340855345E+000  0.375377142505872E+000  0.675666269012917E+001
  0.789591640917807E+000  0.629737626750642E+000  0.731608657651716E+001
  0.821314033811270E+000  0.550958354094222E+000  0.729547595541653E+001
  0.777320729124895E+000  0.512847397626914E+000  0.728497067778026E+001
  0.787010270783443E+000  0.488070887849785E+000  0.727792813033265E+001
  0.739595618056336E+000  0.452260920773993E+000  0.726742185942453E+001
  0.743505004584803E+000  0.441717076281447E+000  0.726424881414921E+001
  0.749069680268461E+000  0.426804049756442E+000  0.725969472758465E+001
  0.722828188761160E+000  0.369802320259534E+000  0.324149756689408E+001
  0.699873423586640E+000  0.320029616790159E+000  0.277559536042974E+001
  0.686920786656920E+000  0.320006376637525E+000  0.277560364567079E+001
  0.675974369912746E+000  0.314749753244102E+000  0.277748558677405E+001
  0.654847938996368E+000  0.268134411907377E+000  0.279492876974228E+001
  0.648969261017582E+000  0.250132805914320E+000  0.319792410798214E+001
  0.620088399849473E+000  0.234959762676889E+000  0.319169315481398E+001
  0.790920731549457E+000  0.284790939192329E+000  0.678853072600255E+001
  0.793781385231622E+000  0.277570259017422E+000  0.679128022370407E+001
  0.810012657892230E+000  0.237086689622737E+000  0.680742125269420E+001
  0.811200341427912E+000  0.234156331307938E+000  0.680864243787217E+001
  0.812415795617846E+000  0.231161893425107E+000  0.680989843103685E+001
  0.699596980471918E+000  0.372838856545547E+000  0.724250138272085E+001
  0.705202805860398E+000  0.356876851998294E+000  0.723717714876008E+001
  0.708581786127738E+000  0.347316734508440E+000  0.723393029110311E+001
  0.712720888187051E+000  0.335667945449782E+000  0.722991210243526E+001
  0.718340936852258E+000  0.319959113142345E+000  0.722437950369187E+001
  0.721049115237796E+000  0.312433198739310E+000  0.722167998414950E+001
  0.723657138272742E+000  0.305212282067394E+000  0.721905859651020E+001
  0.727470404721137E+000  0.294701075815115E+000  0.721518567727582E+001
  0.747266663039539E+000  0.241003510530012E+000  0.719419903516505E+001
  0.750983812173949E+000  0.231079517652479E+000  0.719006689979750E+001
  0.593622429845688E+000  0.219610315922626E+000  0.318517654852020E+001
  0.597581253132440E+000  0.206316744325089E+000  0.317934152521446E+001
  0.587765477732326E+000  0.205252361851280E+000  0.317886609927664E+001
  0.579722295544760E+000  0.198621160832629E+000  0.282412479052619E+001
  0.573427496480294E+000  0.186267658900126E+000  0.282983675779342E+001
  0.565208189260162E+000  0.180953523898605E+000  0.316764625673725E+001
  0.556804110352723E+000  0.176725954680645E+000  0.283438340565288E+001
  0.557696642497271E+000  0.173522610643161E+000  0.316406194341510E+001
  0.551406434882216E+000  0.161425114237253E+000  0.284194709160476E+001
  0.544009821511794E+000  0.153651364131918E+000  0.315406791306220E+001
  0.537045455676576E+000  0.144637003855586E+000  0.285068615539365E+001
  0.512739722628594E+000  0.134679185575510E+000  0.314387971805059E+001
  0.504653834100033E+000  0.132856220787646E+000  0.285713748252163E+001
  0.496382194507977E+000  0.132295051663647E+000  0.285745207177788E+001
  0.488126853761738E+000  0.132222545307875E+000  0.285749276922382E+001
  0.473026471185209E+000  0.128397638631308E+000  0.314034359891083E+001
  0.473164999100266E+000  0.127812015444467E+000  0.285999062158073E+001
  0.466725005773469E+000  0.121605641764897E+000  0.286358296933074E+001
  0.459174329671814E+000  0.120611985799003E+000  0.286416693590265E+001
  0.434857768284017E+000  0.982392868266692E-001  0.312194666648376E+001
  0.428100080414474E+000  0.975626184721975E-001  0.287849805544854E+001
  0.421761238049605E+000  0.953972031497575E-001  0.312006771455389E+001
  0.409846089664239E+000  0.892151448153974E-001  0.288412452052009E+001
  0.403606463355896E+000  0.884012219712107E-001  0.311531218101150E+001
  0.397569266982650E+000  0.870467623129551E-001  0.288563136118539E+001
  0.397731623974518E+000  0.862301808355838E-001  0.311379601270663E+001
  0.398195432398374E+000  0.838992713752697E-001  0.311214538329453E+001
  0.392255258424620E+000  0.814384768722202E-001  0.288962400680497E+001
  0.386641149538498E+000  0.777490284093493E-001  0.289233130390067E+001
  0.380781861992261E+000  0.757686471095597E-001  0.289381296165838E+001
  0.375104923423049E+000  0.732893810265893E-001  0.310430246659830E+001
  0.369107093286933E+000  0.730062492562825E-001  0.289591492203375E+001
  0.812589262582634E+000  0.230734899146974E+000  0.681007820704893E+001
  0.779427977058844E+000  0.165849918665825E+000  0.683972308163442E+001
  0.782505088482511E+000  0.157969643966522E+000  0.684370589707581E+001
  0.728001661122500E+000  0.142278419200361E+000  0.685195524107118E+001
  0.676963091453552E+000  0.127566156500286E+000  0.686013117354364E+001
  0.630926499502560E+000  0.108335502031139E+000  0.687160068575255E+001
  0.639431477444170E+000  0.815553182710873E-001  0.688953935317223E+001
  0.640772730294266E+000  0.773645701615912E-001  0.689261734404435E+001
  0.652204417675932E+000  0.141697345407675E+000  0.714773042624816E+001
  0.653572330021779E+000  0.137507003226570E+000  0.714544354262217E+001
  0.655506846473283E+000  0.131595923455569E+000  0.714215502568367E+001
  0.637546132522210E+000  0.121580495113691E+000  0.713640228294433E+001
  0.638937936598830E+000  0.117219125749715E+000  0.713381989274465E+001
  0.638991247988683E+000  0.117052257693090E+000  0.713372009873287E+001
  0.620377959988083E+000  0.105993323431975E+000  0.712693161672078E+001
  0.624700104669144E+000  0.921077297002239E-001  0.711785559098435E+001
  0.602404330978433E+000  0.920581134614616E-001  0.711782190682580E+001
  0.602559954952504E+000  0.915415040423998E-001  0.711747061003084E+001
  0.526874427128566E+000  0.737896752681356E-001  0.710468548904760E+001
  0.538920121123824E+000  0.589364115488129E-001  0.690735805797564E+001
  0.541833645369844E+000  0.481530808980389E-001  0.691719180887182E+001
  0.542030461332015E+000  0.474267316698756E-001  0.691789652479088E+001
  0.544320670643554E+000  0.389940522645457E-001  0.692657145012625E+001
  0.545740152291339E+000  0.337852330123547E-001  0.693248451395264E+001
  0.545785372606283E+000  0.336195188299967E-001  0.693268115726608E+001
  0.547333014265785E+000  0.279562980401060E-001  0.693978612069754E+001
  0.547538921093543E+000  0.272040389912237E-001  0.694079400526273E+001
  0.548167270610732E+000  0.249101774037800E-001  0.694397918280818E+001
  0.548199413655169E+000  0.247929062575200E-001  0.694414690182776E+001
  0.548573602703798E+000  0.234282152683511E-001  0.694613704411035E+001
  0.493983416027972E+000  0.693275175192496E-001  0.710121811289149E+001
  0.479460895637655E+000  0.634270862829756E-001  0.709644188602216E+001
  0.480178412408829E+000  0.604363088153724E-001  0.709392823316072E+001
  0.423355566290596E+000  0.539034841706276E-001  0.708818878070103E+001
  0.378740268223889E+000  0.410609051919668E-001  0.707564686645823E+001
  0.358416143633706E+000  0.402330795381820E-001  0.707476627782860E+001
  0.348968853930464E+000  0.388592296408719E-001  0.707328151415448E+001
  0.348971755030923E+000  0.388426030086244E-001  0.707326336093583E+001
  0.339424596649540E+000  0.379791823407592E-001  0.707231440208393E+001
  0.321640043449661E+000  0.344770367976809E-001  0.706833029680796E+001
  0.304897528234010E+000  0.332571854875491E-001  0.706688686905695E+001
  0.297025356203266E+000  0.322371664678459E-001  0.706565554210491E+001
  0.275454019706696E+000  0.271076685936608E-001  0.705907563414150E+001
  0.262379944529207E+000  0.243410150618418E-001  0.705520204691974E+001
  0.376075135677437E+000  0.686606037325643E-001  0.310068962295810E+001
  0.376845013052720E+000  0.645705145251114E-001  0.309738575819006E+001
  0.377996497139745E+000  0.584686509436214E-001  0.309223712769386E+001
  0.378704775303832E+000  0.547246193331392E-001  0.308893054968646E+001
  0.379195094167634E+000  0.521368424937021E-001  0.308657134845448E+001
  0.379536194207101E+000  0.503385770594286E-001  0.308489332072515E+001
  0.354766525330034E+000  0.473329694996831E-001  0.308201206432095E+001
  0.355525375072112E+000  0.430595149925141E-001  0.307773175652870E+001
  0.330786099926176E+000  0.390929357704683E-001  0.307353620399170E+001
  0.330790038744951E+000  0.390691210132834E-001  0.307351029136359E+001
  0.305888958663663E+000  0.355070939937078E-001  0.306952581256791E+001
  0.306684910917130E+000  0.303096623634289E-001  0.306326333497677E+001
  0.307013821280166E+000  0.281658717556161E-001  0.306049167756917E+001
  0.357437752329962E+000  0.727357248723595E-001  0.289612305571585E+001
  0.348976570940707E+000  0.724535009999426E-001  0.289634063605142E+001
  0.349011446086319E+000  0.722536400006719E-001  0.289649499541403E+001
  0.306562540199536E+000  0.520956304181569E-001  0.291346674372740E+001
  0.294061697848963E+000  0.483897644160311E-001  0.291696346658970E+001
  0.294108141832544E+000  0.480739101811176E-001  0.291726833010743E+001
  0.281832463224247E+000  0.463731597427406E-001  0.291892960384288E+001
  0.282327829477133E+000  0.428609212062645E-001  0.292247290172310E+001
  0.276292222551836E+000  0.421227650620774E-001  0.292323838208996E+001
  0.270507058590420E+000  0.404867324629754E-001  0.292496280410150E+001
  0.264796828951315E+000  0.391996066623384E-001  0.292634784022034E+001
  0.243323287138221E+000  0.380277696678354E-001  0.292763186667401E+001
  0.238490177555921E+000  0.369148625829909E-001  0.292887277885709E+001
  0.238557285124160E+000  0.363521716649403E-001  0.292950850377085E+001
  0.233629140461565E+000  0.359943180429000E-001  0.292991580448419E+001
  0.233679941653060E+000  0.355594778599050E-001  0.293041393794862E+001
  0.220161900657675E+000  0.283801158366873E-001  0.293922564596720E+001
  0.250037206759977E+000  0.231284655437841E-001  0.705341589708354E+001
  0.250091454324526E+000  0.226945966697618E-001  0.705276209853101E+001
  0.222603513322065E+000  0.199974182182633E-001  0.704850041741219E+001
  0.217891888930458E+000  0.178381153007437E-001  0.704479734392074E+001
  0.199851575040993E+000  0.166634637205015E-001  0.704264806876653E+001
  0.199867321054142E+000  0.165058928544560E-001  0.695764853684998E+001
  0.195682100729566E+000  0.158181709294678E-001  0.704103182816972E+001
  0.191640305801867E+000  0.145481598734778E-001  0.703847608548164E+001
  0.183731159829591E+000  0.137221438900322E-001  0.696328152240847E+001
  0.179978372769336E+000  0.128891433075505E-001  0.703485636962511E+001
  0.280175953032938E+000  0.204954272169233E-001  0.304931502741500E+001
  0.280690437377329E+000  0.168262147449966E-001  0.304295227506703E+001
  0.252700143551725E+000  0.162028499606329E-001  0.304177510703679E+001
  0.252763614308903E+000  0.157005725448924E-001  0.304080190168873E+001
  0.252811138482522E+000  0.153245713818909E-001  0.304005789554304E+001
  0.252836753703119E+000  0.151219385141215E-001  0.303965115050656E+001
  0.252897618185896E+000  0.146405436439778E-001  0.303866769397405E+001
  0.252973105887005E+000  0.140436504214378E-001  0.303741239957106E+001
  0.253016946466739E+000  0.136970777594727E-001  0.303666382434703E+001
  0.253117675947829E+000  0.129010090618609E-001  0.303488359247744E+001
  0.253174860882043E+000  0.124492154421903E-001  0.303383161310054E+001
  0.203737461374183E+000  0.233566541348982E-001  0.294624343541652E+001
  0.199837018050446E+000  0.231806551781363E-001  0.294650599657218E+001
  0.196061235822262E+000  0.224946564260540E-001  0.294754193482025E+001
  0.196072812568492E+000  0.223765667444174E-001  0.294772233504315E+001
  0.196135350906939E+000  0.217387591228417E-001  0.294870765131241E+001
  0.196197632551262E+000  0.211037715233075E-001  0.294970778372388E+001
  0.192211032424485E+000  0.209223669389480E-001  0.294999717723502E+001
  0.192385018607557E+000  0.191128195504665E-001  0.295298133665969E+001
  0.188514994487397E+000  0.176482396711160E-001  0.295554303292382E+001
  0.188537622748243E+000  0.174081855265322E-001  0.295597712800737E+001
  0.167044575066820E+000  0.142773089024695E-001  0.296209125432529E+001
  0.163866241385882E+000  0.138615364557714E-001  0.296297906798637E+001
  0.160776494542783E+000  0.130960165248300E-001  0.296467201933018E+001
  0.154734338770570E+000  0.127743845115695E-001  0.296540801977213E+001
  0.154752063236600E+000  0.125453021876344E-001  0.296594193305169E+001
  0.169250903858923E+000  0.120472163397559E-001  0.703286728142995E+001
  0.169258112727694E+000  0.119620325671615E-001  0.703265928328945E+001
  0.169283538251345E+000  0.116616202116898E-001  0.696808506919787E+001
  0.156039258108198E+000  0.112403983636890E-001  0.703084100050946E+001
  0.156040585202217E+000  0.112233886907122E-001  0.703079684666891E+001
  0.149944609355165E+000  0.109130795286787E-001  0.702997993160137E+001
  0.149959758232432E+000  0.107110300900287E-001  0.697056416488973E+001
  0.146978195773708E+000  0.104710793463447E-001  0.697122368561387E+001
  0.144045130104110E+000  0.103808521730597E-001  0.702852437417234E+001
  0.141202187168266E+000  0.984311589148983E-002  0.697302589914617E+001
  0.138379133270401E+000  0.982880955761897E-002  0.702693163759324E+001
  0.135622437340719E+000  0.966825835510874E-002  0.697354957635402E+001
  0.132912017285349E+000  0.963773128963114E-002  0.697364206797612E+001
  0.130279034790626E+000  0.924994364944471E-002  0.702515342040649E+001
  0.122780962560618E+000  0.895629463464138E-002  0.697579853897433E+001
  0.122781824244913E+000  0.894225856172911E-002  0.697584498097473E+001
  0.120377097704453E+000  0.889639865750105E-002  0.702400265317490E+001
  0.120378634151372E+000  0.887087159057997E-002  0.702391742103002E+001
  0.117977304506699E+000  0.876503422519291E-002  0.702356075232808E+001
  0.117984896623422E+000  0.863633366741079E-002  0.697688037714365E+001
  0.115589975652330E+000  0.841252903978863E-002  0.697766822397120E+001
  0.110971377330530E+000  0.832240098894172E-002  0.697799346159740E+001
  0.108752203420390E+000  0.831773649923947E-002  0.697801042487649E+001
  0.108757746117560E+000  0.821580650139741E-002  0.697838443582837E+001
  0.100418177798689E+000  0.768969407072667E-002  0.701957178135865E+001
  0.984939004368860E-001  0.755076811482237E-002  0.698100456705926E+001
  0.966012519633757E-001  0.752043708890375E-002  0.701886726022662E+001
  0.966076552231899E-001  0.738787053366871E-002  0.698170347411060E+001
  0.947215793257524E-001  0.721489608908246E-002  0.701752389649843E+001
  0.928647565451815E-001  0.720492266679698E-002  0.701747830658050E+001
  0.928650869729275E-001  0.719780635765293E-002  0.698255429590246E+001
  0.892350710332390E-001  0.693439084838687E-002  0.698380722043699E+001
  0.841898410890040E-001  0.679632162533793E-002  0.701549564565575E+001
  0.841913455642591E-001  0.676058187827724E-002  0.701531001877068E+001
  0.825738738585274E-001  0.672200678600669E-002  0.698489289372529E+001
  0.809875224647995E-001  0.668230351209451E-002  0.701489537297853E+001
  0.809891010038753E-001  0.664332161354627E-002  0.698531548324248E+001
  0.778817417752346E-001  0.644798530340238E-002  0.701357870475335E+001
  0.763852322850146E-001  0.641613823564894E-002  0.698661023928749E+001
  0.749172156260112E-001  0.639130758825827E-002  0.698675942643404E+001
  0.749172374734619E-001  0.639072434588217E-002  0.698676295087357E+001
  0.734503973401373E-001  0.633285296173121E-002  0.698711745180054E+001
  0.706273522930046E-001  0.627705977119267E-002  0.701253128635158E+001
  0.679654174447859E-001  0.618147189947977E-002  0.701190542221642E+001
  0.679658153372568E-001  0.616976325937449E-002  0.698817351718666E+001
  0.654050050217329E-001  0.604935805265879E-002  0.698901815759266E+001
  0.629848087105610E-001  0.597914045292843E-002  0.701045782227344E+001
  0.151803320638026E+000  0.121861392254012E-001  0.296679629764170E+001
  0.143387778902385E+000  0.119353897596248E-001  0.296740604449021E+001
  0.140756513640900E+000  0.115934370631578E-001  0.303174355847002E+001
  0.140757039238972E+000  0.115859688888316E-001  0.296827526837864E+001
  0.140779226088932E+000  0.112707434242948E-001  0.296908038612593E+001
  0.138092774861402E+000  0.109688716601253E-001  0.303012844237352E+001
  0.135440056646579E+000  0.109258695770995E-001  0.296998595817671E+001
  0.130376303253308E+000  0.102018011308575E-001  0.297198229568342E+001
  0.130400566093296E+000  0.982963867459098E-002  0.302693410035938E+001
  0.127895436159028E+000  0.978939821256152E-002  0.302681431125806E+001
  0.125446873075305E+000  0.961458295171709E-002  0.297371242029952E+001
  0.123044744517648E+000  0.944697333473611E-002  0.297422754750141E+001
  0.120688273001491E+000  0.928500289236248E-002  0.297473532036593E+001
  0.118368072522098E+000  0.927270481601524E-002  0.297477429198621E+001
  0.116092171118339E+000  0.926568136359363E-002  0.302520342421992E+001
  0.113870986198941E+000  0.906620299554045E-002  0.297543791430841E+001
  0.113875437744229E+000  0.898801875516208E-002  0.297569389839854E+001
  0.107461603554780E+000  0.839338674500737E-002  0.297773690377698E+001
  0.105449135755770E+000  0.810678962758190E-002  0.302120825109827E+001
  0.105449895304655E+000  0.809238370298136E-002  0.297884615952808E+001
  0.105461748363202E+000  0.786758703735308E-002  0.302028589411909E+001
  0.103394274539866E+000  0.785978009950289E-002  0.302025508306956E+001
  0.994459149176690E-001  0.728967554387899E-002  0.301786201727843E+001
  0.994473209125196E-001  0.726139917048083E-002  0.301773492152538E+001
  0.938237790135195E-001  0.714305173497715E-002  0.298280721512289E+001
  0.938282265283928E-001  0.704824827447247E-002  0.298325415579465E+001
  0.920239378660690E-001  0.704606820191088E-002  0.301673542609377E+001
  0.920256971658531E-001  0.700783286862561E-002  0.301655164140544E+001
  0.902217831904747E-001  0.699649501477676E-002  0.298350324951396E+001
  0.884545015935801E-001  0.695640676138908E-002  0.301630118572548E+001
  0.867209122080317E-001  0.693766594630513E-002  0.301620895202174E+001
  0.850239856120114E-001  0.685572392465141E-002  0.298420065184324E+001
  0.850264504005407E-001  0.679774610143007E-002  0.301550299811208E+001
  0.817002401650061E-001  0.659797249109318E-002  0.301443534456843E+001
  0.800997213505052E-001  0.656185021824328E-002  0.298576625105064E+001
  0.801029604332420E-001  0.648097559863851E-002  0.298622830184703E+001
  0.785028893387815E-001  0.643032423035298E-002  0.301347425141115E+001
  0.739764109794170E-001  0.636180156244341E-002  0.301306108051523E+001
  0.739778818459014E-001  0.632203613336996E-002  0.301281520017688E+001
  0.739792179125348E-001  0.628591575427016E-002  0.298741230382804E+001
  0.710790836683303E-001  0.625745271189954E-002  0.298759451701310E+001
  0.710801921402831E-001  0.622626313396683E-002  0.301220269132893E+001
  0.682956837462916E-001  0.613986865423323E-002  0.298837749773450E+001
  0.669574210324944E-001  0.611393140429221E-002  0.301144257833362E+001
  0.656445883381182E-001  0.611216692892567E-002  0.301143023546837E+001
  0.656446448783366E-001  0.611044431338129E-002  0.298858182745027E+001
  0.643322211894044E-001  0.609585721109140E-002  0.298868449170346E+001
  0.643344750547366E-001  0.602578887489185E-002  0.298919121680220E+001
  0.643356100387966E-001  0.599050533375917E-002  0.301054440266852E+001
  0.629954927102436E-001  0.598390546692036E-002  0.301049421025812E+001
  0.604250376133071E-001  0.595777362917084E-002  0.298970692684852E+001
  0.604253975561662E-001  0.594585996552038E-002  0.301020005728992E+001
  0.604262370949535E-001  0.591807254536294E-002  0.299002026145170E+001
  0.591407674727272E-001  0.591147820629379E-002  0.299007326401875E+001
  0.566781867212185E-001  0.585438688514022E-002  0.300945544688826E+001
  0.554975304995356E-001  0.584936557399616E-002  0.299058713295145E+001
  0.532325865463363E-001  0.583954550057812E-002  0.300932903287200E+001
  0.511036116213182E-001  0.582668778344792E-002  0.300921811366745E+001
  0.511037651898536E-001  0.582067770706337E-002  0.300916580642194E+001
  0.511039816374180E-001  0.581220682022118E-002  0.299090842887781E+001
  0.500400986429837E-001  0.578090009499568E-002  0.300881178696030E+001
  0.500401920035171E-001  0.577716866964409E-002  0.300877784491646E+001
  0.479561192813542E-001  0.573816271511520E-002  0.300841484454121E+001
  0.450798623225051E-001  0.568890738709374E-002  0.299206723527581E+001
  0.424792461055473E-001  0.568207717516110E-002  0.300786358202476E+001
  0.416625696777303E-001  0.567093279379479E-002  0.300774937553881E+001
  0.408613821585799E-001  0.567016219402356E-002  0.299225858376793E+001
  0.378900286586949E-001  0.564992540199429E-002  0.300752938500500E+001
  0.372014674248084E-001  0.563119604827958E-002  0.300732768326002E+001
  0.365254611608865E-001  0.561016661294096E-002  0.300709438033269E+001
  0.365254888617929E-001  0.560864981369596E-002  0.299292274456970E+001
  0.365257284390854E-001  0.559553149472274E-002  0.300692738142374E+001
  0.365262435452107E-001  0.556732658190205E-002  0.300659362019976E+001
  0.351479342995136E-001  0.556507510665532E-002  0.299343375363703E+001
  0.338462950514000E-001  0.555703306919177E-002  0.300646752389289E+001
  0.332197316484802E-001  0.554379759200164E-002  0.300630168143868E+001
  0.326047025052460E-001  0.553453065706462E-002  0.299381708164661E+001
  0.320014961093153E-001  0.549800758092868E-002  0.300569076332165E+001
  0.308379376893598E-001  0.548942413145639E-002  0.299443120881453E+001
  0.302773223818740E-001  0.548450501906262E-002  0.299450232983125E+001
  0.302773541114644E-001  0.548240908908852E-002  0.300546708592291E+001
  0.302773918272563E-001  0.547991773741092E-002  0.299456949245281E+001
  0.302774295802430E-001  0.547742393190976E-002  0.299460635528238E+001
  0.302776505075841E-001  0.546283045167206E-002  0.300517266338571E+001
  0.296840864252593E-001  0.545505931026442E-002  0.300505104582009E+001
  0.296842644746239E-001  0.544306306230280E-002  0.300485733097522E+001
  0.296843129764532E-001  0.543979521716728E-002  0.300480320819673E+001
  0.290785636354313E-001  0.543615235028428E-002  0.299525785383188E+001
  0.273682285334416E-001  0.542382844043579E-002  0.300452947289473E+001
  0.263156814294216E-001  0.541797106173537E-002  0.299557518993492E+001
  0.258098635320375E-001  0.539837385818808E-002  0.300405504519635E+001
  0.253135587731003E-001  0.539531063384301E-002  0.300399415518593E+001
  0.248268059690278E-001  0.539157248516679E-002  0.300391856757771E+001
  0.234477470305584E-001  0.537382572828499E-002  0.300353775221856E+001
  0.234477674351544E-001  0.537208529777542E-002  0.300349817407778E+001
  0.234478290740140E-001  0.536682775854169E-002  0.299662420148690E+001
  0.573817305953943E-001  0.583855996797445E-002  0.700932057772406E+001
  0.493765886186864E-001  0.577330005605833E-002  0.700874251583949E+001
  0.482285281444763E-001  0.576366737879516E-002  0.700865392135633E+001
  0.482285491927107E-001  0.576279452487695E-002  0.700864584861160E+001
  0.470807387005203E-001  0.574205140750216E-002  0.700845173351655E+001
  0.470811385505804E-001  0.572506576228137E-002  0.700828939661251E+001
  0.470820276387958E-001  0.568729777926086E-002  0.700791651557922E+001
  0.470820349116402E-001  0.568698883573317E-002  0.700791339294814E+001
  0.470821224988329E-001  0.568326821867191E-002  0.700787568976166E+001
  0.458434483999062E-001  0.566890952970834E-002  0.700772846032452E+001
  0.458434822969300E-001  0.566743071376492E-002  0.700771313739258E+001
  0.458437881604451E-001  0.565408694145106E-002  0.700757347244443E+001
  0.445704544020970E-001  0.564938419436352E-002  0.700752363245597E+001
  0.433325922666607E-001  0.563987435989657E-002  0.700742182402229E+001
  0.399129591105493E-001  0.557167628898852E-002  0.700664618540763E+001
  0.388627740258780E-001  0.556365087801441E-002  0.700654887125516E+001
  0.378410159365659E-001  0.551362568021900E-002  0.700590624102704E+001
  0.378410345126373E-001  0.551264388486220E-002  0.700589292760963E+001
  0.358494257632225E-001  0.551126891189423E-002  0.700587423187637E+001
  0.349063920111945E-001  0.548994381513008E-002  0.700557625184646E+001
  0.307512863018824E-001  0.546281311310552E-002  0.700517239522187E+001
  0.300191501145756E-001  0.546032829295565E-002  0.700513381934891E+001
  0.279727319527086E-001  0.543587052387509E-002  0.700473738937120E+001
  0.279729430457009E-001  0.542077781171386E-002  0.700447526804879E+001
  0.267015302431294E-001  0.541444044228256E-002  0.700436050971786E+001
  0.260946841916320E-001  0.541391094174917E-002  0.700435078440218E+001
  0.255017082236602E-001  0.540724185711103E-002  0.700422637804416E+001
  0.249221624895207E-001  0.540414873060221E-002  0.700416741780132E+001
  0.218708720484078E-001  0.536730258551126E-002  0.700338703231696E+001
  0.209960544024549E-001  0.536566075412616E-002  0.700334802850862E+001
  0.609412311512567E-001  0.590826859465465E-002  0.699009916420805E+001
  0.609430248704569E-001  0.584940228135728E-002  0.699058682098059E+001
  0.609432945558020E-001  0.584055189202899E-002  0.699066234092724E+001
  0.609440212700606E-001  0.581670316737313E-002  0.699086894962154E+001
  0.609442275042288E-001  0.580993519193713E-002  0.699092843977343E+001
  0.609469837913068E-001  0.571948446791437E-002  0.699176464396030E+001
  0.565953935412317E-001  0.565708495257754E-002  0.699239492494141E+001
  0.565979410439951E-001  0.556706188635166E-002  0.699340959211804E+001
  0.565986559219770E-001  0.554180042086429E-002  0.699372372390883E+001
  0.518828635721239E-001  0.551241438241379E-002  0.699411018884678E+001
  0.518834257262928E-001  0.549074437098015E-002  0.699441227473911E+001
  0.471671024352641E-001  0.547582819883743E-002  0.699463007578747E+001
  0.471674492464211E-001  0.546112261532433E-002  0.699485381765906E+001
  0.424512793604341E-001  0.543403073217740E-002  0.699529378162611E+001
  0.424515909263401E-001  0.541935203380668E-002  0.699555029218449E+001
  0.424520225997726E-001  0.539901492849048E-002  0.699593232710351E+001
  0.424522490826210E-001  0.538834489533369E-002  0.699614788921658E+001
  0.424522808415232E-001  0.538684867824123E-002  0.699617908875359E+001
  0.424523048645217E-001  0.538571691376936E-002  0.699620285891262E+001
  0.424523727430089E-001  0.538251904579976E-002  0.699627084170860E+001
  0.424524453392516E-001  0.537909892221804E-002  0.699634494845600E+001
  0.424527571212531E-001  0.536441044648701E-002  0.699668198166487E+001
  0.201727485998795E-001  0.535883174011465E-002  0.700318066858580E+001
  0.193968929202595E-001  0.535684518084064E-002  0.700313030400582E+001
  0.190238783735772E-001  0.535656922645858E-002  0.699687675641876E+001
  0.186580521439622E-001  0.535468422049424E-002  0.700307458119318E+001
  0.182992558577369E-001  0.535332800631559E-002  0.700303908789687E+001
  0.182992695608315E-001  0.535183034001249E-002  0.699700059528634E+001
  0.182992739182875E-001  0.535135409635290E-002  0.699701332464924E+001
  0.175816768686048E-001  0.534890434578933E-002  0.700292032011270E+001
  0.172369585929029E-001  0.534652730930827E-002  0.699714553967909E+001
  0.165740297066860E-001  0.534277931396073E-002  0.700274741050229E+001
  0.153687208892723E-001  0.533299822173384E-002  0.699755392360877E+001
  0.153687336928541E-001  0.533133203538651E-002  0.699760903787227E+001
  0.150841316071794E-001  0.533078923673856E-002  0.699762726906023E+001
  0.142760745453601E-001  0.532778881071809E-002  0.699773068645858E+001
  0.140211551814735E-001  0.532628555182172E-002  0.700221568556565E+001
  0.135292049069172E-001  0.532331675900148E-002  0.699789423275869E+001
  0.132918664517769E-001  0.532090672566319E-002  0.699798787417379E+001
  0.126160261118700E-001  0.531816793981246E-002  0.700190011699754E+001
  0.124021957415407E-001  0.531807429198290E-002  0.699810382992545E+001
  0.121919905913617E-001  0.531781882839474E-002  0.700188536117960E+001
  0.121919909535514E-001  0.531775941401506E-002  0.699811716159037E+001
  0.113925333954834E-001  0.531472961006260E-002  0.699825062529903E+001
  0.112057731637202E-001  0.531426363846934E-002  0.699827206586078E+001
  0.110220723636269E-001  0.531419118168483E-002  0.700172457626795E+001
  0.108413842548565E-001  0.531389562737839E-002  0.700171081109854E+001
  0.103251320979071E-001  0.531307507811137E-002  0.699832799918295E+001
  0.103251349345479E-001  0.531252561483462E-002  0.700164550071647E+001
  0.101586039318080E-001  0.531184999268294E-002  0.700161231915688E+001
  0.999476291602840E-002  0.531036226631640E-002  0.700153672926861E+001
  0.983355727949268E-002  0.531031814217989E-002  0.699846556949223E+001
  0.967495312113779E-002  0.530998651934282E-002  0.700151704229644E+001
  0.936781594446049E-002  0.530909148709791E-002  0.700146908548766E+001
  0.936781717208521E-002  0.530882939300246E-002  0.699854525702794E+001
  0.907042771992478E-002  0.530848339482308E-002  0.700143558956741E+001
  0.907042853505625E-002  0.530830366097906E-002  0.700142553849160E+001
  0.907042886738602E-002  0.530823038334542E-002  0.700142142026496E+001
  0.892173361165689E-002  0.530816324976996E-002  0.699858236316443E+001
  0.877547725859031E-002  0.530780429641342E-002  0.699860276642593E+001
  0.877547811510978E-002  0.530760908892638E-002  0.699861398828916E+001
  0.862922490090067E-002  0.530650716438013E-002  0.699867912130187E+001
  0.834630254764143E-002  0.530577550429261E-002  0.699872420420083E+001
  0.820948012655810E-002  0.530523689637122E-002  0.699875843741449E+001
  0.781855475367396E-002  0.530466078213007E-002  0.699879613149589E+001
  0.769445115505355E-002  0.530454509130231E-002  0.699880384413944E+001
  0.769445207402539E-002  0.530430622519806E-002  0.699881992785557E+001
  0.757034853044789E-002  0.530416828369817E-002  0.699882931659871E+001
  0.757034924928993E-002  0.530397837381262E-002  0.699884236705111E+001
  0.757035027505323E-002  0.530370737885811E-002  0.700113875144421E+001
  0.744417805440027E-002  0.530363109608977E-002  0.699886662027162E+001
  0.720010743398541E-002  0.530341132024267E-002  0.700111775913022E+001
  0.238196111671233E-001  0.536277919585813E-002  0.300327845170342E+001
  0.238196310664142E-001  0.536110836400224E-002  0.300323742374038E+001
  0.231391468420919E-001  0.535448206813942E-002  0.300306931672147E+001
  0.231391592358659E-001  0.535341082978888E-002  0.300304126733461E+001
  0.224586337072078E-001  0.535002876196885E-002  0.300295096190240E+001
  0.224586428086080E-001  0.534921825867161E-002  0.300292890689879E+001
  0.224587005211661E-001  0.534407881329828E-002  0.300278499270413E+001
  0.224587338313353E-001  0.534111246673407E-002  0.300269843823569E+001
  0.217342594394067E-001  0.534103029663239E-002  0.300269600105629E+001
  0.210332211024745E-001  0.533467783351802E-002  0.300250040548656E+001
  0.210332333707830E-001  0.533351126898145E-002  0.300246279866643E+001
  0.190614169931729E-001  0.532834366108872E-002  0.300228879007525E+001
  0.190614500365581E-001  0.532487662015174E-002  0.300216421659236E+001
  0.184466099786689E-001  0.531995135560645E-002  0.300197377585643E+001
  0.178515747534509E-001  0.531807929828273E-002  0.300189638128013E+001
  0.178515936659742E-001  0.531596043611890E-002  0.300180478364726E+001
  0.172565511713063E-001  0.531472872597258E-002  0.300174933427051E+001
  0.166813403035340E-001  0.531382896538662E-002  0.300170769104238E+001
  0.166813452417754E-001  0.531323689777005E-002  0.300167972553638E+001
  0.145962102477752E-001  0.530869308005694E-002  0.300144722736413E+001
  0.129280794428863E-001  0.530753140020081E-002  0.300138152027364E+001
  0.122098626884996E-001  0.530591281799514E-002  0.300128437732524E+001
  0.115498716482055E-001  0.530564658772909E-002  0.300126768618790E+001
  0.112377152236676E-001  0.530524283000976E-002  0.300124194486026E+001
  0.109339950473514E-001  0.530490320006552E-002  0.300121987140505E+001
  0.106384817934897E-001  0.530487955074081E-002  0.300121831947899E+001
  0.199021509045976E-001  0.535767242659214E-002  0.299684862530169E+001
  0.159218605361465E-001  0.534011002149540E-002  0.299733144652037E+001
  0.151257679657663E-001  0.534004967055260E-002  0.299733325638226E+001
  0.151257792784064E-001  0.533855386077089E-002  0.299737851340692E+001
  0.151258544597956E-001  0.532861305693342E-002  0.299770181303117E+001
  0.151258574227861E-001  0.532822127870289E-002  0.299771549155685E+001
  0.151258734946001E-001  0.532609620176416E-002  0.299779116172692E+001
  0.141805300068735E-001  0.532276688959371E-002  0.299791522745381E+001
  0.141805613551910E-001  0.531834557630252E-002  0.299809241869301E+001
  0.141805613778484E-001  0.531834238075101E-002  0.299809255271252E+001
  0.122898245941375E-001  0.531757209531193E-002  0.299812513747590E+001
  0.122898344051623E-001  0.531597548653353E-002  0.299819454934166E+001
  0.122898446228575E-001  0.531431269912588E-002  0.299826979593847E+001
  0.122898670641424E-001  0.531066069779419E-002  0.299844781254951E+001
  0.122898691577229E-001  0.531031999756169E-002  0.299846547276198E+001
  0.122898740493768E-001  0.530952395118778E-002  0.299850755019367E+001
  0.122898797464092E-001  0.530859684142350E-002  0.299855810233994E+001
  0.109243472688255E-001  0.530681797705864E-002  0.299866042896279E+001
  0.109243495806217E-001  0.530639473969828E-002  0.299868594802764E+001
  0.109243512706358E-001  0.530608533656596E-002  0.299870492159121E+001
  0.109243557197424E-001  0.530527080661238E-002  0.299875625432971E+001
  0.109243572385980E-001  0.530499273885290E-002  0.299877427064536E+001
  0.109243605068382E-001  0.530439439890304E-002  0.299881396540572E+001
  0.109243653362976E-001  0.530351023577895E-002  0.299887518358874E+001
  0.708207392949757E-002  0.530311660138340E-002  0.700109646270145E+001
  0.708207502634276E-002  0.530280684886800E-002  0.700107362472645E+001
  0.109243697590598E-001  0.530270052992517E-002  0.299893432696271E+001
  0.696404137015663E-002  0.530254045576718E-002  0.700105358775483E+001
  0.684797446534291E-002  0.530240863413461E-002  0.700104353040010E+001
  0.673384255185244E-002  0.530211333013691E-002  0.700102064051274E+001
  0.673384265848068E-002  0.530208166078044E-002  0.700101815517444E+001
  0.661971100543025E-002  0.530169694168338E-002  0.699901253612537E+001
  0.650751316424919E-002  0.530149703845685E-002  0.699902886644200E+001
  0.650751414512052E-002  0.530119558036280E-002  0.699905402585004E+001
  0.639531702331346E-002  0.530075840530443E-002  0.699909174943817E+001
  0.639531715136932E-002  0.530071835854290E-002  0.699909528369019E+001
  0.639531810542625E-002  0.530041999746674E-002  0.699912206274198E+001
  0.639531815317893E-002  0.530040506383042E-002  0.699912342459125E+001
  0.639531842608852E-002  0.530031971714974E-002  0.700086875139041E+001
  0.639532004313336E-002  0.529981402078333E-002  0.700082086391060E+001
  0.639532013135074E-002  0.529978643267841E-002  0.700081817080303E+001
  0.639532013428989E-002  0.529978551352349E-002  0.700081808092393E+001
  0.626992194814994E-002  0.529970644850868E-002  0.699918968771715E+001
  0.614698238061885E-002  0.529968090391763E-002  0.699919221360424E+001
  0.614698277715659E-002  0.529955188525305E-002  0.699920509379496E+001
  0.614698279543152E-002  0.529954593927054E-002  0.700079430757121E+001
  0.614698280376845E-002  0.529954322674543E-002  0.700079403432774E+001
  0.601892150357078E-002  0.529926359273496E-002  0.699923465754596E+001
  0.577325153349856E-002  0.529916126576640E-002  0.700075457057787E+001
  0.565543019678853E-002  0.529911771212741E-002  0.700074993878068E+001
  0.522039879150706E-002  0.529847148584015E-002  0.699932249577951E+001
  0.502340267437921E-002  0.529844613101952E-002  0.700067450366752E+001
  0.492862181923822E-002  0.529831327664574E-002  0.700065855789243E+001
  0.483562917463584E-002  0.529822232196365E-002  0.700064741466506E+001
  0.483562946938673E-002  0.529810041398860E-002  0.700063217123672E+001
  0.483562947093923E-002  0.529809977188193E-002  0.700063208997419E+001
  0.474081332648827E-002  0.529804928049634E-002  0.699937433306486E+001
  0.474081337668660E-002  0.529802810340493E-002  0.700062295327204E+001
  0.446730505575595E-002  0.529796403391828E-002  0.699938532963200E+001
  0.438139548928691E-002  0.529789732382813E-002  0.700060592577669E+001
  0.438139578769323E-002  0.529776110863604E-002  0.699941233375448E+001
  0.429548619953128E-002  0.529769910617084E-002  0.700057916424413E+001
  0.429548624649624E-002  0.529767723904806E-002  0.700057613581911E+001
  0.429548666136834E-002  0.529748407252039E-002  0.700054865821566E+001
  0.429548686396088E-002  0.529738974442839E-002  0.699946527264619E+001
  0.403775771213975E-002  0.529736001677608E-002  0.700053026117956E+001
  0.395700266345849E-002  0.529730666248300E-002  0.700052214962572E+001
  0.387786273159629E-002  0.529724404707869E-002  0.699948753364307E+001
  0.380030560278287E-002  0.529717783213629E-002  0.700050202328249E+001
  0.380030564379294E-002  0.529715624962428E-002  0.699950142786456E+001
  0.364829344400051E-002  0.529714201870373E-002  0.699950371658604E+001
  0.357532761855194E-002  0.529711772361996E-002  0.699950764848576E+001
  0.357532763553248E-002  0.529710822488787E-002  0.700049080568094E+001
  0.343231460439123E-002  0.529706494211074E-002  0.699951630074212E+001
  0.329771426281834E-002  0.529692475510266E-002  0.700045992939760E+001
  0.323305323675375E-002  0.529690130220429E-002  0.700045583175304E+001
  0.316966003713988E-002  0.529690060383452E-002  0.700045570917029E+001
  0.310750995870313E-002  0.529682442070759E-002  0.700044213295241E+001
  0.304657839690631E-002  0.529682046815169E-002  0.699955858280662E+001
  0.292940233438930E-002  0.529680021030431E-002  0.699956226962290E+001
  0.287306783304103E-002  0.529668957703279E-002  0.699958297894582E+001
  0.832578593044598E-002  0.530065884598764E-002  0.299910056151272E+001
  0.814479090438157E-002  0.530058020685559E-002  0.300089241656823E+001
  0.796773076559187E-002  0.530044640597386E-002  0.299911965961687E+001
  0.731730488291122E-002  0.530014066710885E-002  0.299914789614965E+001
  0.716797213443449E-002  0.530013948526235E-002  0.300085199288513E+001
  0.625568731398902E-002  0.529932674660767E-002  0.299922808440126E+001
  0.614194760572198E-002  0.529930685773295E-002  0.299923014840934E+001
  0.603027590408578E-002  0.529928264215767E-002  0.299923266892439E+001
  0.603027593485775E-002  0.529927243633304E-002  0.299923373369664E+001
  0.591860419736178E-002  0.529925923204923E-002  0.300076488650284E+001
  0.591860494422871E-002  0.529900685264986E-002  0.299926198193901E+001
  0.580693316082765E-002  0.529900409749869E-002  0.299926228065355E+001
  0.569736852445862E-002  0.529895486411798E-002  0.300073236090371E+001
  0.569736857541565E-002  0.529893697620104E-002  0.299926959571022E+001
  0.558780438108325E-002  0.529872724656408E-002  0.300070705988761E+001
  0.558780449825674E-002  0.529868530755620E-002  0.300070229868527E+001
  0.547823994040694E-002  0.529859906318807E-002  0.300069240475480E+001
  0.547824026602444E-002  0.529848018650727E-002  0.299932146917862E+001
  0.536867551656286E-002  0.529845937731271E-002  0.299932392707170E+001
  0.526130216142596E-002  0.529840038265446E-002  0.299933094435275E+001
  0.515607643230339E-002  0.529827854351332E-002  0.299934567500696E+001
  0.505295514791162E-002  0.529818186570904E-002  0.299935760390116E+001
  0.476143891479880E-002  0.529800963376408E-002  0.299937942314205E+001
  0.466987282198001E-002  0.529799243496418E-002  0.300061835574602E+001
  0.466987283981503E-002  0.529798479663226E-002  0.299938263325685E+001
  0.457830687686724E-002  0.529791002390937E-002  0.299939239975324E+001
  0.448853656739804E-002  0.529772572925276E-002  0.300058283009087E+001
  0.423446889912533E-002  0.529751823410425E-002  0.299944638308280E+001
  0.407763693019253E-002  0.529741399907653E-002  0.299946165616322E+001
  0.400212518734214E-002  0.529738793633904E-002  0.299946554322103E+001
  0.400212520612180E-002  0.529737855149561E-002  0.300053305016057E+001
  0.392661342841191E-002  0.529736906136818E-002  0.299946837602268E+001
  0.385252645535176E-002  0.529733128929788E-002  0.299947409076637E+001
  0.377983735965432E-002  0.529728752792648E-002  0.299948079030958E+001
  0.370851993620000E-002  0.529714592054458E-002  0.299950308801437E+001
  0.370851994180150E-002  0.529714289966220E-002  0.299950357459740E+001
  0.356857581500559E-002  0.529713059709791E-002  0.299950556115642E+001
  0.350124424551489E-002  0.529710222983909E-002  0.299951017247057E+001
  0.343518313687896E-002  0.529704194565832E-002  0.300047988075571E+001
  0.337036837020363E-002  0.529703631292100E-002  0.299952105918763E+001
  0.330677660933591E-002  0.529697874999598E-002  0.300046922727299E+001
  0.330677664816294E-002  0.529695526668947E-002  0.299953479369665E+001
  0.330677670628840E-002  0.529692011132845E-002  0.300045912095017E+001
  0.324193813415686E-002  0.529680486218745E-002  0.299956142026459E+001
  0.281781659027680E-002  0.529664577195757E-002  0.699959146879241E+001
  0.271148405808675E-002  0.529652087368927E-002  0.700038329365325E+001
  0.271148410885654E-002  0.529648342571578E-002  0.699962460374417E+001
  0.265934020724273E-002  0.529646570966432E-002  0.699962839835757E+001
  0.265934020851330E-002  0.529646475411416E-002  0.699962860412949E+001
  0.255705801022578E-002  0.529637291065029E-002  0.699964894453660E+001
  0.250788382976252E-002  0.529636330806837E-002  0.699965113967657E+001
  0.250788384565405E-002  0.529635063480846E-002  0.699965405809197E+001
  0.241142682585871E-002  0.529630817749687E-002  0.699966401989070E+001
  0.236505325091125E-002  0.529629307633759E-002  0.700033236493253E+001
  0.227580598964099E-002  0.529626564258153E-002  0.699967430528494E+001
  0.227580599122531E-002  0.529626425026038E-002  0.699967464745885E+001
  0.227580599625989E-002  0.529625982582454E-002  0.700032426280433E+001
  0.223118235270157E-002  0.529625675376343E-002  0.699967649600230E+001
  0.304572365039184E-002  0.529655485706044E-002  0.300039032212851E+001
  0.297804092848337E-002  0.529653747784069E-002  0.300038674369919E+001
  0.297804094860399E-002  0.529652396518335E-002  0.300038393835920E+001
  0.266782850448256E-002  0.529640799709443E-002  0.300035896207250E+001
  0.255893762402218E-002  0.529634632597973E-002  0.300034494404058E+001
  0.278215122744079E-002  0.529668711070539E-002  0.299958345234697E+001
  0.278215125637430E-002  0.529666631133093E-002  0.299958746630767E+001
  0.278215134684576E-002  0.529660127427918E-002  0.299960027744746E+001
  0.278215146069749E-002  0.529651942989175E-002  0.299961700781069E+001
  0.278215160473924E-002  0.529641588287045E-002  0.299963928474720E+001
  0.278215169867424E-002  0.529634835600225E-002  0.299965458547403E+001
  0.278215178040236E-002  0.529628960426812E-002  0.299966847184546E+001
  0.278215183673883E-002  0.529624910577986E-002  0.299967839284969E+001
  0.223118237885865E-002  0.529623330693275E-002  0.700031765286654E+001
  0.214368507753311E-002  0.529618958315987E-002  0.700030644337150E+001
  0.210165203703959E-002  0.529618935246404E-002  0.699969361685973E+001
  0.210165205512676E-002  0.529617214012276E-002  0.699969814464723E+001
  0.210165205748928E-002  0.529616989187652E-002  0.700030125891622E+001
  0.205876121655002E-002  0.529615301100111E-002  0.699970325769674E+001
  0.201674571688271E-002  0.529611794032076E-002  0.700028713182630E+001
  0.197558768457768E-002  0.529607385244979E-002  0.699972542646463E+001
  0.189656427098721E-002  0.529597494450775E-002  0.699975593985251E+001
  0.185863298684495E-002  0.529597356985943E-002  0.699975639086249E+001
  0.182146033168533E-002  0.529596854391589E-002  0.699975804698613E+001
  0.178503112675500E-002  0.529596663540170E-002  0.700024132115248E+001
  0.171502993384818E-002  0.529593427416449E-002  0.700023034344072E+001
  0.171502994434469E-002  0.529592203355537E-002  0.700022605221349E+001
  0.171502996622792E-002  0.529589651420227E-002  0.699978316709952E+001
  0.171502998201463E-002  0.529587810436239E-002  0.699979006922010E+001
  0.171502999699694E-002  0.529586063258915E-002  0.700020316360059E+001
  0.171503000865702E-002  0.529584703505787E-002  0.700019773680388E+001
  0.171503000946792E-002  0.529584608941741E-002  0.699980264615249E+001
  0.171503005242951E-002  0.529579598931760E-002  0.700017587644856E+001
  0.171503005405029E-002  0.529579409922559E-002  0.700017501460071E+001
  0.171503005712759E-002  0.529579051060732E-002  0.699982663353397E+001
  0.171503006010407E-002  0.529578703954658E-002  0.699982824272416E+001
  0.171503006817138E-002  0.529577763177877E-002  0.699983268198266E+001
  0.171503008437656E-002  0.529575873392794E-002  0.699984197575242E+001
  0.171503008949537E-002  0.529575276458422E-002  0.700015497279706E+001
  0.171503010195905E-002  0.529573822992609E-002  0.700014727872406E+001
  0.171503011268865E-002  0.529572571749601E-002  0.700014031761732E+001
  0.171503011462430E-002  0.529572346021559E-002  0.699986097529407E+001
  0.171503011724101E-002  0.529572040870747E-002  0.699986274247708E+001
  0.171503012503445E-002  0.529571132030948E-002  0.700013185402490E+001
  0.171503012669375E-002  0.529570938529972E-002  0.700013067471956E+001
  0.171503012785673E-002  0.529570802907271E-002  0.699987015822707E+001
  0.171503012884030E-002  0.529570688207717E-002  0.700012913313561E+001
  0.171503012964033E-002  0.529570594911753E-002  0.700012855385324E+001
  0.171503013507357E-002  0.529569961308842E-002  0.699987545150129E+001
  0.171503013676359E-002  0.529569764225073E-002  0.699987672390959E+001
  0.171503014621269E-002  0.529568662309741E-002  0.699988409516836E+001
  0.171503014838369E-002  0.529568409135534E-002  0.700011414399337E+001
  0.171503014893468E-002  0.529568344881575E-002  0.699988630723469E+001
  0.171503015538781E-002  0.529567592342786E-002  0.699989173189386E+001
  0.171503016427673E-002  0.529566555752579E-002  0.699989968330902E+001
  0.171503016558355E-002  0.529566403356597E-002  0.699990090608044E+001
  0.171503017216152E-002  0.529565636260223E-002  0.699990730560580E+001
  0.171503017222444E-002  0.529565628921917E-002  0.700009263103919E+001
  0.171503017800120E-002  0.529564955258984E-002  0.699991338216836E+001
  0.171503018023648E-002  0.529564694590009E-002  0.699991582412220E+001
  0.171503018698761E-002  0.529563907299419E-002  0.699992367232869E+001
  0.171503019086377E-002  0.529563455277087E-002  0.699992856697078E+001
  0.171503019375707E-002  0.529563117871886E-002  0.700006754871847E+001
  0.171503019385588E-002  0.529563106349588E-002  0.699993258788162E+001
  0.171503019728810E-002  0.529562706097541E-002  0.700006248192081E+001
  0.171503019761167E-002  0.529562668363887E-002  0.700006199690811E+001
  0.171503020060572E-002  0.529562319210061E-002  0.700005731466200E+001
  0.171503020518996E-002  0.529561784613547E-002  0.699995070886486E+001
  0.171503020823906E-002  0.529561429039534E-002  0.700004313580453E+001
  0.171503021317089E-002  0.529560853909333E-002  0.700003066739793E+001
  0.171503021401278E-002  0.529560755731069E-002  0.699997201064281E+001
  0.171503021448645E-002  0.529560700493584E-002  0.699997363669044E+001
  0.171503021688363E-002  0.529560420944353E-002  0.699998426007103E+001
  0.171503021738794E-002  0.529560362133292E-002  0.700001239546858E+001
  0.171503021752395E-002  0.529560346273139E-002  0.699998867430271E+001
  0.231752856980211E-002  0.529621205074379E-002  0.300031225366828E+001
  0.227380163124291E-002  0.529619833977641E-002  0.300030872090731E+001
  0.227380163866717E-002  0.529619180951503E-002  0.300030702403293E+001
  0.223007468537671E-002  0.529619064427152E-002  0.300030672025984E+001
  0.218718865260164E-002  0.529617339217837E-002  0.300030218699983E+001
  0.206567828957394E-002  0.529605946118414E-002  0.300027034796800E+001
  0.202742501778806E-002  0.529602999237468E-002  0.300026148234029E+001
  0.198988013975794E-002  0.529600013460714E-002  0.299974781797944E+001
  0.198988015994152E-002  0.529597984837809E-002  0.300024566231876E+001
  0.195233526274220E-002  0.529596808930304E-002  0.299975819734727E+001
  0.195233527043262E-002  0.529596021112970E-002  0.300023918197069E+001
  0.191479037088188E-002  0.529595029251170E-002  0.299976415887503E+001
  0.191479039324527E-002  0.529592693393135E-002  0.300022777985729E+001
  0.191479039357111E-002  0.529592659359219E-002  0.299977233970674E+001
  0.191479040372738E-002  0.529591598535576E-002  0.299977609847859E+001
  0.191479043844571E-002  0.529587972204143E-002  0.300021054633932E+001
  0.191479045820612E-002  0.529585908228254E-002  0.300020255221447E+001
  0.191479046072673E-002  0.529585644949210E-002  0.299979849031516E+001
  0.191479046864148E-002  0.529584818252748E-002  0.299980179949852E+001
  0.191479049004991E-002  0.529582582141558E-002  0.299981104058421E+001
  0.191479049085457E-002  0.529582498094489E-002  0.300018860324894E+001
  0.191479049545448E-002  0.529582017634068E-002  0.299981344585531E+001
  0.191479050160197E-002  0.529581375527974E-002  0.300018377997474E+001
  0.191479054433131E-002  0.529576912445641E-002  0.299983680028371E+001
  0.191479054623937E-002  0.529576713148356E-002  0.299983778017475E+001
  0.191479055593274E-002  0.529575700675325E-002  0.300015714743034E+001
  0.191479055864030E-002  0.529575417869770E-002  0.300015570107894E+001
  0.191479055966983E-002  0.529575310335333E-002  0.300015514757774E+001
  0.191479056773724E-002  0.529574467693202E-002  0.299984926001365E+001
  0.191479057136984E-002  0.529574088267790E-002  0.300014871268552E+001
  0.191479058968640E-002  0.529572175102569E-002  0.300013803767047E+001
  0.191479059668143E-002  0.529571444470172E-002  0.299986626374237E+001
  0.191479060654118E-002  0.529570414619523E-002  0.300012742694220E+001
  0.191479060719165E-002  0.529570346678333E-002  0.299987300031620E+001
  0.191479062840895E-002  0.529568130529433E-002  0.300011217433508E+001
  0.191479063207034E-002  0.529567748097236E-002  0.300010941293306E+001
  0.191479064026161E-002  0.529566892519028E-002  0.299989703270028E+001
  0.191479064235139E-002  0.529566674240860E-002  0.300010125719593E+001
  0.191479064314478E-002  0.529566591370949E-002  0.300010060033724E+001
  0.191479064448807E-002  0.529566451064692E-002  0.300009947832876E+001
  0.191479064508913E-002  0.529566388283943E-002  0.299990102783899E+001
  0.191479064518977E-002  0.529566377772222E-002  0.300009888715743E+001
  0.191479064625928E-002  0.529566266060988E-002  0.300009797924260E+001
  0.191479064691373E-002  0.529566197704388E-002  0.300009741951247E+001
  0.191479064818731E-002  0.529566064679020E-002  0.300009632092613E+001
  0.191479064943591E-002  0.529565934261801E-002  0.300009523157682E+001
  0.191479065393509E-002  0.529565464322625E-002  0.299990880158681E+001
  0.191479067253039E-002  0.529563522042280E-002  0.300007217687998E+001
  0.191479067843269E-002  0.529562905547182E-002  0.299993501454087E+001
  0.191479068042168E-002  0.529562697796635E-002  0.300006237554777E+001
  0.191479068196466E-002  0.529562536632266E-002  0.299993972690506E+001
  0.191479068675332E-002  0.529562036456109E-002  0.299994677816107E+001
  0.191479068745823E-002  0.529561962828266E-002  0.300005210335503E+001
  0.191479069000352E-002  0.529561696972807E-002  0.300004784757920E+001
  0.191479069629082E-002  0.529561040263815E-002  0.300003519455172E+001
  0.191479070208666E-002  0.529560434887833E-002  0.299998356665256E+001
  0.191479070258266E-002  0.529560383080370E-002  0.299998631924840E+001
  0.191479070264916E-002  0.529560376135035E-002  0.300001326840020E+001
  0.191479070284982E-002  0.529560355175399E-002  0.300001193796391E+001
  0.191479070322890E-002  0.529560315580777E-002  0.300000889739303E+001
  0.191479070332750E-002  0.529560305281782E-002  0.300000791739947E+001
  0.191479070367014E-002  0.529560269493187E-002  0.299999767116868E+001
