  0.100000000000000E+001  0.172473626597399E+003  0.221027862973270E+000
  0.100000000000000E+001  0.172449197998039E+003  0.223601285899353E+000
  0.100000000000000E+001  0.172124826482993E+003  0.258253822810626E+000
  0.100000000000000E+001  0.168368720608628E+003  0.236007936738827E+001
  0.100000000000000E+001  0.168382332591790E+003  0.236247913191642E+001
  0.100000000000000E+001  0.168544704689036E+003  0.239056972415267E+001
  0.100000000000000E+001  0.171782435596079E+003  0.295860458453495E+000
  0.100000000000000E+001  0.168570389547194E+003  0.239492654235417E+001
  0.100000000000000E+001  0.168648112513855E+003  0.240797383068965E+001
  0.100000000000000E+001  0.171304916042668E+003  0.350257633482270E+000
  0.100000000000000E+001  0.168695949035056E+003  0.241590509350697E+001
  0.100000000000000E+001  0.168829823659992E+003  0.243772002252590E+001
  0.100000000000000E+001  0.170459041520716E+003  0.453152002146676E+000
  0.100000000000000E+001  0.168876253545645E+003  0.244516006381114E+001
  0.100000000000000E+001  0.170394362572936E+003  0.461415824420194E+000
  0.100000000000000E+001  0.168888702866495E+003  0.244714435142834E+001
  0.100000000000000E+001  0.170286914819146E+003  0.475283080643122E+000
  0.100000000000000E+001  0.170229244866772E+003  0.482799525961820E+000
  0.100000000000000E+001  0.169972171943791E+003  0.516963169534651E+000
  0.100000000000000E+001  0.169910214272719E+003  0.525365509778151E+000
  0.100000000000000E+001  0.169761585041594E+003  0.545805150258716E+000
  0.100000000000000E+001  0.169717888060388E+003  0.551893133809133E+000
  0.100000000000000E+001  0.169379356571520E+003  0.252209147936144E+001
  0.100000000000000E+001  0.169690118676472E+003  0.555781197334678E+000
  0.100000000000000E+001  0.169404708252559E+003  0.252580573281035E+001
  0.100000000000000E+001  0.169641494375059E+003  0.562625671819400E+000
  0.100000000000000E+001  0.169516780104520E+003  0.580399084655101E+000
  0.100000000000000E+001  0.169605545033504E+003  0.255473955427474E+001
  0.100000000000000E+001  0.169467381186109E+003  0.587528774071511E+000
  0.100000000000000E+001  0.169341950755128E+003  0.605871046452227E+000
  0.100000000000000E+001  0.169812778964338E+003  0.258373707916672E+001
  0.100000000000000E+001  0.169911330609878E+003  0.259724234401845E+001
  0.100000000000000E+001  0.169008104650108E+003  0.656501160499745E+000
  0.100000000000000E+001  0.168967608228650E+003  0.662836758032031E+000
  0.100000000000000E+001  0.168958913761538E+003  0.664202827798165E+000
  0.100000000000000E+001  0.170174404904767E+003  0.263245981642047E+001
  0.100000000000000E+001  0.168921362117334E+003  0.670126975715753E+000
  0.100000000000000E+001  0.170429016651747E+003  0.266547536704650E+001
  0.100000000000000E+001  0.168876252445008E+003  0.677295971587555E+000
  0.100000000000000E+001  0.168748404204280E+003  0.697937489735917E+000
  0.100000000000000E+001  0.168703143779487E+003  0.705364241003752E+000
  0.100000000000000E+001  0.168698872511675E+003  0.706068440935040E+000
  0.100000000000000E+001  0.168633961382615E+003  0.716842555719098E+000
  0.100000000000000E+001  0.168592157915006E+003  0.723854584468138E+000
  0.100000000000000E+001  0.168580375264922E+003  0.725841614823123E+000
  0.100000000000000E+001  0.168560295914452E+003  0.729238738126502E+000
  0.100000000000000E+001  0.168525896346838E+003  0.735091091135071E+000
  0.100000000000000E+001  0.168522992795167E+003  0.735586967035124E+000
  0.100000000000000E+001  0.168442170171514E+003  0.749511625782552E+000
  0.100000000000000E+001  0.170663025596637E+003  0.269497177531919E+001
  0.100000000000000E+001  0.170663048367805E+003  0.269497460824301E+001
  0.100000000000000E+001  0.170856115604685E+003  0.271874457886839E+001
  0.100000000000000E+001  0.168387044268136E+003  0.759147741804688E+000
  0.100000000000000E+001  0.170918726455276E+003  0.272634894829208E+001
  0.100000000000000E+001  0.168332139783682E+003  0.768861626334873E+000
  0.100000000000000E+001  0.171216195988649E+003  0.276182011443808E+001
  0.100000000000000E+001  0.173642323185373E+003  0.301924694210239E+001
  0.100000000000000E+001  0.173218593240554E+003  0.297766268991994E+001
  0.100000000000000E+001  0.171946974568917E+003  0.284480512859328E+001
  0.100000000000000E+001  0.172054126665295E+003  0.285652614781001E+001
  0.100000000000000E+001  0.168328812521902E+003  0.769454126464706E+000
  0.100000000000000E+001  0.168317788217525E+003  0.771420448953814E+000
  0.100000000000000E+001  0.168296916370860E+003  0.775156675038407E+000
  0.100000000000000E+001  0.168275930673068E+003  0.778931271546741E+000
  0.100000000000000E+001  0.168273114746407E+003  0.779439145492342E+000
  0.100000000000000E+001  0.168229770510806E+003  0.787298656446181E+000
  0.100000000000000E+001  0.168225209190622E+003  0.788130396828387E+000
  0.100000000000000E+001  0.168211384001948E+003  0.790656854709018E+000
  0.100000000000000E+001  0.168210431483952E+003  0.790831225886221E+000
  0.100000000000000E+001  0.168159678104370E+003  0.800180088098969E+000
  0.100000000000000E+001  0.168014720168331E+003  0.827537301142675E+000
  0.100000000000000E+001  0.167983722571711E+003  0.833520792266946E+000
  0.100000000000000E+001  0.167974690918352E+003  0.835273457643991E+000
  0.100000000000000E+001  0.167953240628409E+003  0.839453116877670E+000
  0.100000000000000E+001  0.167895133907602E+003  0.850898937526532E+000
  0.100000000000000E+001  0.167861196475750E+003  0.857670039862231E+000
  0.100000000000000E+001  0.167854196188401E+003  0.859074841156237E+000
  0.100000000000000E+001  0.167847894923135E+003  0.860341772297194E+000
  0.100000000000000E+001  0.167812278100568E+003  0.867546384972187E+000
  0.100000000000000E+001  0.167745052205991E+003  0.881352933271629E+000
  0.100000000000000E+001  0.167719743186699E+003  0.886623995347909E+000
  0.100000000000000E+001  0.167638017988422E+003  0.903933311237985E+000
  0.100000000000000E+001  0.167575311732339E+003  0.917529935908243E+000
  0.100000000000000E+001  0.167573958839669E+003  0.917826450656332E+000
  0.100000000000000E+001  0.167548765330202E+003  0.923373318185359E+000
  0.100000000000000E+001  0.167542800389338E+003  0.924693699135784E+000
  0.100000000000000E+001  0.167505415148453E+003  0.933032382962892E+000
  0.100000000000000E+001  0.167500287194671E+003  0.934184808466502E+000
  0.100000000000000E+001  0.167498484805812E+003  0.934590369880423E+000
  0.100000000000000E+001  0.167498165520215E+003  0.934662240747356E+000
  0.100000000000000E+001  0.167458459886890E+003  0.943665131103073E+000
  0.100000000000000E+001  0.167400199931375E+003  0.957117856785964E+000
  0.100000000000000E+001  0.167338252741510E+003  0.971758676408870E+000
  0.100000000000000E+001  0.167337365869022E+003  0.971970924255091E+000
  0.100000000000000E+001  0.167336334895150E+003  0.972217754825128E+000
  0.100000000000000E+001  0.167331619280982E+003  0.973348064498121E+000
  0.100000000000000E+001  0.167325409842889E+003  0.974839759829258E+000
  0.100000000000000E+001  0.167322780920396E+003  0.975472451346285E+000
  0.100000000000000E+001  0.167317512369788E+003  0.976742472451367E+000
  0.100000000000000E+001  0.167283003899308E+003  0.985130203663861E+000
  0.100000000000000E+001  0.167272023690333E+003  0.987824816541026E+000
  0.100000000000000E+001  0.167257171546060E+003  0.991489904257087E+000
  0.100000000000000E+001  0.167234058996289E+003  0.997240795340580E+000
  0.100000000000000E+001  0.167195364994238E+003  0.100700224347182E+001
  0.100000000000000E+001  0.167193396313985E+003  0.100750348845766E+001
  0.100000000000000E+001  0.167169932096654E+003  0.101351301906739E+001
  0.100000000000000E+001  0.167155806089663E+003  0.101716290570951E+001
  0.100000000000000E+001  0.167154187731788E+003  0.101758262253530E+001
  0.100000000000000E+001  0.167138744126109E+003  0.102160430227483E+001
  0.100000000000000E+001  0.167137378632404E+003  0.102196133457923E+001
  0.100000000000000E+001  0.167129132415622E+003  0.102412249702596E+001
  0.100000000000000E+001  0.167128542749389E+003  0.102427736955977E+001
  0.100000000000000E+001  0.167107412885236E+003  0.102985679818416E+001
  0.100000000000000E+001  0.167107283237614E+003  0.102989121302267E+001
  0.100000000000000E+001  0.167089031044637E+003  0.103475869231359E+001
  0.100000000000000E+001  0.167049778404262E+003  0.104538212666878E+001
  0.100000000000000E+001  0.167042040118085E+003  0.104750235872080E+001
  0.100000000000000E+001  0.167033698589342E+003  0.104979771895289E+001
  0.100000000000000E+001  0.167022891388521E+003  0.105278697403179E+001
  0.100000000000000E+001  0.167002033692399E+003  0.105860644392919E+001
  0.100000000000000E+001  0.166978028027110E+003  0.106538875737690E+001
  0.100000000000000E+001  0.166976932746081E+003  0.106570042114352E+001
  0.100000000000000E+001  0.166947653560140E+003  0.107410576239677E+001
  0.100000000000000E+001  0.166947541039543E+003  0.107413834409612E+001
  0.100000000000000E+001  0.168260704520875E+003  0.234077449258545E+001
  0.100000000000000E+001  0.168235112706214E+003  0.233613019842597E+001
  0.100000000000000E+001  0.168217302494122E+003  0.233288158128474E+001
  0.100000000000000E+001  0.168155445259913E+003  0.232149088052420E+001
  0.100000000000000E+001  0.168132752923975E+003  0.231726917501204E+001
  0.100000000000000E+001  0.168068687546732E+003  0.230522111203126E+001
  0.100000000000000E+001  0.168066623484913E+003  0.230482970099039E+001
  0.100000000000000E+001  0.168053361440982E+003  0.230230986899134E+001
  0.100000000000000E+001  0.168003943426389E+003  0.229284386460290E+001
  0.100000000000000E+001  0.167983022655550E+003  0.228879939403100E+001
  0.100000000000000E+001  0.167961679218938E+003  0.228464991125737E+001
  0.100000000000000E+001  0.167663401014874E+003  0.222394705233939E+001
  0.100000000000000E+001  0.167658187732954E+003  0.222283657220220E+001
  0.100000000000000E+001  0.167653453799538E+003  0.222182658082798E+001
  0.100000000000000E+001  0.167652896526459E+003  0.222170758422300E+001
  0.100000000000000E+001  0.167649010462544E+003  0.222087718168752E+001
  0.100000000000000E+001  0.167646036895601E+003  0.222024106151127E+001
  0.100000000000000E+001  0.167551187370156E+003  0.219961789732314E+001
  0.100000000000000E+001  0.167522547793621E+003  0.219325852657030E+001
  0.100000000000000E+001  0.167494468952572E+003  0.218696092432243E+001
  0.100000000000000E+001  0.167444338798055E+003  0.217555709639715E+001
  0.100000000000000E+001  0.167359143822294E+003  0.215567495517813E+001
  0.100000000000000E+001  0.167311113028824E+003  0.214416705980950E+001
  0.100000000000000E+001  0.167297753799923E+003  0.214092566172649E+001
  0.100000000000000E+001  0.167275877366739E+003  0.213557819970157E+001
  0.100000000000000E+001  0.167272971837841E+003  0.213486422395014E+001
  0.100000000000000E+001  0.167260040259502E+003  0.213167570748596E+001
  0.100000000000000E+001  0.167252109172315E+003  0.212971130570309E+001
  0.100000000000000E+001  0.167247644008592E+003  0.212860236458469E+001
  0.100000000000000E+001  0.167243980658404E+003  0.212769093586351E+001
  0.100000000000000E+001  0.167218035896367E+003  0.212119351355756E+001
  0.100000000000000E+001  0.167218000664731E+003  0.212118463913744E+001
  0.100000000000000E+001  0.167211073106386E+003  0.211943693026737E+001
  0.100000000000000E+001  0.167177813273963E+003  0.211096865295928E+001
  0.100000000000000E+001  0.167158655221207E+003  0.210603108305432E+001
  0.100000000000000E+001  0.167118161061842E+003  0.209544444427680E+001
  0.100000000000000E+001  0.167106949691716E+003  0.209247609706087E+001
  0.100000000000000E+001  0.167078233618305E+003  0.208479641669296E+001
  0.100000000000000E+001  0.167074822738418E+003  0.208387673063644E+001
  0.100000000000000E+001  0.167062178866368E+003  0.208045331300260E+001
  0.100000000000000E+001  0.167061459824655E+003  0.208025794881587E+001
  0.100000000000000E+001  0.167056546804558E+003  0.207892110462268E+001
  0.100000000000000E+001  0.167052688252221E+003  0.207786875836463E+001
  0.100000000000000E+001  0.167042390782732E+003  0.207504976976796E+001
  0.100000000000000E+001  0.167036792457099E+003  0.207351068836597E+001
  0.100000000000000E+001  0.167022709228770E+003  0.206961835000921E+001
  0.100000000000000E+001  0.167019078534711E+003  0.206861005352489E+001
  0.100000000000000E+001  0.167017963277120E+003  0.206829992776263E+001
  0.100000000000000E+001  0.166991562976743E+003  0.206090244774018E+001
  0.100000000000000E+001  0.166981295095054E+003  0.205799558970886E+001
  0.100000000000000E+001  0.166977459830897E+003  0.205690544581977E+001
  0.100000000000000E+001  0.166956187456834E+003  0.205081487198129E+001
  0.100000000000000E+001  0.166953077850158E+003  0.204991818968521E+001
  0.100000000000000E+001  0.166931680810893E+003  0.204370298280232E+001
  0.100000000000000E+001  0.166886365766876E+003  0.203026848120343E+001
  0.100000000000000E+001  0.166883694591717E+003  0.109299132924488E+001
  0.100000000000000E+001  0.166877025008410E+003  0.109500474356243E+001
  0.100000000000000E+001  0.166873548450754E+003  0.202639815749909E+001
  0.100000000000000E+001  0.166850430254111E+003  0.110312115435268E+001
  0.100000000000000E+001  0.166837141332408E+003  0.201522471642623E+001
  0.100000000000000E+001  0.166835794177548E+003  0.201480599022296E+001
  0.100000000000000E+001  0.166820940169125E+003  0.111229272475495E+001
  0.100000000000000E+001  0.166804874386243E+003  0.111736900553151E+001
  0.100000000000000E+001  0.166791773342440E+003  0.200090395664385E+001
  0.100000000000000E+001  0.166789538471848E+003  0.112226943167561E+001
  0.100000000000000E+001  0.166789389713939E+003  0.112231723359365E+001
  0.100000000000000E+001  0.166783497707169E+003  0.112421477802787E+001
  0.100000000000000E+001  0.166777706226572E+003  0.112608801171714E+001
  0.100000000000000E+001  0.166772204249428E+003  0.199458075298412E+001
  0.100000000000000E+001  0.166765746170092E+003  0.112998220093157E+001
  0.100000000000000E+001  0.166763966448657E+003  0.113056468720793E+001
  0.100000000000000E+001  0.166742783988051E+003  0.198489686523543E+001
  0.100000000000000E+001  0.166731386245818E+003  0.114137066478511E+001
  0.100000000000000E+001  0.166730124915939E+003  0.198066124814853E+001
  0.100000000000000E+001  0.166727584008147E+003  0.197980591737938E+001
  0.100000000000000E+001  0.166723700894246E+003  0.114396047919431E+001
  0.100000000000000E+001  0.166723673637740E+003  0.114396969271331E+001
  0.100000000000000E+001  0.166720115648767E+003  0.197728170805664E+001
  0.100000000000000E+001  0.166714814906804E+003  0.197548079303789E+001
  0.100000000000000E+001  0.166713721359956E+003  0.114734757186063E+001
  0.100000000000000E+001  0.166708766309015E+003  0.197341618383765E+001
  0.100000000000000E+001  0.166704261724067E+003  0.197187185927359E+001
  0.100000000000000E+001  0.166697714586676E+003  0.196961686629810E+001
  0.100000000000000E+001  0.166694399766302E+003  0.115398545933499E+001
  0.100000000000000E+001  0.166693972828848E+003  0.115413335489329E+001
  0.100000000000000E+001  0.166693612187223E+003  0.196819753300704E+001
  0.100000000000000E+001  0.166685702370112E+003  0.196544685528847E+001
  0.100000000000000E+001  0.166685132300508E+003  0.115720797247406E+001
  0.100000000000000E+001  0.166679066772960E+003  0.196312477269110E+001
  0.100000000000000E+001  0.166672206707660E+003  0.196070994896101E+001
  0.100000000000000E+001  0.166665192031135E+003  0.195822551155429E+001
  0.100000000000000E+001  0.166664557845144E+003  0.195800013063295E+001
  0.100000000000000E+001  0.166658338551611E+003  0.195578305781017E+001
  0.100000000000000E+001  0.166657955680482E+003  0.116680969625601E+001
  0.100000000000000E+001  0.166657200439313E+003  0.116707986960981E+001
  0.100000000000000E+001  0.166649863164149E+003  0.116971434607303E+001
  0.100000000000000E+001  0.166641496290379E+003  0.194971555490921E+001
  0.100000000000000E+001  0.166640144669681E+003  0.117323134531782E+001
  0.100000000000000E+001  0.166639667640490E+003  0.194905106249463E+001
  0.100000000000000E+001  0.166637210012897E+003  0.194815621554409E+001
  0.100000000000000E+001  0.166636570014868E+003  0.117453301379397E+001
  0.100000000000000E+001  0.166633064578717E+003  0.194664211339579E+001
  0.100000000000000E+001  0.166624434628801E+003  0.117898503730883E+001
  0.100000000000000E+001  0.166623162756307E+003  0.194300121381189E+001
  0.100000000000000E+001  0.166619845292450E+003  0.194177359211787E+001
  0.100000000000000E+001  0.166617671417744E+003  0.194096700123761E+001
  0.100000000000000E+001  0.166606433544056E+003  0.118568616566674E+001
  0.100000000000000E+001  0.166604740415704E+003  0.193613324324285E+001
  0.100000000000000E+001  0.166599876547371E+003  0.193429886423848E+001
  0.100000000000000E+001  0.166587884120427E+003  0.119271887860390E+001
  0.100000000000000E+001  0.166587392755603E+003  0.119290699724809E+001
  0.100000000000000E+001  0.166585900745141E+003  0.192897705774182E+001
  0.100000000000000E+001  0.166585479374764E+003  0.192881540879389E+001
  0.100000000000000E+001  0.166584488233560E+003  0.119402095980210E+001
  0.100000000000000E+001  0.166582415354666E+003  0.192763782404614E+001
  0.100000000000000E+001  0.166570018253294E+003  0.192283414223341E+001
  0.100000000000000E+001  0.166562207435294E+003  0.120268133356865E+001
  0.100000000000000E+001  0.166562092418483E+003  0.120272658248634E+001
  0.100000000000000E+001  0.166557519699620E+003  0.191792566735024E+001
  0.100000000000000E+001  0.166548644670684E+003  0.191439881836955E+001
  0.100000000000000E+001  0.166548471083844E+003  0.191432948543173E+001
  0.100000000000000E+001  0.166537276566609E+003  0.190982912540951E+001
  0.100000000000000E+001  0.166522430262813E+003  0.121868635789427E+001
  0.100000000000000E+001  0.166520467274358E+003  0.190296025162762E+001
  0.100000000000000E+001  0.166518181550973E+003  0.122044032879006E+001
  0.100000000000000E+001  0.166514864505843E+003  0.122181598562754E+001
  0.100000000000000E+001  0.166511430225077E+003  0.122324616234837E+001
  0.100000000000000E+001  0.166507193024890E+003  0.122501909138934E+001
  0.100000000000000E+001  0.166506860264868E+003  0.189729713885095E+001
  0.100000000000000E+001  0.166494570349755E+003  0.189209888988356E+001
  0.100000000000000E+001  0.166483090901186E+003  0.188716856791035E+001
  0.100000000000000E+001  0.166482312134608E+003  0.188683139043292E+001
  0.100000000000000E+001  0.166479620609890E+003  0.188566336015736E+001
  0.100000000000000E+001  0.166476489929585E+003  0.123815642107322E+001
  0.100000000000000E+001  0.166475375194988E+003  0.123864346190522E+001
  0.100000000000000E+001  0.166473641488530E+003  0.188305345625133E+001
  0.100000000000000E+001  0.166469667502759E+003  0.188130702750359E+001
  0.100000000000000E+001  0.166468243005035E+003  0.124177717414596E+001
  0.100000000000000E+001  0.166467673386160E+003  0.188042708217951E+001
  0.100000000000000E+001  0.166465530165093E+003  0.187947862874484E+001
  0.100000000000000E+001  0.166458622098293E+003  0.124605372780295E+001
  0.100000000000000E+001  0.166457312853202E+003  0.124664018944234E+001
  0.100000000000000E+001  0.166449511491090E+003  0.125015764391051E+001
  0.100000000000000E+001  0.166445141198007E+003  0.125214560121033E+001
  0.100000000000000E+001  0.166444011257318E+003  0.125266167198303E+001
  0.100000000000000E+001  0.166438413546477E+003  0.186722474431733E+001
  0.100000000000000E+001  0.166433780273767E+003  0.186508155968452E+001
  0.100000000000000E+001  0.166432810315198E+003  0.186463097548912E+001
  0.100000000000000E+001  0.166432147737661E+003  0.125813306287412E+001
  0.100000000000000E+001  0.166428603589279E+003  0.186266898981185E+001
  0.100000000000000E+001  0.166426484275887E+003  0.126078015515781E+001
  0.100000000000000E+001  0.166422197696130E+003  0.126279930606603E+001
  0.100000000000000E+001  0.166418403572196E+003  0.126459795683206E+001
  0.100000000000000E+001  0.166414893708497E+003  0.126627161677425E+001
  0.100000000000000E+001  0.166414646375011E+003  0.126638991477212E+001
  0.100000000000000E+001  0.166413718112517E+003  0.185562153909235E+001
  0.100000000000000E+001  0.166408769868080E+003  0.126921470560123E+001
  0.100000000000000E+001  0.166408280436472E+003  0.185300465453980E+001
  0.100000000000000E+001  0.166404290480236E+003  0.185106945758027E+001
  0.100000000000000E+001  0.166401503701247E+003  0.127274573747604E+001
  0.100000000000000E+001  0.166394626629006E+003  0.127612796658221E+001
  0.100000000000000E+001  0.166392127637000E+003  0.184508887550247E+001
  0.100000000000000E+001  0.166391784322080E+003  0.184491823478784E+001
  0.100000000000000E+001  0.166389082422770E+003  0.184357168733804E+001
  0.100000000000000E+001  0.166387799072549E+003  0.127952601125814E+001
  0.100000000000000E+001  0.166384811791013E+003  0.184143013258245E+001
  0.100000000000000E+001  0.166383948894199E+003  0.184099543282165E+001
  0.100000000000000E+001  0.166376247922232E+003  0.128537026438589E+001
  0.100000000000000E+001  0.166373393760024E+003  0.183562236736905E+001
  0.100000000000000E+001  0.166371527414721E+003  0.183466132402802E+001
  0.100000000000000E+001  0.166367994006515E+003  0.128962331840134E+001
  0.100000000000000E+001  0.166362017650671E+003  0.129274484639222E+001
  0.100000000000000E+001  0.166361604775829E+003  0.182949402218968E+001
  0.100000000000000E+001  0.166351311385841E+003  0.182402630235914E+001
  0.100000000000000E+001  0.166349200512991E+003  0.129956494370474E+001
  0.100000000000000E+001  0.166344858935993E+003  0.182054006241776E+001
  0.100000000000000E+001  0.166339830360430E+003  0.130466556494963E+001
  0.100000000000000E+001  0.166334961281895E+003  0.181509936468401E+001
  0.100000000000000E+001  0.166334268832250E+003  0.130774150230484E+001
  0.100000000000000E+001  0.166334160644278E+003  0.130780170846347E+001
  0.100000000000000E+001  0.166333675148060E+003  0.181438379837414E+001
  0.100000000000000E+001  0.166329878334299E+003  0.181225946647592E+001
  0.100000000000000E+001  0.166321991202664E+003  0.180778809213137E+001
  0.100000000000000E+001  0.166321383827741E+003  0.180744039160158E+001
  0.100000000000000E+001  0.166313239033610E+003  0.180272942532540E+001
  0.100000000000000E+001  0.166312431049681E+003  0.180225706555476E+001
  0.100000000000000E+001  0.166311578186270E+003  0.132069839757252E+001
  0.100000000000000E+001  0.166309013768198E+003  0.180024894764980E+001
  0.100000000000000E+001  0.166307767173154E+003  0.132294366904683E+001
  0.100000000000000E+001  0.166306266775585E+003  0.179862240038588E+001
  0.100000000000000E+001  0.166304001578221E+003  0.132518315818974E+001
  0.100000000000000E+001  0.166303265179902E+003  0.179683225946109E+001
  0.100000000000000E+001  0.166302914885823E+003  0.132583340153141E+001
  0.100000000000000E+001  0.166293277615173E+003  0.133168063601837E+001
  0.100000000000000E+001  0.166292092767333E+003  0.133240983462820E+001
  0.100000000000000E+001  0.166290390743512E+003  0.133346140762680E+001
  0.100000000000000E+001  0.166289248851083E+003  0.133416964055275E+001
  0.100000000000000E+001  0.166287440282614E+003  0.133529590690267E+001
  0.100000000000000E+001  0.166286238713995E+003  0.133604728515864E+001
  0.100000000000000E+001  0.166286179980846E+003  0.133608407710652E+001
  0.100000000000000E+001  0.166280815684903E+003  0.133947014648871E+001
  0.100000000000000E+001  0.166279750215534E+003  0.134014886905546E+001
  0.100000000000000E+001  0.166274313990533E+003  0.134364479548004E+001
  0.100000000000000E+001  0.166274032077308E+003  0.134382762140995E+001
  0.100000000000000E+001  0.166271586282646E+003  0.177703559469347E+001
  0.100000000000000E+001  0.166270698521874E+003  0.177645459064040E+001
  0.100000000000000E+001  0.166267379726452E+003  0.177426853774232E+001
  0.100000000000000E+001  0.166267134185698E+003  0.177410591096478E+001
  0.100000000000000E+001  0.166266015918584E+003  0.177336368241121E+001
  0.100000000000000E+001  0.166265847666118E+003  0.177325178315514E+001
  0.100000000000000E+001  0.166265364357421E+003  0.134952583852025E+001
  0.100000000000000E+001  0.166265186106698E+003  0.134964463213267E+001
  0.100000000000000E+001  0.166264974285699E+003  0.177266997463477E+001
  0.100000000000000E+001  0.166257030906709E+003  0.135515281628584E+001
  0.100000000000000E+001  0.166252901341546E+003  0.176445692294724E+001
  0.100000000000000E+001  0.166250992026390E+003  0.135932841091842E+001
  0.100000000000000E+001  0.166250796656379E+003  0.135946494295160E+001
  0.100000000000000E+001  0.166245968627120E+003  0.175958705114895E+001
  0.100000000000000E+001  0.166245401126041E+003  0.175918310635145E+001
  0.100000000000000E+001  0.166244571905806E+003  0.136386447536629E+001
  0.100000000000000E+001  0.166244346374077E+003  0.175843014045623E+001
  0.100000000000000E+001  0.166243246179823E+003  0.175764165849182E+001
  0.100000000000000E+001  0.166242380469113E+003  0.136543686700962E+001
  0.100000000000000E+001  0.166241807420372E+003  0.175660573373581E+001
  0.100000000000000E+001  0.166238440024502E+003  0.175415942394658E+001
  0.100000000000000E+001  0.166237182447994E+003  0.136921801968058E+001
  0.100000000000000E+001  0.166236666392024E+003  0.175285837870826E+001
  0.100000000000000E+001  0.166234569985280E+003  0.175130907963984E+001
  0.100000000000000E+001  0.166232340722790E+003  0.174964762140943E+001
  0.100000000000000E+001  0.166232205937701E+003  0.137290916294483E+001
  0.100000000000000E+001  0.166231327941239E+003  0.174888794095205E+001
  0.100000000000000E+001  0.166230956587745E+003  0.137384724020156E+001
  0.100000000000000E+001  0.166228309637104E+003  0.174660546864619E+001
  0.100000000000000E+001  0.166227169230160E+003  0.174573573193625E+001
  0.100000000000000E+001  0.166225404313807E+003  0.174438156841420E+001
  0.100000000000000E+001  0.166225181297306E+003  0.137824611791323E+001
  0.100000000000000E+001  0.166217762792565E+003  0.173839909560608E+001
  0.100000000000000E+001  0.166217137097831E+003  0.173790027276107E+001
  0.100000000000000E+001  0.166216418696632E+003  0.173732579898211E+001
  0.100000000000000E+001  0.166215223126024E+003  0.138609028328027E+001
  0.100000000000000E+001  0.166213717734036E+003  0.138730687877662E+001
  0.100000000000000E+001  0.166208871176432E+003  0.173117304855998E+001
  0.100000000000000E+001  0.166204254383542E+003  0.172729710261845E+001
  0.100000000000000E+001  0.166201071022721E+003  0.172457100633598E+001
  0.100000000000000E+001  0.166201069428282E+003  0.172456962952597E+001
  0.100000000000000E+001  0.166198669365930E+003  0.139997202843845E+001
  0.100000000000000E+001  0.166198503965733E+003  0.140011676572395E+001
  0.100000000000000E+001  0.166193557089329E+003  0.140450741703472E+001
  0.100000000000000E+001  0.166193472103424E+003  0.171787193732743E+001
  0.100000000000000E+001  0.166190336047088E+003  0.140743365200700E+001
  0.100000000000000E+001  0.166189661896452E+003  0.171440268474111E+001
  0.100000000000000E+001  0.166189310980378E+003  0.171407921031251E+001
  0.100000000000000E+001  0.166189124601806E+003  0.140854873188009E+001
  0.100000000000000E+001  0.166188798347031E+003  0.171360543062339E+001
  0.100000000000000E+001  0.166182655103399E+003  0.170780871204308E+001
  0.100000000000000E+001  0.166182627670172E+003  0.170778231203574E+001
  0.100000000000000E+001  0.166180093105277E+003  0.141713351857591E+001
  0.100000000000000E+001  0.166178847954594E+003  0.170409832166945E+001
  0.100000000000000E+001  0.166178556439047E+003  0.170381023534798E+001
  0.100000000000000E+001  0.166178391047116E+003  0.141880932987795E+001
  0.100000000000000E+001  0.166177640090664E+003  0.170290085152038E+001
  0.100000000000000E+001  0.166177424748984E+003  0.170268629817143E+001
  0.100000000000000E+001  0.166176098395293E+003  0.142109830243438E+001
  0.100000000000000E+001  0.166174063701652E+003  0.169929434872444E+001
  0.100000000000000E+001  0.166174016732891E+003  0.169924635752500E+001
  0.100000000000000E+001  0.166173384449576E+003  0.142385718140657E+001
  0.100000000000000E+001  0.166172342824786E+003  0.142493088072686E+001
  0.100000000000000E+001  0.166171590601257E+003  0.142571155718581E+001
  0.100000000000000E+001  0.166170162261290E+003  0.169524942071570E+001
  0.100000000000000E+001  0.166169918486879E+003  0.169499262071532E+001
  0.100000000000000E+001  0.166167745051688E+003  0.142977498102271E+001
  0.100000000000000E+001  0.166166857064387E+003  0.143073125877094E+001
  0.100000000000000E+001  0.166166727662260E+003  0.169158466161130E+001
  0.100000000000000E+001  0.166165548303393E+003  0.143215358498374E+001
  0.100000000000000E+001  0.166164960366939E+003  0.168965819384434E+001
  0.100000000000000E+001  0.166163841346204E+003  0.168842330236135E+001
  0.100000000000000E+001  0.166163065890244E+003  0.168756047000043E+001
  0.100000000000000E+001  0.166162250906204E+003  0.143580860147732E+001
  0.100000000000000E+001  0.166160598772249E+003  0.168477528742417E+001
  0.100000000000000E+001  0.166158828491757E+003  0.168273744658272E+001
  0.100000000000000E+001  0.166158378540461E+003  0.144024184088986E+001
  0.100000000000000E+001  0.166158206622382E+003  0.144044243184941E+001
  0.100000000000000E+001  0.166153685599233E+003  0.144584257790379E+001
  0.100000000000000E+001  0.166151313607280E+003  0.144877948447136E+001
  0.100000000000000E+001  0.166150167371703E+003  0.145022655246364E+001
  0.100000000000000E+001  0.166147989023908E+003  0.145302993904464E+001
  0.100000000000000E+001  0.166146628912481E+003  0.145481775710061E+001
  0.100000000000000E+001  0.166146346911970E+003  0.145519220950428E+001
  0.100000000000000E+001  0.166143994909861E+003  0.145836838267980E+001
  0.100000000000000E+001  0.166141092894783E+003  0.146242791413438E+001
  0.100000000000000E+001  0.166140947491598E+003  0.146263571096745E+001
  0.100000000000000E+001  0.166140516657129E+003  0.146325400748037E+001
  0.100000000000000E+001  0.166134182173434E+003  0.147284261089929E+001
  0.100000000000000E+001  0.166131717410612E+003  0.147686758459520E+001
  0.100000000000000E+001  0.166129898509013E+003  0.147996560657672E+001
  0.100000000000000E+001  0.166129477434963E+003  0.148069978329641E+001
  0.100000000000000E+001  0.166153793110946E+003  0.167674462974535E+001
  0.100000000000000E+001  0.166153175554550E+003  0.167598810809910E+001
  0.100000000000000E+001  0.166150338573237E+003  0.167244663717316E+001
  0.100000000000000E+001  0.166145944183424E+003  0.166672658566616E+001
  0.100000000000000E+001  0.166145487603896E+003  0.166611438117793E+001
  0.100000000000000E+001  0.166144758628640E+003  0.166512945798616E+001
  0.100000000000000E+001  0.166144163915026E+003  0.166431896697639E+001
  0.100000000000000E+001  0.166143069005869E+003  0.166280988575304E+001
  0.100000000000000E+001  0.166141920349660E+003  0.166120224570551E+001
  0.100000000000000E+001  0.166139416305542E+003  0.165760472179958E+001
  0.100000000000000E+001  0.166137624445293E+003  0.165494565273361E+001
  0.100000000000000E+001  0.166134926901075E+003  0.165079381848957E+001
  0.100000000000000E+001  0.166134202350161E+003  0.164964544151251E+001
  0.100000000000000E+001  0.166134188454851E+003  0.164962327233997E+001
  0.100000000000000E+001  0.166130525909286E+003  0.164357203434385E+001
  0.100000000000000E+001  0.166128406435991E+003  0.163985781708698E+001
  0.100000000000000E+001  0.166127922690479E+003  0.163898522582443E+001
  0.100000000000000E+001  0.166127010442552E+003  0.148514339346362E+001
  0.100000000000000E+001  0.166126903275353E+003  0.163711353704637E+001
  0.100000000000000E+001  0.166126816266669E+003  0.163695164266781E+001
  0.100000000000000E+001  0.166125930744076E+003  0.163528385041759E+001
  0.100000000000000E+001  0.166124263611836E+003  0.163203746345280E+001
  0.100000000000000E+001  0.166121339305899E+003  0.162595086685098E+001
  0.100000000000000E+001  0.166119287460970E+003  0.150114262551552E+001
  0.100000000000000E+001  0.166118225805804E+003  0.150368875706808E+001
  0.100000000000000E+001  0.166117923929522E+003  0.161802228419708E+001
  0.100000000000000E+001  0.166117906851351E+003  0.161797985512603E+001
  0.100000000000000E+001  0.166117167857176E+003  0.161611248700874E+001
  0.100000000000000E+001  0.166116980425222E+003  0.150682718510834E+001
  0.100000000000000E+001  0.166116639215201E+003  0.150771916927103E+001
  0.100000000000000E+001  0.166116378883026E+003  0.150840985426814E+001
  0.100000000000000E+001  0.166116121400605E+003  0.150910197989960E+001
  0.100000000000000E+001  0.166115350392307E+003  0.161122410210650E+001
  0.100000000000000E+001  0.166115191062607E+003  0.151168329184958E+001
  0.100000000000000E+001  0.166114229150900E+003  0.151450191063114E+001
  0.100000000000000E+001  0.166113588669883E+003  0.151647701351160E+001
  0.100000000000000E+001  0.166112834812690E+003  0.151891971166998E+001
  0.100000000000000E+001  0.166112467701636E+003  0.152016182205687E+001
  0.100000000000000E+001  0.166112309745487E+003  0.152070797671251E+001
  0.100000000000000E+001  0.166111783686306E+003  0.159987334423263E+001
  0.100000000000000E+001  0.166111436077291E+003  0.159858310833909E+001
  0.100000000000000E+001  0.166110966076524E+003  0.159676417319829E+001
  0.100000000000000E+001  0.166110884008417E+003  0.159643692878161E+001
  0.100000000000000E+001  0.166110288724684E+003  0.159396547962023E+001
  0.100000000000000E+001  0.166109793391729E+003  0.153069898762141E+001
  0.100000000000000E+001  0.166109618071183E+003  0.159093582955635E+001
  0.100000000000000E+001  0.166109369062056E+003  0.153272678736523E+001
  0.100000000000000E+001  0.166109186892653E+003  0.158881281859607E+001
  0.100000000000000E+001  0.166109061914212E+003  0.158816619853999E+001
  0.100000000000000E+001  0.166108920977205E+003  0.153503799436777E+001
  0.100000000000000E+001  0.166108379000854E+003  0.153814061699616E+001
  0.100000000000000E+001  0.166108200919989E+003  0.153925548505592E+001
  0.100000000000000E+001  0.166108002416315E+003  0.154056899769301E+001
  0.100000000000000E+001  0.166107679303091E+003  0.157954848996658E+001
  0.100000000000000E+001  0.166107467448972E+003  0.157783756498407E+001
  0.100000000000000E+001  0.166107192653875E+003  0.154714383558021E+001
  0.100000000000000E+001  0.166106881684253E+003  0.157174642795949E+001
  0.100000000000000E+001  0.166106744777196E+003  0.156971427385955E+001
  0.100000000000000E+001  0.166106636815652E+003  0.155478102018247E+001
  0.100000000000000E+001  0.166106549406386E+003  0.155711636740213E+001
  0.100000000000000E+001  0.166106548582414E+003  0.156531112812640E+001
  0.100000000000000E+001  0.166106494027108E+003  0.156009534878928E+001
