  0.156134960138521E+001 -0.830532447661958E+002 -0.830532465261069E+002
  0.156145204712431E+001 -0.830532448289842E+002 -0.830532571988952E+002
  0.156058578675564E+001 -0.830532454708239E+002 -0.830532478044619E+002
  0.156149353010644E+001 -0.830532448649915E+002 -0.830532474886348E+002
  0.156073144464819E+001 -0.830532451768620E+002 -0.830532474580051E+002
  0.156071797150814E+001 -0.830532452008964E+002 -0.830532460874127E+002
  0.156139890478879E+001 -0.830532447917695E+002 -0.830532460787347E+002
  0.156102409225873E+001 -0.830532448136015E+002 -0.830532515593399E+002
  0.156049599385384E+001 -0.830532456895138E+002 -0.830532470214894E+002
  0.156044042071101E+001 -0.830532458391804E+002 -0.830532481576901E+002
  0.156099876344103E+001 -0.830532448330409E+002 -0.830532544328786E+002
  0.156106731748209E+001 -0.830532447856793E+002 -0.830532486268928E+002
  0.156139532336534E+001 -0.830532447896216E+002 -0.830532482066345E+002
  0.156130759917340E+001 -0.830532447512066E+002 -0.830532476497802E+002
  0.156105715301765E+001 -0.830532447916496E+002 -0.830532881552012E+002
  0.156153084744609E+001 -0.830532449025951E+002 -0.830532491042050E+002
  0.156066330866024E+001 -0.830532453050096E+002 -0.830532462143273E+002
  0.156204876059349E+001 -0.830532459341703E+002 -0.830532782562570E+002
  0.156117125606948E+001 -0.830532447456494E+002 -0.830532606357968E+002
  0.156109696883718E+001 -0.830532447703554E+002 -0.830532612893966E+002
  0.156205899534342E+001 -0.830532459641368E+002 -0.830532794962530E+002
  0.156180910764564E+001 -0.830532453386339E+002 -0.830532459724783E+002
  0.156199581511913E+001 -0.830532457850798E+002 -0.830532497206308E+002
  0.156173986040648E+001 -0.830532452044685E+002 -0.830532658448946E+002
  0.156142248752182E+001 -0.830532448070486E+002 -0.831329238330592E+002
  0.156084304001538E+001 -0.830532450025281E+002 -0.830532466109128E+002
  0.156088471879329E+001 -0.830532449487406E+002 -0.830532640240256E+002
  0.156075024610332E+001 -0.830532451443981E+002 -0.830532736682474E+002
  0.156093419915323E+001 -0.830532448928798E+002 -0.830532478401676E+002
  0.156187785438000E+001 -0.830532454886442E+002 -0.830532551444685E+002
  0.156157988695610E+001 -0.830532449595170E+002 -0.830532462942113E+002
  0.156129023735544E+001 -0.830532447468375E+002 -0.830532489179398E+002
  0.156194807359772E+001 -0.830532456591634E+002 -0.830532479486130E+002
  0.156156043000095E+001 -0.830532449359124E+002 -0.830532481584622E+002
  0.156042796580447E+001 -0.830532458742250E+002 -0.830532481613609E+002
  0.156175829192800E+001 -0.830532452385192E+002 -0.830532694211825E+002
  0.156083046780671E+001 -0.830532450199618E+002 -0.830532785390599E+002
  0.156114470908170E+001 -0.830532447522319E+002 -0.830536169703902E+002
  0.156198126857165E+001 -0.830532457458580E+002 -0.830532542047448E+002
  0.156127566860965E+001 -0.830532447439958E+002 -0.830532552593942E+002
  0.156126565732122E+001 -0.830532447424793E+002 -0.830532724938036E+002
  0.156183358932829E+001 -0.830532453901339E+002 -0.830532477659226E+002
  0.156065151436778E+001 -0.830532453288628E+002 -0.830532496083745E+002
  0.156043044637654E+001 -0.830532458672016E+002 -0.830532486249002E+002
  0.156075622323598E+001 -0.830532451343401E+002 -0.830532481358419E+002
  0.156117352533569E+001 -0.830532447452026E+002 -0.830532487582671E+002
  0.156166615822689E+001 -0.830532450803457E+002 -0.830532759845283E+002
  0.156101179436496E+001 -0.830532448227559E+002 -0.830532470135538E+002
  0.156194297475862E+001 -0.830532456461929E+002 -0.830532459782954E+002
  0.156054135546532E+001 -0.830532455754636E+002 -0.830532459955236E+002
  0.156077318935223E+001 -0.830532451064803E+002 -0.830532681482608E+002
  0.156195880952823E+001 -0.830532456867748E+002 -0.830532471966039E+002
  0.156174857500865E+001 -0.830532452204179E+002 -0.830532459998301E+002
  0.156040408734665E+001 -0.830532459429502E+002 -0.830532460820582E+002
  0.156163236541644E+001 -0.830532450298734E+002 -0.830532460513116E+002
  0.156159180468363E+001 -0.830532449746380E+002 -0.830532750148605E+002
  0.156089388230886E+001 -0.830532449377406E+002 -0.830532550497009E+002
  0.156164815517746E+001 -0.830532450529528E+002 -0.830532519261114E+002
  0.156124412327408E+001 -0.830532447404212E+002 -0.830532483059410E+002
  0.156170071745706E+001 -0.830532451361497E+002 -0.830532582271119E+002
  0.156156375930375E+001 -0.830532449398563E+002 -0.830532573973735E+002
  0.156192381155259E+001 -0.830532455982695E+002 -0.830532468482245E+002
  0.156039837263148E+001 -0.830532459596976E+002 -0.830532461707198E+002
  0.156131842532462E+001 -0.830532447544718E+002 -0.830532466432870E+002
  0.156048405036391E+001 -0.830532457207557E+002 -0.831272505243252E+002
  0.156106276536823E+001 -0.830532447883078E+002 -0.830532558649949E+002
  0.156079776251047E+001 -0.830532450679383E+002 -0.830532513452830E+002
  0.156088080252749E+001 -0.830532449535325E+002 -0.830532534213498E+002
  0.156047629560225E+001 -0.830532457413115E+002 -0.830532612954376E+002
  0.156106644320740E+001 -0.830532447861784E+002 -0.830532509900639E+002
  0.156201240773404E+001 -0.830532458307343E+002 -0.830532468347815E+002
  0.156085376735101E+001 -0.830532449880957E+002 -0.830532506607900E+002
  0.156078220766820E+001 -0.830532450920868E+002 -0.830532630761340E+002
  0.156201306571540E+001 -0.830532458325648E+002 -0.830532470237571E+002
  0.156070066832655E+001 -0.830532452327070E+002 -0.830532466500422E+002
  0.156138835596267E+001 -0.830532447855732E+002 -0.830532703759342E+002
  0.156165164224172E+001 -0.830532450581689E+002 -0.830532460038274E+002
  0.156080567307748E+001 -0.830532450559864E+002 -0.830532466111598E+002
  0.156200797880508E+001 -0.830532458184526E+002 -0.830532467530194E+002
  0.156084849271397E+001 -0.830532449951412E+002 -0.830532794859960E+002
  0.156100282810166E+001 -0.830532448297681E+002 -0.830532849216547E+002
  0.156088274943321E+001 -0.830532449511435E+002 -0.830532482648766E+002
  0.156176007031192E+001 -0.830532452418683E+002 -0.830532467427822E+002
  0.156164533074318E+001 -0.830532450487595E+002 -0.830532460400783E+002
  0.156205004118301E+001 -0.830532459378995E+002 -0.830532596016240E+002
  0.156195358087056E+001 -0.830532456732763E+002 -0.830532642130503E+002
  0.156107769333200E+001 -0.830532447799625E+002 -0.224667939568399E+003
  0.156113296996851E+001 -0.830532447559393E+002 -0.830533067610261E+002
  0.156199899334293E+001 -0.830532457937491E+002 -0.830532467787224E+002
  0.156161183344139E+001 -0.830532450011841E+002 -0.830532581320806E+002
  0.156178531910765E+001 -0.830532452906273E+002 -0.830532497820445E+002
  0.156164462502930E+001 -0.830532450477162E+002 -0.830532694465100E+002
  0.156191676849312E+001 -0.830532455809834E+002 -0.830532467381867E+002
  0.156052126208328E+001 -0.830532456250833E+002 -0.830532469100087E+002
  0.156162709453069E+001 -0.830532450223658E+002 -0.830532463873391E+002
  0.156069198179970E+001 -0.830532452490767E+002 -0.830532466873821E+002
  0.156150468486982E+001 -0.830532448757146E+002 -0.830533687200671E+002
  0.156148740741978E+001 -0.830532448592933E+002 -0.830532467170261E+002
  0.156053776838392E+001 -0.830532455842168E+002 -0.830532479305654E+002
  0.156121243943023E+001 -0.830532447403818E+002 -0.830532472161560E+002
  0.156205557983889E+001 -0.830532459540952E+002 -0.830532465096321E+002
  0.156188246597462E+001 -0.830532454993067E+002 -0.830540340069413E+002
  0.156112805802006E+001 -0.830532447576356E+002 -0.830532696477497E+002
  0.156121021060634E+001 -0.830532447405130E+002 -0.830532498196054E+002
  0.156118271500226E+001 -0.830532447435800E+002 -0.830532907787786E+002
  0.156081431880689E+001 -0.830532450431774E+002 -0.830532966557347E+002
  0.156137651259056E+001 -0.830532447790866E+002 -0.830532503031883E+002
  0.156161485716928E+001 -0.830532450053153E+002 -0.830532462064153E+002
  0.156094093230781E+001 -0.830532448859492E+002 -0.830532471690518E+002
  0.156092259481808E+001 -0.830532449052014E+002 -0.830532734574716E+002
  0.156047572258550E+001 -0.830532457428389E+002 -0.830532489613293E+002
  0.156076161520817E+001 -0.830532451253754E+002 -0.830532484783116E+002
  0.156176374025285E+001 -0.830532452488151E+002 -0.830532482786386E+002
  0.156179679811325E+001 -0.830532453135421E+002 -0.830532478338354E+002
  0.156174911441335E+001 -0.830532452214140E+002 -0.830532496020316E+002
  0.156129442247278E+001 -0.830532447477929E+002 -0.830532462928545E+002
  0.156097494365205E+001 -0.830532448533971E+002 -0.830532471491216E+002
  0.156096660896276E+001 -0.830532448609949E+002 -0.830532485912965E+002
  0.156061306596859E+001 -0.830532454100462E+002 -0.830532469996457E+002
  0.156182063602572E+001 -0.830532453626205E+002 -0.830532462367484E+002
  0.156085361043644E+001 -0.830532449883039E+002 -0.830532460680049E+002
  0.156047193626651E+001 -0.830532457529605E+002 -0.830532484525481E+002
  0.156059908897092E+001 -0.830532454408572E+002 -0.830532485032444E+002
  0.156097414023867E+001 -0.830532448541188E+002 -0.830532498253294E+002
  0.156146601961268E+001 -0.830532448404310E+002 -0.830532461791204E+002
  0.156085209248323E+001 -0.830532449903222E+002 -0.830532480441996E+002
  0.156201731934717E+001 -0.830532458444358E+002 -0.830532541435609E+002
  0.156052211741294E+001 -0.830532456229420E+002 -0.830532467455428E+002
  0.156124357020051E+001 -0.830532447403900E+002 -0.830532658820669E+002
  0.156071743599554E+001 -0.830532452018650E+002 -0.830532493531437E+002
  0.156188210757979E+001 -0.830532454984753E+002 -0.830532472364818E+002
  0.156107977034690E+001 -0.830532447788640E+002 -0.830532460888256E+002
  0.156104042661754E+001 -0.830532448022715E+002 -0.830532484439202E+002
  0.156175889491251E+001 -0.830532452396535E+002 -0.830532461457730E+002
  0.156146098757940E+001 -0.830532448362289E+002 -0.830533854008503E+002
  0.156066192169592E+001 -0.830532453077891E+002 -0.830532464197793E+002
  0.156074219546411E+001 -0.830532451581455E+002 -0.830532465402130E+002
  0.156071539452778E+001 -0.830532452055668E+002 -0.830533852181397E+002
  0.156043061468610E+001 -0.830532458667258E+002 -0.830532474656924E+002
  0.156055773826697E+001 -0.830532455360662E+002 -0.830532538212428E+002
  0.156083572826040E+001 -0.830532450125990E+002 -0.830532462594082E+002
  0.156111003506096E+001 -0.830532447645921E+002 -0.830532469633382E+002
  0.156197585904796E+001 -0.830532457314636E+002 -0.830533332177941E+002
  0.156132801130416E+001 -0.830532447577098E+002 -0.830532563623201E+002
  0.156175401948706E+001 -0.830532452305190E+002 -0.830532463540810E+002
  0.156103118920222E+001 -0.830532448085626E+002 -0.830532704206155E+002
  0.156190996825117E+001 -0.830532455644600E+002 -0.830532508059119E+002
  0.156141194630086E+001 -0.830532447999753E+002 -0.830532471985698E+002
  0.156177336315795E+001 -0.830532452672570E+002 -0.830532706004832E+002
  0.156197902740493E+001 -0.830532457398818E+002 -0.830536263052163E+002
  0.156134246705682E+001 -0.830532447632089E+002 -0.830532468150600E+002
  0.156054053696560E+001 -0.830532455774569E+002 -0.830532497932653E+002
  0.156095528429595E+001 -0.830532448717129E+002 -0.830532591272421E+002
  0.156100902748690E+001 -0.830532448248893E+002 -0.830532475816889E+002
  0.156074883247389E+001 -0.830532451467955E+002 -0.830532466274938E+002
  0.156122356687205E+001 -0.830532447399902E+002 -0.830532867744774E+002
  0.156069248406166E+001 -0.830532452481229E+002 -0.830536720281227E+002
  0.156087000316806E+001 -0.830532449670282E+002 -0.830553776921076E+002
  0.156201279288574E+001 -0.830532458318056E+002 -0.830532464359553E+002
  0.156147953192036E+001 -0.830532448521591E+002 -0.830532512797427E+002
  0.156198173338506E+001 -0.830532457470997E+002 -0.830533797596324E+002
  0.156056897908867E+001 -0.830532455095845E+002 -0.830532588933569E+002
  0.156142202313179E+001 -0.830532448067287E+002 -0.830532465562446E+002
  0.156194195823675E+001 -0.830532456436181E+002 -0.830532462242247E+002
  0.156045238651966E+001 -0.830532458060298E+002 -0.830532608683147E+002
  0.156075722576007E+001 -0.830532451326655E+002 -0.830532629153099E+002
  0.156090276345515E+001 -0.830532449273637E+002 -0.830532483504386E+002
  0.156118750444721E+001 -0.830532447428530E+002 -0.830532476751689E+002
  0.156146769528278E+001 -0.830532448418503E+002 -0.830532470618018E+002
  0.156198538108048E+001 -0.830532457568705E+002 -0.830532503611503E+002
  0.156172498083477E+001 -0.830532451778583E+002 -0.830532463216267E+002
  0.156040761618301E+001 -0.830532459326665E+002 -0.830532677298249E+002
  0.156194350176485E+001 -0.830532456475292E+002 -0.830532470638521E+002
  0.156055935865493E+001 -0.830532455322211E+002 -0.830532483663172E+002
  0.156148253214804E+001 -0.830532448548510E+002 -0.830532742757567E+002
  0.156136242001462E+001 -0.830532447720159E+002 -0.830532501343810E+002
  0.156057286044391E+001 -0.830532455005447E+002 -0.830532498827271E+002
  0.156060007301622E+001 -0.830532454386653E+002 -0.830532470775085E+002
  0.156115243568530E+001 -0.830532447500583E+002 -0.830532478030750E+002
  0.156107258790467E+001 -0.830532447827278E+002 -0.830532466039451E+002
  0.156102939156725E+001 -0.830532448098221E+002 -0.830532462185093E+002
  0.156130774639255E+001 -0.830532447512482E+002 -0.830532574390247E+002
  0.156200266013634E+001 -0.830532458037956E+002 -0.830532698341114E+002
  0.156151423196603E+001 -0.830532448852425E+002 -0.830532459959514E+002
  0.156100448621028E+001 -0.830532448284499E+002 -0.830532621976052E+002
  0.156076670654672E+001 -0.830532451170052E+002 -0.830532473603751E+002
  0.156064342051000E+001 -0.830532453455174E+002 -0.830534453896308E+002
  0.156176328802290E+001 -0.830532452479565E+002 -0.830532499666367E+002
  0.156098558705317E+001 -0.830532448440527E+002 -0.830532484422433E+002
  0.156168983270032E+001 -0.830532451181169E+002 -0.830532463432016E+002
  0.156076828542183E+001 -0.830532451144281E+002 -0.830532600044285E+002
  0.156097394491695E+001 -0.830532448542945E+002 -0.830532491273601E+002
  0.156182010661485E+001 -0.830532453615086E+002 -0.830532463782641E+002
  0.156169790280002E+001 -0.830532451314464E+002 -0.830532461310829E+002
  0.156118490692620E+001 -0.830532447432372E+002 -0.830534452972597E+002
  0.156140594798219E+001 -0.830532447961263E+002 -0.830532479013500E+002
  0.156078276631532E+001 -0.830532450912047E+002 -0.830533585031455E+002
  0.156135865416578E+001 -0.830532447702456E+002 -0.830532490661004E+002
  0.156072090757788E+001 -0.830532451956040E+002 -0.830532477721422E+002
  0.156048951663500E+001 -0.830532457063942E+002 -0.830532575653023E+002
  0.156150125703331E+001 -0.830532448723724E+002 -0.830532475087700E+002
  0.156199308379161E+001 -0.830532457776582E+002 -0.830532483696501E+002
  0.156045743669699E+001 -0.830532457921910E+002 -0.830532477483753E+002
  0.156064974072071E+001 -0.830532453324926E+002 -0.830532463901583E+002
  0.156072764336524E+001 -0.830532451835779E+002 -0.830532466891371E+002
  0.156075891854121E+001 -0.830532451298460E+002 -0.830532461080205E+002
  0.156197655182954E+001 -0.830532457333013E+002 -0.830532464805191E+002
  0.156066586314781E+001 -0.830532452999083E+002 -0.830532643562006E+002
  0.156102592435193E+001 -0.830532448122836E+002 -0.830532481762863E+002
  0.156103557426874E+001 -0.830532448055384E+002 -0.830532482033737E+002
  0.156062626229039E+001 -0.830532453815916E+002 -0.830532464594418E+002
  0.156203376299194E+001 -0.830532458909295E+002 -0.830532503951398E+002
  0.156147171528671E+001 -0.830532448452957E+002 -0.830532533638945E+002
  0.156192687670945E+001 -0.830532456058474E+002 -0.830532544080285E+002
  0.156133773771628E+001 -0.830532447613283E+002 -0.830532501947644E+002
  0.156193165990061E+001 -0.830532456177393E+002 -0.830532460838490E+002
  0.156092615924883E+001 -0.830532449013659E+002 -0.830532464855194E+002
  0.156111630747604E+001 -0.830532447620404E+002 -0.830532484575292E+002
  0.156040576717030E+001 -0.830532459380493E+002 -0.830532466332239E+002
  0.156073162973611E+001 -0.830532451765364E+002 -0.830533557997559E+002
  0.156148739000847E+001 -0.830532448592772E+002 -0.830535977971657E+002
  0.156203107567789E+001 -0.830532458832657E+002 -0.830551443623420E+002
  0.156205253950076E+001 -0.830532459451914E+002 -0.830532504186786E+002
  0.156186648570708E+001 -0.830532454626808E+002 -0.830532481240372E+002
  0.156081816425443E+001 -0.830532450375654E+002 -0.830532518608928E+002
  0.156069593988850E+001 -0.830532452415846E+002 -0.830532496502609E+002
  0.156046796711772E+001 -0.830532457636255E+002 -0.830532463462338E+002
  0.156126969703802E+001 -0.830532447430485E+002 -0.830532651451213E+002
  0.156173928422100E+001 -0.830532452034234E+002 -0.830532480528608E+002
  0.156093088949239E+001 -0.830532448963453E+002 -0.830550193385355E+002
  0.156203193202673E+001 -0.830532458857051E+002 -0.830532482057115E+002
  0.156152423864616E+001 -0.830532448955759E+002 -0.830534493403467E+002
  0.156148251462868E+001 -0.830532448548352E+002 -0.830532503989620E+002
  0.156103843288817E+001 -0.830532448036037E+002 -0.830532648563385E+002
  0.156178108052613E+001 -0.830532452822841E+002 -0.830532464445517E+002
  0.156107189153931E+001 -0.830532447831121E+002 -0.830534930380310E+002
  0.156187556462106E+001 -0.830532454833781E+002 -0.830532469388084E+002
  0.156050069137968E+001 -0.830532456773645E+002 -0.830532742964580E+002
  0.156151311065195E+001 -0.830532448841067E+002 -0.830533164257228E+002
  0.156060517520477E+001 -0.830532454273555E+002 -0.830532487133795E+002
  0.156199771397265E+001 -0.830532457902551E+002 -0.830532489079510E+002
  0.156140431547842E+001 -0.830532447951008E+002 -0.830532543400170E+002
  0.156126304675066E+001 -0.830532447421422E+002 -0.830532480283136E+002
  0.156131664994336E+001 -0.830532447539079E+002 -0.830532461541314E+002
  0.156090800323161E+001 -0.830532449213725E+002 -0.830532519834488E+002
  0.156142636695804E+001 -0.830532448097509E+002 -0.830532465102045E+002
  0.156113135024525E+001 -0.830532447564892E+002 -0.830533057067325E+002
  0.156041827182603E+001 -0.830532459018818E+002 -0.830534440542401E+002
  0.156136197492499E+001 -0.830532447718040E+002 -0.830532585913381E+002
  0.156109586876942E+001 -0.830532447708683E+002 -0.830532483273670E+002
  0.156088074561031E+001 -0.830532449536026E+002 -0.830532573299301E+002
  0.156177842666657E+001 -0.830532452770927E+002 -0.830532665539303E+002
  0.156066746215268E+001 -0.830532452967269E+002 -0.830532980660047E+002
  0.156134378260834E+001 -0.830532447637461E+002 -0.830532653706176E+002
  0.156178944713411E+001 -0.830532452988140E+002 -0.830532846077589E+002
  0.156109350876451E+001 -0.830532447719830E+002 -0.830532482099810E+002
  0.156122016432875E+001 -0.830532447400633E+002 -0.830532459987074E+002
  0.156148129317586E+001 -0.830532448537355E+002 -0.830532470589812E+002
  0.156166360042564E+001 -0.830532450763838E+002 -0.830532534307655E+002
  0.156085358791108E+001 -0.830532449883338E+002 -0.830533204905250E+002
  0.156142675542666E+001 -0.830532448100244E+002 -0.830532463523578E+002
  0.156119813889157E+001 -0.830532447415295E+002 -0.830532474100825E+002
  0.156158092737028E+001 -0.830532449608170E+002 -0.830532549908048E+002
  0.156198810120929E+001 -0.830532457641874E+002 -0.830532500049162E+002
  0.156156905040789E+001 -0.830532449462049E+002 -0.830533782911611E+002
  0.156196472038608E+001 -0.830532457021512E+002 -0.830532520797358E+002
  0.156061725243259E+001 -0.830532454009522E+002 -0.830532483280098E+002
  0.156121939069373E+001 -0.830532447400857E+002 -0.830532560123808E+002
  0.156044851039049E+001 -0.830532458167129E+002 -0.830532505776848E+002
  0.156143880808543E+001 -0.830532448187768E+002 -0.830532463321337E+002
  0.156174813350293E+001 -0.830532452196034E+002 -0.830539679513070E+002
  0.156097161515907E+001 -0.830532448564018E+002 -0.830532625053776E+002
  0.156097266359292E+001 -0.830532448554511E+002 -0.830532491330167E+002
  0.156042466893098E+001 -0.830532458835936E+002 -0.830532465880974E+002
  0.156048697312223E+001 -0.830532457130636E+002 -0.830532466116239E+002
  0.156140268990728E+001 -0.830532447940891E+002 -0.830532554812806E+002
  0.156169041999095E+001 -0.830532451190792E+002 -0.830532624202149E+002
  0.156175014829801E+001 -0.830532452233260E+002 -0.830532469658008E+002
  0.156175669588110E+001 -0.830532452355230E+002 -0.830532502258016E+002
  0.156099577562156E+001 -0.830532448354839E+002 -0.830533447522329E+002
  0.156155687875820E+001 -0.830532449317490E+002 -0.830532471178311E+002
  0.156058564567272E+001 -0.830532454711451E+002 -0.830532467536571E+002
  0.156137343533159E+001 -0.830532447774825E+002 -0.830532515965332E+002
  0.156156383743122E+001 -0.830532449399493E+002 -0.830532471953818E+002
  0.156072197334815E+001 -0.830532451936905E+002 -0.830532516206833E+002
  0.156182095737743E+001 -0.830532453632959E+002 -0.830532514514623E+002
  0.156100796047496E+001 -0.830532448257194E+002 -0.830532470798821E+002
  0.156205518187588E+001 -0.830532459529279E+002 -0.830532714575209E+002
  0.156155906379895E+001 -0.830532449343054E+002 -0.830532462911437E+002
  0.156136881205592E+001 -0.830532447751357E+002 -0.830532531487316E+002
  0.156129776851585E+001 -0.830532447486015E+002 -0.830534250394291E+002
  0.156146966315304E+001 -0.830532448435297E+002 -0.830532885694108E+002
  0.156077962580964E+001 -0.830532450961781E+002 -0.830532597138622E+002
  0.156111927404293E+001 -0.830532447608822E+002 -0.830532463873874E+002
  0.156138627182281E+001 -0.830532447843957E+002 -0.830532473086222E+002
  0.156052986569393E+001 -0.830532456036619E+002 -0.830532693548672E+002
  0.156079414466553E+001 -0.830532450734784E+002 -0.830532569009671E+002
  0.156133940894589E+001 -0.830532447619838E+002 -0.830532492522151E+002
  0.156039994469872E+001 -0.830532459550790E+002 -0.830532469748812E+002
  0.156130905073167E+001 -0.830532447516202E+002 -0.830533962222996E+002
  0.156154472135817E+001 -0.830532449178343E+002 -0.830532485339011E+002
  0.156152013746006E+001 -0.830532448912979E+002 -0.830532463850258E+002
  0.156197298515471E+001 -0.830532457238586E+002 -0.830532461863011E+002
  0.156149223279247E+001 -0.830532448637730E+002 -0.830535569223807E+002
  0.156176840799450E+001 -0.830532452577196E+002 -0.830532467926081E+002
  0.156196087192167E+001 -0.830532456921258E+002 -0.830532465005175E+002
  0.156136786559484E+001 -0.830532447746646E+002 -0.830532498594659E+002
  0.156077407158880E+001 -0.830532451050595E+002 -0.830532463518440E+002
  0.156096956706915E+001 -0.830532448582701E+002 -0.830532510400076E+002
  0.156133795566238E+001 -0.830532447614132E+002 -0.830536011160391E+002
  0.156099891309624E+001 -0.830532448329193E+002 -0.830532460020484E+002
  0.156194931312417E+001 -0.830532456623304E+002 -0.830532570197301E+002
  0.156188229897321E+001 -0.830532454989192E+002 -0.830532575603803E+002
  0.156041178552252E+001 -0.830532459205731E+002 -0.830532465782638E+002
  0.156109830515332E+001 -0.830532447697382E+002 -0.830532466923381E+002
  0.156146654348018E+001 -0.830532448408737E+002 -0.830532476723590E+002
  0.156148178650001E+001 -0.830532448541790E+002 -0.830532466972486E+002
  0.156076070853237E+001 -0.830532451268757E+002 -0.830532471588948E+002
  0.156144029859914E+001 -0.830532448198949E+002 -0.830532522457752E+002
  0.156076883636470E+001 -0.830532451135310E+002 -0.830532632343030E+002
  0.156066353247446E+001 -0.830532453045618E+002 -0.830532685476184E+002
  0.156105817897370E+001 -0.830532447910304E+002 -0.830532463768045E+002
  0.156087512457010E+001 -0.830532449605766E+002 -0.830532619226176E+002
  0.156136322194278E+001 -0.830532447723993E+002 -0.830532482339188E+002
  0.156075251537967E+001 -0.830532451405646E+002 -0.830544130228720E+002
  0.156071023287663E+001 -0.830532452149921E+002 -0.830532524331346E+002
  0.156168971425101E+001 -0.830532451179230E+002 -0.830536989997756E+002
  0.156061584177521E+001 -0.830532454040096E+002 -0.830532565944926E+002
  0.156045649228814E+001 -0.830532457947720E+002 -0.830532488352221E+002
  0.156161581234332E+001 -0.830532450066271E+002 -0.830532462690282E+002
  0.156072972351094E+001 -0.830532451798965E+002 -0.830534131713895E+002
  0.156168859995156E+001 -0.830532451161011E+002 -0.830532484261546E+002
  0.156194385870825E+001 -0.830532456484349E+002 -0.830532486586163E+002
  0.156048550959350E+001 -0.830532457169115E+002 -0.830532461283943E+002
  0.156124793552258E+001 -0.830532447406658E+002 -0.830532694541640E+002
  0.156157695152648E+001 -0.830532449558699E+002 -0.830532821575874E+002
  0.156049371826858E+001 -0.830532456954273E+002 -0.830532492551682E+002
  0.156111372936728E+001 -0.830532447630724E+002 -0.830675876952027E+002
  0.156117816169832E+001 -0.830532447443466E+002 -0.830532562876335E+002
  0.156203268930482E+001 -0.830532458878644E+002 -0.830532863260925E+002
  0.156190126851784E+001 -0.830532455435603E+002 -0.830532464739778E+002
  0.156180347451339E+001 -0.830532453270847E+002 -0.830532481362716E+002
  0.156112661355440E+001 -0.830532447581507E+002 -0.830532460446836E+002
  0.156104273036122E+001 -0.830532448007496E+002 -0.830532481559594E+002
  0.156124595344229E+001 -0.830532447405322E+002 -0.830532481588617E+002
  0.156156888646331E+001 -0.830532449460067E+002 -0.830532768407854E+002
  0.156088747460108E+001 -0.830532449454012E+002 -0.830532464179377E+002
  0.156153339921253E+001 -0.830532449053468E+002 -0.830532501989964E+002
  0.156104682525541E+001 -0.830532447980910E+002 -0.830763444235467E+002
  0.156104914597456E+001 -0.830532447966106E+002 -0.830533129345625E+002
  0.156175389867962E+001 -0.830532452302937E+002 -0.830532468221290E+002
  0.156167310292915E+001 -0.830532450912197E+002 -0.830532505143008E+002
  0.156193750363249E+001 -0.830532456323779E+002 -0.830532948579835E+002
  0.156043669837908E+001 -0.830532458495964E+002 -0.830532488108884E+002
  0.156188101514900E+001 -0.830532454959441E+002 -0.830532470693055E+002
  0.156108908189235E+001 -0.830532447741272E+002 -0.830533636469670E+002
  0.156185218997830E+001 -0.830532454306829E+002 -0.830532612655201E+002
  0.156040205572127E+001 -0.830532459488907E+002 -0.830532472631208E+002
  0.156098074094475E+001 -0.830532448482576E+002 -0.830532462357943E+002
  0.156103118494735E+001 -0.830532448085656E+002 -0.830532478505766E+002
  0.156125780169692E+001 -0.830532447415381E+002 -0.830532474096040E+002
  0.156057224551395E+001 -0.830532455019733E+002 -0.830533448278991E+002
  0.156143677018221E+001 -0.830532448172607E+002 -0.830532496727826E+002
  0.156190044128058E+001 -0.830532455415869E+002 -0.830536991550724E+002
  0.156110835301954E+001 -0.830532447653001E+002 -0.830532499099020E+002
  0.156060843039420E+001 -0.830532454201881E+002 -0.830532652332974E+002
  0.156201760654575E+001 -0.830532458452396E+002 -0.830533659057556E+002
  0.156114706915940E+001 -0.830532447515455E+002 -0.830532478090312E+002
  0.156077355409616E+001 -0.830532451058926E+002 -0.830532521786798E+002
  0.156186861412522E+001 -0.830532454675067E+002 -0.830532488118454E+002
  0.156185764650173E+001 -0.830532454428106E+002 -0.830532509942674E+002
  0.156115681879926E+001 -0.830532447489194E+002 -0.830532572802646E+002
  0.156182787417607E+001 -0.830532453779213E+002 -0.830532484947300E+002
  0.156171847217830E+001 -0.830532451664651E+002 -0.830669673965237E+002
  0.156091951809643E+001 -0.830532449085484E+002 -0.830532477308356E+002
  0.156163598763216E+001 -0.830532450350897E+002 -0.830532472553663E+002
  0.156139754352595E+001 -0.830532447909478E+002 -0.830572693739035E+002
  0.156047246114104E+001 -0.830532457515544E+002 -0.830532622311250E+002
  0.156123373711052E+001 -0.830532447400162E+002 -0.830532468195747E+002
  0.156092414143673E+001 -0.830532449035316E+002 -0.830532466536453E+002
  0.156056166731440E+001 -0.830532455267590E+002 -0.830532464728597E+002
  0.156189928337164E+001 -0.830532455388289E+002 -0.830532539325849E+002
  0.156041576819155E+001 -0.830532459090787E+002 -0.830532636904133E+002
  0.156059600718256E+001 -0.830532454477439E+002 -0.830532485952345E+002
  0.156173348617987E+001 -0.830532451929729E+002 -0.830532466991074E+002
  0.156102905974053E+001 -0.830532448100558E+002 -0.830532610339570E+002
  0.156128564827227E+001 -0.830532447458612E+002 -0.830532495596956E+002
  0.156154981399678E+001 -0.830532449235993E+002 -0.830532462063234E+002
  0.156065999038948E+001 -0.830532453116708E+002 -0.830532510689834E+002
  0.156130887813433E+001 -0.830532447515707E+002 -0.830532460283286E+002
  0.156180193628059E+001 -0.830532453239505E+002 -0.830535612424196E+002
  0.156160976939930E+001 -0.830532449983827E+002 -0.830532534542749E+002
  0.156052478010018E+001 -0.830532456162924E+002 -0.830537269020627E+002
  0.156155001129550E+001 -0.830532449238245E+002 -0.830569434094252E+002
  0.156145299950312E+001 -0.830532448297425E+002 -0.830532469256492E+002
  0.156043414049931E+001 -0.830532458567824E+002 -0.830532671683626E+002
  0.156077910568075E+001 -0.830532450970052E+002 -0.830532471732144E+002
  0.156183824330085E+001 -0.830532454001644E+002 -0.830532461875519E+002
  0.156082995804219E+001 -0.830532450206805E+002 -0.830532465274631E+002
  0.156140401832270E+001 -0.830532447949152E+002 -0.830533954909168E+002
  0.156055578272554E+001 -0.830532455407188E+002 -0.830532463427989E+002
  0.156142500278195E+001 -0.830532448087945E+002 -0.830543862742185E+002
  0.156190648015017E+001 -0.830532455560482E+002 -0.830532461340729E+002
  0.156087447029059E+001 -0.830532449613956E+002 -0.830532474572570E+002
  0.156109857138755E+001 -0.830532447696160E+002 -0.830532506105023E+002
  0.156110310291860E+001 -0.830532447675744E+002 -0.830532499868571E+002
  0.156066338014035E+001 -0.830532453048666E+002 -0.830532479444110E+002
  0.156157538862459E+001 -0.830532449539405E+002 -0.830532474276663E+002
  0.156098170703158E+001 -0.830532448474127E+002 -0.830532661506446E+002
  0.156071684834370E+001 -0.830532452029291E+002 -0.830548214849540E+002
  0.156136572868818E+001 -0.830532447736127E+002 -0.830532463344589E+002
  0.156100145407372E+001 -0.830532448308679E+002 -0.830532474770973E+002
  0.156108016603129E+001 -0.830532447786565E+002 -0.830532635075200E+002
  0.156141179158455E+001 -0.830532447998745E+002 -0.830532508413295E+002
  0.156160254931653E+001 -0.830532449887021E+002 -0.830532528832027E+002
  0.156190999882212E+001 -0.830532455645339E+002 -0.830532599735081E+002
  0.156178354391530E+001 -0.830532452871253E+002 -0.830532568986265E+002
  0.156145781436397E+001 -0.830532448336251E+002 -0.830532464406470E+002
  0.156151159111063E+001 -0.830532448825746E+002 -0.830532466039899E+002
  0.156055331161210E+001 -0.830532455466176E+002 -0.830533060185872E+002
  0.156110380173517E+001 -0.830532447672661E+002 -0.830650570566199E+002
  0.156099768638168E+001 -0.830532448339179E+002 -0.830532460748026E+002
  0.156074474676003E+001 -0.830532451537640E+002 -0.830532485907368E+002
  0.156186056880043E+001 -0.830532454493492E+002 -0.830532498504424E+002
  0.156085325122783E+001 -0.830532449887808E+002 -0.830532470909770E+002
  0.156111915547718E+001 -0.830532447609279E+002 -0.830532459852801E+002
  0.156199628580308E+001 -0.830532457863615E+002 -0.830532862307320E+002
  0.156184829201154E+001 -0.830532454220838E+002 -0.830533229273674E+002
  0.156139298879804E+001 -0.830532447882460E+002 -0.830532667339728E+002
  0.156157302309298E+001 -0.830532449510368E+002 -0.830533081252460E+002
  0.156170485909562E+001 -0.830532451431214E+002 -0.830532962976956E+002
  0.156118203822035E+001 -0.830532447436893E+002 -0.830532888934188E+002
  0.156188590820907E+001 -0.830532455073146E+002 -0.830532491736079E+002
  0.156162319699411E+001 -0.830532450168777E+002 -0.830532460606623E+002
  0.156047650016578E+001 -0.830532457407665E+002 -0.830532628432609E+002
  0.156150742342430E+001 -0.830532448784146E+002 -0.830532466757210E+002
  0.156152443064963E+001 -0.830532448957777E+002 -0.830532517727819E+002
  0.156117289188560E+001 -0.830532447453255E+002 -0.830532464427263E+002
  0.156119897679981E+001 -0.830532447414423E+002 -0.830532461889548E+002
  0.156058952134662E+001 -0.830532454623474E+002 -0.830532467855775E+002
  0.156048054669435E+001 -0.830532457300166E+002 -0.830533503380986E+002
  0.156148615037286E+001 -0.830532448581398E+002 -0.830532468606526E+002
  0.156135494917697E+001 -0.830532447685530E+002 -0.830535404114307E+002
  0.156154922083033E+001 -0.830532449229231E+002 -0.830532833368492E+002
  0.156075210360096E+001 -0.830532451412589E+002 -0.830532462860950E+002
  0.156083910533936E+001 -0.830532450079240E+002 -0.830532484653158E+002
  0.156144268772075E+001 -0.830532448217037E+002 -0.830532470883657E+002
  0.156171296743328E+001 -0.830532451569465E+002 -0.830532498975954E+002
  0.156070289264828E+001 -0.830532452285583E+002 -0.830640345704189E+002
  0.156150620277192E+001 -0.830532448772078E+002 -0.830532467870971E+002
  0.156062102312459E+001 -0.830532453928147E+002 -0.830532507792649E+002
  0.156192241826007E+001 -0.830532455948359E+002 -0.830532464911435E+002
  0.156127201859950E+001 -0.830532447434018E+002 -0.830532502834640E+002
  0.156191950924246E+001 -0.830532455876892E+002 -0.830532480575478E+002
  0.156201662783922E+001 -0.830532458425015E+002 -0.830532572379200E+002
  0.156105019882180E+001 -0.830532447959453E+002 -0.830533072228466E+002
  0.156126392066327E+001 -0.830532447422524E+002 -0.830532484087896E+002
  0.156178091918428E+001 -0.830532452819678E+002 -0.830532461689687E+002
  0.156111487448943E+001 -0.830532447626111E+002 -0.830532543242330E+002
  0.156109295016515E+001 -0.830532447722497E+002 -0.830532494522144E+002
  0.156119957526131E+001 -0.830532447413815E+002 -0.830532466207908E+002
  0.156043443872463E+001 -0.830532458559434E+002 -0.830532473795961E+002
  0.156147828830810E+001 -0.830532448510527E+002 -0.830532500134844E+002
  0.156109739878756E+001 -0.830532447701562E+002 -0.830532465656268E+002
  0.156142616164629E+001 -0.830532448096065E+002 -0.830532468049112E+002
  0.156050669289922E+001 -0.830532456619564E+002 -0.830532508142113E+002
  0.156169554653731E+001 -0.830532451275307E+002 -0.830532560725097E+002
  0.156171328776416E+001 -0.830532451574974E+002 -0.830532560850772E+002
  0.156148188763068E+001 -0.830532448542700E+002 -0.830532478113291E+002
  0.156140158841318E+001 -0.830532447934088E+002 -0.830533026619749E+002
  0.156057690037290E+001 -0.830532454911923E+002 -0.830533021990492E+002
  0.156189004186683E+001 -0.830532455169865E+002 -0.830532712122224E+002
  0.156059157857138E+001 -0.830532454576992E+002 -0.830532488276124E+002
  0.156157197662660E+001 -0.830532449497586E+002 -0.830532485539856E+002
  0.156150060692679E+001 -0.830532448717433E+002 -0.830533017122185E+002
  0.156114634868612E+001 -0.830532447517530E+002 -0.830532542925568E+002
  0.156181659382099E+001 -0.830532453541564E+002 -0.830533006434324E+002
  0.156156929991466E+001 -0.830532449465067E+002 -0.830532519989893E+002
  0.156042395827742E+001 -0.830532458856181E+002 -0.830532500570172E+002
  0.156155998010155E+001 -0.830532449353825E+002 -0.830532990414212E+002
  0.156075610497357E+001 -0.830532451345379E+002 -0.830532460219675E+002
  0.156077631368359E+001 -0.830532451014612E+002 -0.830532530231451E+002
  0.156079550858476E+001 -0.830532450713844E+002 -0.830532466464388E+002
  0.156193617949070E+001 -0.830532456290503E+002 -0.830532564345398E+002
  0.156169596863212E+001 -0.830532451282307E+002 -0.830532504984525E+002
  0.156191659079139E+001 -0.830532455805495E+002 -0.830532471410280E+002
  0.156059663675187E+001 -0.830532454463343E+002 -0.830532508599706E+002
  0.156074280133526E+001 -0.830532451571029E+002 -0.830532501823150E+002
  0.156076595283310E+001 -0.830532451182385E+002 -0.830532465150315E+002
  0.156046798406085E+001 -0.830532457635798E+002 -0.830532486563276E+002
  0.156112014824850E+001 -0.830532447605468E+002 -0.830532929493824E+002
  0.156089504983308E+001 -0.830532449363605E+002 -0.830532468976355E+002
  0.156070501604747E+001 -0.830532452246142E+002 -0.830532926077568E+002
  0.156071544478702E+001 -0.830532452054755E+002 -0.830532502167450E+002
  0.156042155707106E+001 -0.830532458924717E+002 -0.830532517081235E+002
  0.156117394399592E+001 -0.830532447451222E+002 -0.830532463420900E+002
  0.156183180769913E+001 -0.830532453863144E+002 -0.830532459694218E+002
  0.156052214219679E+001 -0.830532456228800E+002 -0.830532515099625E+002
  0.156130887615617E+001 -0.830532447515701E+002 -0.830532579580114E+002
  0.156064333053704E+001 -0.830532453457039E+002 -0.830532459665953E+002
