  0.100000000000000E+001  0.114004235844898E+005  0.578563639687884E+002
  0.100000000000000E+001  0.207469414363373E+005  0.777566762773187E+002
  0.100000000000000E+001  0.313165791356224E+004  0.304846891935597E+002
  0.100000000000000E+001  0.157622864196155E+005  0.678907170720430E+002
  0.100000000000000E+001  0.323643693569726E+005  0.968658042055610E+002
  0.100000000000000E+001  0.168334095115874E+005  0.701306042975732E+002
  0.100000000000000E+001  0.191037115811608E+005  0.746515813633841E+002
  0.100000000000000E+001  0.639110224353378E+004  0.434663455294478E+002
  0.100000000000000E+001  0.187656024416894E+005  0.739961707250428E+002
  0.100000000000000E+001  0.238800904595001E+004  0.265969451956102E+002
  0.100000000000000E+001  0.925316554743462E+004  0.521913773745664E+002
  0.100000000000000E+001  0.136150200229922E+004  0.199246385138759E+002
  0.100000000000000E+001  0.283702511156171E+003  0.732084816460643E+001
  0.100000000000000E+001  0.344950094328467E+005  0.999685687517716E+002
  0.100000000000000E+001  0.268414113410594E+005  0.883077815652383E+002
  0.100000000000000E+001  0.171143419059776E+005  0.707060682345073E+002
  0.100000000000000E+001  0.220770587672101E+005  0.801803446913562E+002
  0.100000000000000E+001  0.107001739847149E+004  0.175295891374150E+002
  0.100000000000000E+001  0.282978564797695E+005  0.906444483237714E+002
  0.100000000000000E+001  0.145384702320060E+004  0.206207373075883E+002
  0.100000000000000E+001  0.338830581610569E+005  0.990875139303455E+002
  0.100000000000000E+001  0.334263537990598E+005  0.984247532587921E+002
  0.100000000000000E+001  0.722400204311121E+004  0.461818013973282E+002
  0.100000000000000E+001  0.186991820291851E+005  0.738667193209463E+002
  0.100000000000000E+001  0.603695442076386E+003  0.126716538652520E+002
  0.100000000000000E+001  0.765403275999882E+004  0.475210473605603E+002
  0.100000000000000E+001  0.443715829046601E+003  0.104106430992376E+002
  0.100000000000000E+001  0.295841915355383E+003  0.761083022656937E+001
  0.100000000000000E+001  0.269444373771030E+005  0.884751374944434E+002
  0.100000000000000E+001  0.277563557014376E+004  0.286930277713589E+002
  0.100000000000000E+001  0.171876807186744E+005  0.708555093522967E+002
  0.100000000000000E+001  0.129422569270381E+005  0.615952640873418E+002
  0.100000000000000E+001  0.300511549118246E+004  0.298608684431407E+002
  0.100000000000000E+001  0.238028985848493E+005  0.832179235790835E+002
  0.100000000000000E+001  0.429857748927095E+004  0.357042879303846E+002
  0.100000000000000E+001  0.558602700881235E+004  0.406627796936211E+002
  0.100000000000000E+001  0.148646260226612E+005  0.659535862272574E+002
  0.100000000000000E+001  0.976931120525917E+003  0.166850305423263E+002
  0.100000000000000E+001  0.494743504228923E+004  0.382870755376301E+002
  0.100000000000000E+001  0.188985982047496E+005  0.742546825858927E+002
  0.100000000000000E+001  0.168868580347651E+003  0.678521042977849E+000
  0.100000000000000E+001  0.331432913389402E+005  0.980116923839113E+002
  0.100000000000000E+001  0.338729694901385E+004  0.317055649095946E+002
  0.100000000000000E+001  0.103986847202010E+004  0.172610274357589E+002
  0.100000000000000E+001  0.134307660708058E+004  0.197825654287810E+002
  0.100000000000000E+001  0.100844937742267E+005  0.544566473518295E+002
  0.100000000000000E+001  0.273943363445011E+005  0.892022105311981E+002
  0.100000000000000E+001  0.208233373918130E+005  0.778979638439829E+002
  0.100000000000000E+001  0.135574029827421E+005  0.630235334174698E+002
  0.100000000000000E+001  0.823496425653227E+004  0.492705849958713E+002
  0.100000000000000E+001  0.681544460384179E+004  0.448710842077014E+002
  0.100000000000000E+001  0.283112596473479E+004  0.289799827146197E+002
  0.100000000000000E+001  0.215740777174500E+005  0.792727276313806E+002
  0.100000000000000E+001  0.433319551374194E+004  0.358469991856477E+002
  0.100000000000000E+001  0.293907100377389E+005  0.923583008596907E+002
  0.100000000000000E+001  0.236228576032040E+005  0.829063403898100E+002
  0.100000000000000E+001  0.348981380317347E+004  0.321814911974300E+002
  0.100000000000000E+001  0.814581639626649E+004  0.490062972687637E+002
  0.100000000000000E+001  0.105397676215733E+005  0.556570297724565E+002
  0.100000000000000E+001  0.955128141619492E+004  0.530151778920910E+002
  0.100000000000000E+001  0.117735799749401E+005  0.587836694707859E+002
  0.100000000000000E+001  0.235563298647281E+005  0.827909034960555E+002
  0.100000000000000E+001  0.950230716368066E+004  0.528807523348121E+002
  0.100000000000000E+001  0.398163385906506E+004  0.343688550740526E+002
  0.100000000000000E+001  0.168270182068383E+005  0.701174561055317E+002
  0.100000000000000E+001  0.335987124180152E+005  0.986754081914126E+002
  0.100000000000000E+001  0.157834316862701E+005  0.679356665297979E+002
  0.100000000000000E+001  0.168137351239103E+003  0.804329307162803E+000
  0.100000000000000E+001  0.113063589181144E+005  0.576201896502397E+002
  0.100000000000000E+001  0.148074600934781E+005  0.658282458800570E+002
  0.100000000000000E+001  0.287097491760339E+003  0.740339632824719E+001
  0.100000000000000E+001  0.659599922967339E+003  0.133600383513400E+002
  0.100000000000000E+001  0.522910521335545E+003  0.115938028272090E+002
  0.100000000000000E+001  0.532879556641668E+004  0.397236138635741E+002
  0.100000000000000E+001  0.770817881805895E+004  0.476869184187452E+002
  0.100000000000000E+001  0.208607350210888E+005  0.779670322019566E+002
  0.100000000000000E+001  0.141551244384793E+005  0.643802465901933E+002
  0.100000000000000E+001  0.177430924639318E+005  0.719769662166879E+002
  0.100000000000000E+001  0.107615213268922E+005  0.562321648371466E+002
  0.100000000000000E+001  0.186462149630097E+005  0.737633217485494E+002
  0.100000000000000E+001  0.199949029871098E+003  0.465101827629312E+001
  0.100000000000000E+001  0.289593289381171E+003  0.746334476242739E+001
  0.100000000000000E+001  0.201198564827824E+003  0.470754191424650E+001
  0.100000000000000E+001  0.344577381938341E+005  0.999151333186723E+002
  0.100000000000000E+001  0.210725752402346E+005  0.783570998825582E+002
  0.100000000000000E+001  0.706952058247223E+003  0.139131394460539E+002
  0.100000000000000E+001  0.301022823182443E+005  0.934570346183389E+002
  0.100000000000000E+001  0.435427764514963E+003  0.102775418871324E+002
  0.100000000000000E+001  0.159292987905347E+005  0.682449174638167E+002
  0.100000000000000E+001  0.247875472801142E+005  0.849013755959831E+002
  0.100000000000000E+001  0.961749432706292E+003  0.165427742584798E+002
  0.100000000000000E+001  0.293402140388061E+005  0.922798246690106E+002
  0.100000000000000E+001  0.212387297259222E+005  0.786616641414509E+002
  0.100000000000000E+001  0.115584535580215E+005  0.582509251782925E+002
  0.100000000000000E+001  0.982919153605894E+004  0.537714373156756E+002
  0.100000000000000E+001  0.296781467172163E+005  0.928037226506333E+002
  0.100000000000000E+001  0.219926800616762E+004  0.255100123393854E+002
  0.100000000000000E+001  0.135008746738514E+005  0.628936716633881E+002
  0.100000000000000E+001  0.163115148358059E+004  0.218905555761756E+002
  0.100000000000000E+001  0.281350862091641E+004  0.288892054073596E+002
  0.100000000000000E+001  0.222641273650249E+005  0.805152436447416E+002
  0.100000000000000E+001  0.881596276951629E+004  0.509583878299333E+002
  0.100000000000000E+001  0.984217604977125E+004  0.538065035804168E+002
  0.100000000000000E+001  0.268838307682882E+003  0.694454576041755E+001
  0.100000000000000E+001  0.366885242202333E+004  0.329953874458908E+002
  0.100000000000000E+001  0.490708832899117E+004  0.381317937557065E+002
  0.100000000000000E+001  0.147355654043625E+004  0.207660411255220E+002
  0.100000000000000E+001  0.293775443705756E+005  0.923378465410861E+002
  0.100000000000000E+001  0.189253563650780E+005  0.743065830220910E+002
  0.100000000000000E+001  0.168287645009003E+004  0.222463169122227E+002
  0.100000000000000E+001  0.211867644789532E+005  0.785665403342285E+002
  0.100000000000000E+001  0.112058991785968E+005  0.573668550642818E+002
  0.100000000000000E+001  0.340714285436003E+004  0.317982826555438E+002
  0.100000000000000E+001  0.293574215255547E+005  0.923065745692989E+002
  0.100000000000000E+001  0.586106409425897E+003  0.124460701410625E+002
  0.100000000000000E+001  0.813680765337619E+003  0.150770457189138E+002
  0.100000000000000E+001  0.212835236770961E+005  0.787435666113663E+002
  0.100000000000000E+001  0.338435658150631E+005  0.990303813884221E+002
  0.100000000000000E+001  0.483884845866075E+004  0.378676484751440E+002
  0.100000000000000E+001  0.315884405231635E+005  0.957104540354745E+002
  0.100000000000000E+001  0.167096025355810E+003  0.103288815581645E+001
  0.100000000000000E+001  0.225962671885417E+004  0.258628976910307E+002
  0.100000000000000E+001  0.105331839773448E+004  0.173814004484896E+002
  0.100000000000000E+001  0.253486230696617E+005  0.858456082801539E+002
  0.100000000000000E+001  0.436885493553493E+003  0.103010990256674E+002
  0.100000000000000E+001  0.141119786563589E+005  0.642832966539074E+002
  0.100000000000000E+001  0.470723078894497E+003  0.108311121450085E+002
  0.100000000000000E+001  0.279367904748903E+005  0.900709184517861E+002
  0.100000000000000E+001  0.233695774819317E+004  0.263076586583523E+002
  0.100000000000000E+001  0.236884085641236E+005  0.830199224062209E+002
  0.100000000000000E+001  0.237193080903980E+005  0.830734080088114E+002
  0.100000000000000E+001  0.244822437624132E+003  0.627348418363826E+001
  0.100000000000000E+001  0.161713171466660E+005  0.687548776866596E+002
  0.100000000000000E+001  0.268640384662697E+005  0.883445648200153E+002
  0.100000000000000E+001  0.712540876457848E+004  0.458690480769595E+002
  0.100000000000000E+001  0.102871143870653E+005  0.549942103977506E+002
  0.100000000000000E+001  0.164682003010298E+005  0.693752070141972E+002
  0.100000000000000E+001  0.754061307019013E+003  0.144398533156227E+002
  0.100000000000000E+001  0.170153165954345E+003  0.262965965790203E+001
  0.100000000000000E+001  0.329840180515436E+005  0.977784921216823E+002
  0.100000000000000E+001  0.844405565333207E+004  0.498847868395072E+002
  0.100000000000000E+001  0.103680189925914E+005  0.552073497213124E+002
  0.100000000000000E+001  0.385328746908919E+004  0.338123449752766E+002
  0.100000000000000E+001  0.168042612575436E+005  0.700706200217627E+002
  0.100000000000000E+001  0.192343449000223E+005  0.749032400642460E+002
  0.100000000000000E+001  0.277422093829126E+003  0.716493672229083E+001
  0.100000000000000E+001  0.588756112166688E+003  0.124803513976894E+002
  0.100000000000000E+001  0.114979868964644E+005  0.581002803079971E+002
  0.100000000000000E+001  0.120206717965340E+005  0.593895179950717E+002
  0.100000000000000E+001  0.170752661239858E+005  0.706263122067274E+002
  0.100000000000000E+001  0.706723485504695E+004  0.456834714051383E+002
  0.100000000000000E+001  0.136648346046859E+005  0.632695814719408E+002
  0.100000000000000E+001  0.180525735164020E+005  0.725941723397155E+002
  0.100000000000000E+001  0.348444012142892E+004  0.321567281699690E+002
  0.100000000000000E+001  0.110857968044640E+005  0.570624690479066E+002
  0.100000000000000E+001  0.142026733346272E+005  0.644869174485712E+002
  0.100000000000000E+001  0.850259788698683E+004  0.500553595841846E+002
  0.100000000000000E+001  0.255880415604663E+004  0.275413655359108E+002
  0.100000000000000E+001  0.229020280651373E+005  0.816467138975213E+002
  0.100000000000000E+001  0.214436459796031E+004  0.251844434008325E+002
  0.100000000000000E+001  0.155269639572097E+005  0.673884099205156E+002
  0.100000000000000E+001  0.177277271428660E+003  0.333639536080159E+001
  0.100000000000000E+001  0.336703519608186E+003  0.849841278336064E+001
  0.100000000000000E+001  0.387994998997706E+004  0.339287411021011E+002
  0.100000000000000E+001  0.208009611068821E+005  0.778566079773064E+002
  0.100000000000000E+001  0.303803375556953E+005  0.938828246515192E+002
  0.100000000000000E+001  0.542523408727319E+004  0.400783994850736E+002
  0.100000000000000E+001  0.403475785276589E+004  0.345964576214122E+002
  0.100000000000000E+001  0.177209183333229E+005  0.719325359447190E+002
  0.100000000000000E+001  0.172997301320651E+005  0.710832100203520E+002
  0.100000000000000E+001  0.355987651677769E+004  0.325025409139692E+002
  0.100000000000000E+001  0.314006907987966E+005  0.954287598931817E+002
  0.100000000000000E+001  0.177832781099045E+003  0.337999833666608E+001
  0.100000000000000E+001  0.111793100394908E+005  0.572996111339552E+002
  0.100000000000000E+001  0.162120059012825E+005  0.688402339674090E+002
  0.100000000000000E+001  0.108654348345102E+005  0.564996006907504E+002
  0.100000000000000E+001  0.278314487857307E+005  0.899028883988512E+002
  0.100000000000000E+001  0.315447882317980E+004  0.305957637659880E+002
  0.100000000000000E+001  0.348399821151432E+004  0.321546908665261E+002
  0.100000000000000E+001  0.332166475416363E+005  0.981189075629534E+002
  0.100000000000000E+001  0.833456849168711E+003  0.152818715283706E+002
  0.100000000000000E+001  0.999857140411423E+004  0.542270341300927E+002
  0.100000000000000E+001  0.267093035965013E+004  0.281431347103619E+002
  0.100000000000000E+001  0.199958737165329E+005  0.763534337861113E+002
  0.100000000000000E+001  0.162571374956916E+005  0.689347838782275E+002
  0.100000000000000E+001  0.121601831140228E+005  0.597288009230957E+002
  0.100000000000000E+001  0.347812025735080E+003  0.872071013281541E+001
  0.100000000000000E+001  0.137393154775995E+005  0.634395889554248E+002
  0.100000000000000E+001  0.155730591761606E+005  0.674871038058968E+002
  0.100000000000000E+001  0.149641304801066E+004  0.209331806353867E+002
  0.100000000000000E+001  0.195660985110324E+004  0.240354725883292E+002
  0.100000000000000E+001  0.574720118418851E+004  0.412399091803273E+002
  0.100000000000000E+001  0.532921183375540E+004  0.397251523481110E+002
  0.100000000000000E+001  0.421618362932077E+003  0.100511377490326E+002
  0.100000000000000E+001  0.139773730465325E+005  0.639798658799829E+002
  0.100000000000000E+001  0.243676072301837E+005  0.841875997010354E+002
  0.100000000000000E+001  0.169283946433874E+004  0.223141414756298E+002
  0.100000000000000E+001  0.264334265691438E+005  0.876418540215369E+002
  0.100000000000000E+001  0.479786250639318E+004  0.377080707953225E+002
  0.100000000000000E+001  0.189665134059328E+004  0.236559714095054E+002
  0.100000000000000E+001  0.820060467015300E+004  0.491688963382903E+002
  0.100000000000000E+001  0.156914806406187E+005  0.677399797190898E+002
  0.100000000000000E+001  0.136100485390015E+005  0.631442290996883E+002
  0.100000000000000E+001  0.110037168340072E+005  0.568534826629484E+002
  0.100000000000000E+001  0.138835518124154E+005  0.637674967622396E+002
  0.100000000000000E+001  0.429911213319953E+003  0.101878111840268E+002
  0.100000000000000E+001  0.140998124911772E+005  0.642559317986119E+002
  0.100000000000000E+001  0.460033624295951E+003  0.106670125689286E+002
  0.100000000000000E+001  0.194214727004510E+005  0.752622355336744E+002
  0.100000000000000E+001  0.320316939879140E+004  0.308313428768143E+002
  0.100000000000000E+001  0.277072154556572E+005  0.897043127354194E+002
  0.100000000000000E+001  0.632067465210076E+003  0.130261816769953E+002
  0.100000000000000E+001  0.342968748071861E+005  0.996841711270090E+002
  0.100000000000000E+001  0.414913930883782E+004  0.350812639353156E+002
  0.100000000000000E+001  0.215940796808972E+005  0.793090229826661E+002
  0.100000000000000E+001  0.145666710221251E+004  0.206415955185980E+002
  0.100000000000000E+001  0.208352861404333E+003  0.501339847770392E+001
  0.100000000000000E+001  0.108194070692454E+005  0.563813027998957E+002
  0.100000000000000E+001  0.477972604586341E+004  0.376372317008401E+002
  0.100000000000000E+001  0.182999947343670E+005  0.730837798173306E+002
  0.100000000000000E+001  0.196653597602638E+005  0.757275126633678E+002
  0.100000000000000E+001  0.180319956975640E+003  0.356361279638697E+001
  0.100000000000000E+001  0.267427424341993E+003  0.690745164595454E+001
  0.100000000000000E+001  0.167308618282214E+004  0.221794510056227E+002
  0.100000000000000E+001  0.159869885628184E+005  0.683668297470803E+002
  0.100000000000000E+001  0.607905751186020E+004  0.424025389694145E+002
  0.100000000000000E+001  0.139916775958131E+005  0.640121815046394E+002
  0.100000000000000E+001  0.373609850984515E+004  0.332956911460701E+002
  0.100000000000000E+001  0.924943086788809E+004  0.521809720930250E+002
  0.100000000000000E+001  0.135017442294569E+005  0.628956713644741E+002
  0.100000000000000E+001  0.272007463937320E+004  0.284026346262808E+002
  0.100000000000000E+001  0.115151967286244E+004  0.182339579636126E+002
  0.100000000000000E+001  0.874187960668553E+004  0.507463977659061E+002
  0.100000000000000E+001  0.168981699550935E+005  0.702636875603794E+002
  0.100000000000000E+001  0.227972704509866E+004  0.259792817124105E+002
  0.100000000000000E+001  0.172759823018552E+004  0.225490502907452E+002
  0.100000000000000E+001  0.530456539751329E+004  0.396339543321324E+002
  0.100000000000000E+001  0.264426949540628E+005  0.876570393927231E+002
  0.100000000000000E+001  0.932743672562652E+004  0.523978637876758E+002
  0.100000000000000E+001  0.343419617291291E+005  0.997489601958012E+002
  0.100000000000000E+001  0.121401787033931E+005  0.596802730688869E+002
  0.100000000000000E+001  0.215772430902810E+005  0.792784726124213E+002
  0.100000000000000E+001  0.389823534300496E+004  0.340083250544121E+002
  0.100000000000000E+001  0.862024333091521E+004  0.503963379626541E+002
  0.100000000000000E+001  0.340492302567011E+005  0.993275449504367E+002
  0.100000000000000E+001  0.213066565573181E+004  0.251025088833791E+002
  0.100000000000000E+001  0.285829192403640E+005  0.910946567474955E+002
  0.100000000000000E+001  0.284803980289773E+005  0.909330029825244E+002
  0.100000000000000E+001  0.265133053349544E+005  0.877726400058931E+002
  0.100000000000000E+001  0.917206169904068E+004  0.519649287817671E+002
  0.100000000000000E+001  0.243318721110054E+005  0.841265755102152E+002
  0.100000000000000E+001  0.200640470143301E+004  0.243458398621255E+002
  0.100000000000000E+001  0.129089488072917E+004  0.193740588957694E+002
  0.100000000000000E+001  0.226138284871988E+005  0.811375149929579E+002
  0.100000000000000E+001  0.489859988753739E+003  0.111178578779229E+002
  0.100000000000000E+001  0.694018202366551E+004  0.452754295956675E+002
  0.100000000000000E+001  0.232806641616035E+005  0.823108182289272E+002
  0.100000000000000E+001  0.800156713192475E+004  0.485755091472236E+002
  0.100000000000000E+001  0.510401001096456E+004  0.388835652855864E+002
  0.100000000000000E+001  0.257263223578168E+004  0.276163306796638E+002
  0.100000000000000E+001  0.254921998182788E+005  0.860855381845892E+002
  0.100000000000000E+001  0.147887641657839E+004  0.208050726401266E+002
  0.100000000000000E+001  0.185060769827540E+005  0.734890400573185E+002
  0.100000000000000E+001  0.289608070542100E+004  0.293121109427553E+002
  0.100000000000000E+001  0.496199171179822E+004  0.383429386454211E+002
  0.100000000000000E+001  0.170017589182233E+005  0.704760294333638E+002
  0.100000000000000E+001  0.202070392780970E+005  0.767506072461115E+002
  0.100000000000000E+001  0.798335797054831E+004  0.485208481242193E+002
  0.100000000000000E+001  0.324138609282248E+003  0.823805636329845E+001
  0.100000000000000E+001  0.942639179350025E+003  0.163617626315284E+002
  0.100000000000000E+001  0.233547696555780E+005  0.824401566280026E+002
  0.100000000000000E+001  0.210814366956890E+004  0.249671796074900E+002
  0.100000000000000E+001  0.290030525958741E+005  0.917540896611661E+002
  0.100000000000000E+001  0.476058323667002E+003  0.109119390325209E+002
  0.100000000000000E+001  0.173559774718567E+003  0.301123929102408E+001
  0.100000000000000E+001  0.159670197919765E+005  0.683246561515170E+002
  0.100000000000000E+001  0.578228405497952E+003  0.123435025546839E+002
  0.100000000000000E+001  0.184854400567497E+005  0.734485605281623E+002
  0.100000000000000E+001  0.147182005419914E+005  0.656320476656840E+002
  0.100000000000000E+001  0.543211985071174E+004  0.401036064581392E+002
  0.100000000000000E+001  0.273678607396728E+005  0.891595909345242E+002
  0.100000000000000E+001  0.723646932213737E+004  0.462211935707626E+002
  0.100000000000000E+001  0.826492797530385E+003  0.152100937457631E+002
  0.100000000000000E+001  0.158309041572207E+005  0.680364702104619E+002
  0.100000000000000E+001  0.921243442428800E+004  0.520777796242357E+002
  0.100000000000000E+001  0.754257660146021E+004  0.471777139877283E+002
  0.100000000000000E+001  0.410747462452532E+004  0.349054841573060E+002
  0.100000000000000E+001  0.289766082036138E+005  0.917127253214966E+002
  0.100000000000000E+001  0.371346202791908E+004  0.331949207583231E+002
  0.100000000000000E+001  0.328745753544286E+004  0.312347324981721E+002
  0.100000000000000E+001  0.213560281571613E+005  0.788759518869007E+002
  0.100000000000000E+001  0.809050199304549E+004  0.488415695055577E+002
  0.100000000000000E+001  0.163938960775065E+005  0.692204839469653E+002
  0.100000000000000E+001  0.238838587985572E+005  0.833576483831894E+002
  0.100000000000000E+001  0.261672248571623E+005  0.872045585039555E+002
  0.100000000000000E+001  0.116235374624014E+004  0.183253611449101E+002
  0.100000000000000E+001  0.723711776458152E+004  0.462232414680208E+002
  0.100000000000000E+001  0.347953605287919E+004  0.321341117118346E+002
  0.100000000000000E+001  0.542897656900858E+003  0.118709721515362E+002
  0.100000000000000E+001  0.113669857597225E+005  0.577725231064200E+002
  0.100000000000000E+001  0.559447242562782E+003  0.120949536637891E+002
  0.100000000000000E+001  0.606180487818976E+004  0.423429126587529E+002
  0.100000000000000E+001  0.170420892276344E+003  0.458018721037629E+000
  0.100000000000000E+001  0.374302817639257E+004  0.333264758977691E+002
  0.100000000000000E+001  0.283655425951087E+005  0.907515528331968E+002
  0.100000000000000E+001  0.327308982902231E+005  0.974067190194013E+002
  0.100000000000000E+001  0.315285110878153E+005  0.956206293456698E+002
  0.100000000000000E+001  0.246029092039361E+005  0.845883004626080E+002
  0.100000000000000E+001  0.177242750367821E+005  0.719392635680158E+002
  0.100000000000000E+001  0.222376507044446E+004  0.256538568636269E+002
  0.100000000000000E+001  0.379416572853486E+004  0.335527364217421E+002
  0.100000000000000E+001  0.174127045546797E+005  0.713120378894149E+002
  0.100000000000000E+001  0.140353103079408E+005  0.641106496957042E+002
  0.100000000000000E+001  0.264688107712545E+005  0.876998132877679E+002
  0.100000000000000E+001  0.121291371386028E+005  0.596534704408172E+002
  0.100000000000000E+001  0.184729900102489E+005  0.734241286145924E+002
  0.100000000000000E+001  0.307726933180219E+005  0.944803257424815E+002
  0.100000000000000E+001  0.917170481196088E+004  0.519639300754998E+002
  0.100000000000000E+001  0.214253945528110E+005  0.790023955314032E+002
  0.100000000000000E+001  0.657416055943234E+004  0.440780325903845E+002
  0.100000000000000E+001  0.168961459660156E+003  0.663802602342668E+000
  0.100000000000000E+001  0.362131102531102E+004  0.327813368994498E+002
  0.100000000000000E+001  0.115292033539047E+005  0.581781021272164E+002
  0.100000000000000E+001  0.970529246440649E+004  0.534356405172996E+002
  0.100000000000000E+001  0.272695053641852E+004  0.284387421041270E+002
  0.100000000000000E+001  0.313605094901109E+003  0.801169988031181E+001
  0.100000000000000E+001  0.755327591745626E+004  0.472107845715813E+002
  0.100000000000000E+001  0.929350529600152E+003  0.162345768513277E+002
  0.100000000000000E+001  0.868408456420545E+003  0.156365867930377E+002
  0.100000000000000E+001  0.121222154904535E+005  0.596366623153079E+002
  0.100000000000000E+001  0.150578012303412E+005  0.663753431138752E+002
  0.100000000000000E+001  0.129414667833420E+005  0.615934076498771E+002
  0.100000000000000E+001  0.111241901713202E+004  0.178998274855711E+002
  0.100000000000000E+001  0.235664565957021E+005  0.828084856722283E+002
  0.100000000000000E+001  0.203607936765251E+005  0.770384832918036E+002
  0.100000000000000E+001  0.129393325980981E+005  0.615883931085891E+002
  0.100000000000000E+001  0.148658917214985E+005  0.659563586009781E+002
  0.100000000000000E+001  0.166609988253850E+003  0.193810242065466E+001
  0.100000000000000E+001  0.203529117069770E+005  0.770237524994343E+002
  0.100000000000000E+001  0.308276259817493E+005  0.945636739011746E+002
  0.100000000000000E+001  0.248356523535331E+005  0.849827503547149E+002
  0.100000000000000E+001  0.499339663606857E+003  0.112567600384136E+002
  0.100000000000000E+001  0.511936052250769E+004  0.389415324370739E+002
  0.100000000000000E+001  0.149392059059177E+005  0.661167420532730E+002
  0.100000000000000E+001  0.731090280448857E+004  0.464556577486190E+002
  0.100000000000000E+001  0.936967555565873E+004  0.525149216065982E+002
  0.100000000000000E+001  0.103831428065840E+005  0.552470988124529E+002
  0.100000000000000E+001  0.254576624931821E+005  0.860278854019427E+002
  0.100000000000000E+001  0.244555126953077E+004  0.269190571072525E+002
  0.100000000000000E+001  0.277497782790376E+005  0.897723958726940E+002
  0.100000000000000E+001  0.590254714250874E+004  0.417883336117441E+002
  0.100000000000000E+001  0.314757047578638E+005  0.955414099048297E+002
  0.100000000000000E+001  0.319354591542179E+004  0.307849322547848E+002
  0.100000000000000E+001  0.269870701079529E+005  0.885442960933389E+002
  0.100000000000000E+001  0.112661439860652E+005  0.575189152148469E+002
  0.100000000000000E+001  0.241651751805686E+005  0.838413123074537E+002
  0.100000000000000E+001  0.182486760290486E+005  0.729825040946347E+002
  0.100000000000000E+001  0.230253238785472E+005  0.818635701714593E+002
  0.100000000000000E+001  0.386996824663667E+004  0.338852145519654E+002
  0.100000000000000E+001  0.273978125872518E+005  0.892078049383374E+002
  0.100000000000000E+001  0.287048530954840E+005  0.912865408650227E+002
  0.100000000000000E+001  0.245954345337014E+004  0.269967665083225E+002
  0.100000000000000E+001  0.302863679554743E+005  0.937391476635428E+002
  0.100000000000000E+001  0.117056751814886E+005  0.586160456697802E+002
  0.100000000000000E+001  0.936920259767398E+004  0.525136123717941E+002
  0.100000000000000E+001  0.408723661841346E+003  0.983413798125646E+001
  0.100000000000000E+001  0.177769502977826E+005  0.720447530763018E+002
  0.100000000000000E+001  0.297703925541737E+005  0.929462098089350E+002
  0.100000000000000E+001  0.126574216491998E+005  0.609222837574493E+002
  0.100000000000000E+001  0.630465143228716E+004  0.431743455424347E+002
  0.100000000000000E+001  0.313089557660187E+005  0.952908154778449E+002
  0.100000000000000E+001  0.290973496334880E+005  0.919014349833813E+002
  0.100000000000000E+001  0.184079591815852E+003  0.381292030696316E+001
  0.100000000000000E+001  0.334050795636880E+005  0.983937699193757E+002
  0.100000000000000E+001  0.253493642264390E+005  0.858468485747824E+002
  0.100000000000000E+001  0.128552396151611E+004  0.193314794385758E+002
  0.100000000000000E+001  0.170595879159737E+003  0.435868677503984E+000
  0.100000000000000E+001  0.218509181875457E+004  0.254263750288723E+002
  0.100000000000000E+001  0.199182669678515E+004  0.242554157698845E+002
  0.100000000000000E+001  0.174389327495414E+003  0.308980421691899E+001
  0.100000000000000E+001  0.256260010584560E+004  0.275619657597267E+002
  0.100000000000000E+001  0.195592945316989E+005  0.755255256863133E+002
  0.100000000000000E+001  0.310719655389514E+005  0.949335036500028E+002
  0.100000000000000E+001  0.147923911041354E+005  0.657951653212425E+002
  0.100000000000000E+001  0.861835347217968E+004  0.503908792967152E+002
  0.100000000000000E+001  0.152295561783599E+005  0.667480418064738E+002
  0.100000000000000E+001  0.940672657752777E+004  0.526173813259203E+002
  0.100000000000000E+001  0.889477263478229E+004  0.511829092670070E+002
  0.100000000000000E+001  0.184442605905319E+005  0.733677184105321E+002
  0.100000000000000E+001  0.280153594944578E+005  0.901960361459435E+002
  0.100000000000000E+001  0.328617844102461E+004  0.312286519415949E+002
  0.100000000000000E+001  0.337201614871298E+005  0.988516393676598E+002
  0.100000000000000E+001  0.992230430502996E+004  0.540223810937496E+002
  0.100000000000000E+001  0.240129770954530E+005  0.835799940633179E+002
  0.100000000000000E+001  0.820856006733073E+004  0.491924599882205E+002
  0.100000000000000E+001  0.172203981742440E+003  0.249713229190593E+000
  0.100000000000000E+001  0.665261339995069E+004  0.443375042550768E+002
  0.100000000000000E+001  0.116629748898108E+005  0.585103868125509E+002
  0.100000000000000E+001  0.329080298705924E+005  0.976670345102962E+002
  0.100000000000000E+001  0.300620466182809E+005  0.933952576003652E+002
  0.100000000000000E+001  0.776720245664745E+003  0.146856692667669E+002
  0.100000000000000E+001  0.288274122852760E+003  0.743173498616498E+001
  0.100000000000000E+001  0.212150970400398E+005  0.786184184211733E+002
  0.100000000000000E+001  0.305149446895389E+005  0.940882466467168E+002
  0.100000000000000E+001  0.223622972542903E+005  0.806904248926536E+002
  0.100000000000000E+001  0.312875154127294E+005  0.952585457672382E+002
  0.100000000000000E+001  0.263058241999897E+005  0.874325166390595E+002
  0.100000000000000E+001  0.661515931897246E+003  0.133829208501716E+002
  0.100000000000000E+001  0.152308252580664E+005  0.667507877087068E+002
  0.100000000000000E+001  0.201955961598263E+004  0.244271299191675E+002
  0.100000000000000E+001  0.511240488769998E+004  0.389152774653428E+002
  0.100000000000000E+001  0.107482616476726E+005  0.561979450335813E+002
  0.100000000000000E+001  0.137179670942962E+005  0.633909076594809E+002
  0.100000000000000E+001  0.245606544947055E+004  0.269774726562276E+002
  0.100000000000000E+001  0.781605597675140E+004  0.480156239295386E+002
  0.100000000000000E+001  0.934706052275452E+003  0.162859667603136E+002
  0.100000000000000E+001  0.482510358056462E+004  0.378142114524135E+002
  0.100000000000000E+001  0.514784047100976E+004  0.390488420203095E+002
  0.100000000000000E+001  0.131819442805966E+005  0.621557825651635E+002
  0.100000000000000E+001  0.870154623121861E+004  0.506305981789963E+002
  0.100000000000000E+001  0.301125463966814E+005  0.934727872137485E+002
  0.100000000000000E+001  0.154981692006657E+004  0.213181888751247E+002
  0.100000000000000E+001  0.284500401347271E+004  0.290512813895341E+002
  0.100000000000000E+001  0.167994686298716E+005  0.700607522311051E+002
  0.100000000000000E+001  0.293585099106971E+005  0.923082662533889E+002
  0.100000000000000E+001  0.313032515239267E+003  0.799916755702985E+001
  0.100000000000000E+001  0.611342575343417E+004  0.425210593428442E+002
  0.100000000000000E+001  0.170895125158009E+005  0.706554006154304E+002
  0.100000000000000E+001  0.284245552190090E+005  0.908448278248797E+002
  0.100000000000000E+001  0.248205517945573E+004  0.271212956813165E+002
  0.100000000000000E+001  0.220516039103445E+005  0.801346638850900E+002
  0.100000000000000E+001  0.898349678430804E+004  0.514344660361947E+002
  0.100000000000000E+001  0.954790536349466E+003  0.164771141582349E+002
  0.100000000000000E+001  0.324922954789357E+005  0.970549426540686E+002
  0.100000000000000E+001  0.279571336451528E+003  0.721877531193355E+001
  0.100000000000000E+001  0.433111146903076E+004  0.358384246128641E+002
  0.100000000000000E+001  0.413340379667634E+004  0.350149856826205E+002
  0.100000000000000E+001  0.282630896796240E+005  0.905893842766164E+002
  0.100000000000000E+001  0.272162706264057E+005  0.889151655609700E+002
  0.100000000000000E+001  0.700192721745228E+004  0.454742035163904E+002
  0.100000000000000E+001  0.510128637460258E+004  0.388732707855152E+002
  0.100000000000000E+001  0.591481577508934E+004  0.418313278663470E+002
  0.100000000000000E+001  0.124848575103349E+005  0.605108293207550E+002
  0.100000000000000E+001  0.155146654014366E+005  0.673620526230274E+002
  0.100000000000000E+001  0.301091510819817E+004  0.298897593943630E+002
  0.100000000000000E+001  0.205329059766854E+005  0.773594341121142E+002
  0.100000000000000E+001  0.262509110876681E+005  0.873422719990054E+002
  0.100000000000000E+001  0.281956335727087E+005  0.904824492781317E+002
  0.100000000000000E+001  0.166284760326578E+003  0.133697522116370E+001
  0.100000000000000E+001  0.233665311847117E+005  0.824606653411991E+002
  0.100000000000000E+001  0.311044664095803E+005  0.949825862987624E+002
  0.100000000000000E+001  0.211867159095566E+005  0.785664513716536E+002
  0.100000000000000E+001  0.133540279967596E+005  0.625550306603792E+002
  0.100000000000000E+001  0.173262124891355E+005  0.711369171380465E+002
  0.100000000000000E+001  0.276303461514612E+005  0.895812197992023E+002
  0.100000000000000E+001  0.245585606454713E+004  0.269763106484788E+002
  0.100000000000000E+001  0.246857495181507E+005  0.847289115247939E+002
  0.100000000000000E+001  0.126742874946841E+004  0.191872675760287E+002
  0.100000000000000E+001  0.338215047640287E+005  0.989984516604797E+002
  0.100000000000000E+001  0.125627875008107E+005  0.606969967046178E+002
  0.100000000000000E+001  0.736178410719892E+004  0.466152308512958E+002
  0.100000000000000E+001  0.742742785002885E+004  0.468202705314178E+002
  0.100000000000000E+001  0.201506326938520E+005  0.766447198460320E+002
  0.100000000000000E+001  0.115843922533437E+005  0.583154255277006E+002
  0.100000000000000E+001  0.287161155690647E+005  0.913042436271970E+002
  0.100000000000000E+001  0.176192401954638E+005  0.717284433412958E+002
  0.100000000000000E+001  0.505310601297020E+004  0.386906921460316E+002
  0.100000000000000E+001  0.248934493950157E+005  0.850804152347108E+002
  0.100000000000000E+001  0.129448487726511E+005  0.616013532087628E+002
  0.100000000000000E+001  0.296262844368021E+004  0.296483117650088E+002
  0.100000000000000E+001  0.106613278471603E+005  0.559730582934716E+002
  0.100000000000000E+001  0.635638985942602E+004  0.433493446410546E+002
  0.100000000000000E+001  0.305857487580472E+005  0.941961168842500E+002
  0.100000000000000E+001  0.385425853808156E+003  0.942690338798595E+001
  0.100000000000000E+001  0.306507368480031E+005  0.942950160186472E+002
  0.100000000000000E+001  0.296994146350626E+005  0.928365937835594E+002
  0.100000000000000E+001  0.762538499423100E+003  0.145323637187134E+002
  0.100000000000000E+001  0.579941239731698E+003  0.123658856153971E+002
  0.100000000000000E+001  0.284037326874838E+005  0.908119269888543E+002
  0.100000000000000E+001  0.367247973808609E+004  0.330116592694886E+002
  0.100000000000000E+001  0.148006494613938E+005  0.658132967866001E+002
  0.100000000000000E+001  0.734423496392900E+004  0.465602574452641E+002
  0.100000000000000E+001  0.567583154304365E+004  0.409853923689250E+002
  0.100000000000000E+001  0.223817693446211E+005  0.807251261868549E+002
  0.100000000000000E+001  0.198138240712124E+005  0.760093226002723E+002
  0.100000000000000E+001  0.314312312387049E+005  0.954746394104458E+002
  0.100000000000000E+001  0.309152755653510E+005  0.946965082895738E+002
  0.100000000000000E+001  0.334962083033034E+005  0.985264182353389E+002
  0.100000000000000E+001  0.204255738478131E+005  0.771594436885842E+002
  0.100000000000000E+001  0.203324272002185E+005  0.769854550836399E+002
  0.100000000000000E+001  0.189274698928611E+004  0.236310329190828E+002
  0.100000000000000E+001  0.417576589269188E+003  0.998372194516512E+001
  0.100000000000000E+001  0.167168117121613E+003  0.101398061054428E+001
  0.100000000000000E+001  0.558548522337167E+003  0.120829128492411E+002
  0.100000000000000E+001  0.217009211257249E+003  0.535060686323401E+001
  0.100000000000000E+001  0.564391410504246E+003  0.121609497122271E+002
  0.100000000000000E+001  0.332058806121671E+005  0.981031784042545E+002
  0.100000000000000E+001  0.403685011349383E+004  0.346053895416787E+002
  0.100000000000000E+001  0.121795069047358E+005  0.597756392782613E+002
  0.100000000000000E+001  0.218940939401610E+005  0.798514067236870E+002
  0.100000000000000E+001  0.222835421703193E+005  0.805499196076100E+002
  0.100000000000000E+001  0.157102955449802E+005  0.677800679597836E+002
  0.100000000000000E+001  0.270930440332174E+005  0.887159687046073E+002
  0.100000000000000E+001  0.289498644861116E+004  0.293065486857728E+002
  0.100000000000000E+001  0.512702992922574E+004  0.389704602762100E+002
  0.100000000000000E+001  0.213716291232856E+005  0.789044079255370E+002
  0.100000000000000E+001  0.166133969359428E+003  0.164927298022903E+001
  0.100000000000000E+001  0.259296621951697E+005  0.868124149137121E+002
  0.100000000000000E+001  0.149092529069477E+005  0.660512645148296E+002
  0.100000000000000E+001  0.162455488910416E+005  0.689105186173805E+002
  0.100000000000000E+001  0.443467166576712E+003  0.104066788766656E+002
  0.100000000000000E+001  0.900798604793946E+003  0.159575058963405E+002
  0.100000000000000E+001  0.195426275243093E+004  0.240207374671917E+002
  0.100000000000000E+001  0.170041415528534E+005  0.704809057808715E+002
  0.100000000000000E+001  0.316184628588628E+003  0.806786003887178E+001
  0.100000000000000E+001  0.911457460857742E+004  0.518038020155357E+002
  0.100000000000000E+001  0.277742873536122E+005  0.898115765531237E+002
  0.100000000000000E+001  0.289621902063268E+005  0.916901646816700E+002
  0.100000000000000E+001  0.143660294762703E+005  0.648520196626787E+002
  0.100000000000000E+001  0.157516165170259E+005  0.678680240062332E+002
  0.100000000000000E+001  0.467214624018637E+004  0.372141428906625E+002
  0.100000000000000E+001  0.195285194963236E+005  0.754668154412873E+002
  0.100000000000000E+001  0.174872055684503E+005  0.714625286186205E+002
  0.100000000000000E+001  0.196183798461799E+005  0.756381136776471E+002
  0.100000000000000E+001  0.306999433752282E+005  0.943698285999895E+002
  0.100000000000000E+001  0.143578201848721E+004  0.204865774372453E+002
  0.100000000000000E+001  0.186055938967154E+005  0.736839245001138E+002
  0.100000000000000E+001  0.119352962819309E+005  0.591809046371422E+002
  0.100000000000000E+001  0.324705269594303E+005  0.970227844112595E+002
  0.100000000000000E+001  0.145624127272981E+005  0.652881689397157E+002
  0.100000000000000E+001  0.942689408675108E+003  0.163622413034872E+002
  0.100000000000000E+001  0.102418640763431E+005  0.548746290447112E+002
  0.100000000000000E+001  0.306199811234996E+005  0.942482249876804E+002
  0.100000000000000E+001  0.303768077944946E+005  0.938774317837108E+002
  0.100000000000000E+001  0.184545989587996E+003  0.384194863690043E+001
  0.100000000000000E+001  0.186448207826100E+004  0.234496474267579E+002
  0.100000000000000E+001  0.109126089096550E+005  0.566205810183193E+002
  0.100000000000000E+001  0.197083891641658E+004  0.241245968756855E+002
  0.100000000000000E+001  0.305638708440480E+003  0.783508736833607E+001
  0.100000000000000E+001  0.157618286366762E+005  0.678897436050961E+002
  0.100000000000000E+001  0.523915858311965E+004  0.393908667599534E+002
  0.100000000000000E+001  0.164012704314702E+005  0.692358553143830E+002
  0.100000000000000E+001  0.117431610852846E+005  0.587086408683416E+002
  0.100000000000000E+001  0.146919305088326E+004  0.207339672282340E+002
  0.100000000000000E+001  0.169184992966829E+005  0.703054113977413E+002
  0.100000000000000E+001  0.992535252786080E+003  0.168298640805315E+002
  0.100000000000000E+001  0.914871183050787E+004  0.518995451769316E+002
  0.100000000000000E+001  0.656320017491724E+004  0.440416564958908E+002
  0.100000000000000E+001  0.288716155845675E+005  0.915483081744517E+002
  0.100000000000000E+001  0.275047000360063E+005  0.893796477169560E+002
  0.100000000000000E+001  0.179242729050334E+005  0.723389522312608E+002
  0.100000000000000E+001  0.100867742038635E+005  0.544627278438476E+002
  0.100000000000000E+001  0.861583544405798E+004  0.503836052786736E+002
  0.100000000000000E+001  0.307414844402376E+004  0.302028670177027E+002
  0.100000000000000E+001  0.814276654531766E+004  0.489972296322066E+002
  0.100000000000000E+001  0.159878737871438E+004  0.216647554095850E+002
  0.100000000000000E+001  0.168303647944324E+005  0.701243410199558E+002
  0.100000000000000E+001  0.342824772900749E+005  0.996634731492197E+002
  0.100000000000000E+001  0.163090751476349E+004  0.218888628197972E+002
  0.100000000000000E+001  0.274242054544381E+003  0.708431399749460E+001
  0.100000000000000E+001  0.200132904573784E+004  0.243143974863743E+002
  0.100000000000000E+001  0.196720038333909E+005  0.757401471023383E+002
  0.100000000000000E+001  0.261434581663356E+005  0.871654078051668E+002
  0.100000000000000E+001  0.439195089392361E+004  0.360878654339980E+002
  0.100000000000000E+001  0.530365264945070E+003  0.116980668561318E+002
  0.100000000000000E+001  0.108744300164909E+005  0.565226898427526E+002
  0.100000000000000E+001  0.153059049506403E+004  0.211804488989776E+002
  0.100000000000000E+001  0.609105692767878E+004  0.424439585154800E+002
  0.100000000000000E+001  0.301112970480931E+003  0.773250212134005E+001
  0.100000000000000E+001  0.140062008543422E+004  0.202226816726348E+002
  0.100000000000000E+001  0.833283715085511E+004  0.495590631455912E+002
  0.100000000000000E+001  0.268464293967474E+005  0.883159403954661E+002
  0.100000000000000E+001  0.968104099158724E+003  0.166024828212005E+002
  0.100000000000000E+001  0.168920117791304E+003  0.245213190486365E+001
  0.100000000000000E+001  0.194326749652044E+005  0.752836710687068E+002
  0.100000000000000E+001  0.258807202831946E+005  0.867314024259127E+002
  0.100000000000000E+001  0.177875882557919E+004  0.228901009651775E+002
  0.100000000000000E+001  0.109346306969687E+004  0.177353573159283E+002
  0.100000000000000E+001  0.756440748106312E+003  0.144658867693983E+002
  0.100000000000000E+001  0.295414520135577E+005  0.925921676092084E+002
  0.100000000000000E+001  0.251797354480183E+005  0.855625044235676E+002
  0.100000000000000E+001  0.115181209845979E+005  0.581504863206298E+002
  0.100000000000000E+001  0.221621893177335E+005  0.803329259265470E+002
  0.100000000000000E+001  0.556187732970500E+004  0.405755695446417E+002
  0.100000000000000E+001  0.188877443542323E+005  0.742336197655981E+002
  0.100000000000000E+001  0.402201352315451E+004  0.345419994758015E+002
  0.100000000000000E+001  0.201306774264223E+005  0.766072237012233E+002
  0.100000000000000E+001  0.184055466625871E+003  0.381140858275444E+001
  0.100000000000000E+001  0.318408491800074E+003  0.811589051702587E+001
  0.100000000000000E+001  0.159441057319014E+004  0.216340240251992E+002
  0.100000000000000E+001  0.325810486651406E+005  0.971859442087085E+002
  0.100000000000000E+001  0.418209944334361E+004  0.352196696063146E+002
  0.100000000000000E+001  0.108914114868976E+005  0.565662520636675E+002
  0.100000000000000E+001  0.358209288993672E+004  0.326036500702291E+002
  0.100000000000000E+001  0.169579481445959E+005  0.703863038484775E+002
  0.100000000000000E+001  0.184652591724150E+005  0.734089534730860E+002
  0.100000000000000E+001  0.254047573500793E+005  0.859394950321109E+002
  0.100000000000000E+001  0.282158694456359E+005  0.905145417547429E+002
  0.100000000000000E+001  0.928756765062957E+003  0.162288681861403E+002
  0.100000000000000E+001  0.674658857655552E+003  0.135387057280963E+002
  0.100000000000000E+001  0.278642814099660E+004  0.287490761467859E+002
  0.100000000000000E+001  0.713743049188510E+004  0.459073009561048E+002
  0.100000000000000E+001  0.942333013819763E+003  0.163588446215365E+002
  0.100000000000000E+001  0.543326302206202E+004  0.401077897129967E+002
  0.100000000000000E+001  0.453130509515775E+004  0.366525344276543E+002
  0.100000000000000E+001  0.361189535425832E+004  0.327387694029787E+002
  0.100000000000000E+001  0.247245634891356E+005  0.847947116585251E+002
  0.100000000000000E+001  0.328516465243664E+005  0.975842491808238E+002
  0.100000000000000E+001  0.277994499650845E+005  0.898517839014435E+002
  0.100000000000000E+001  0.310681681601686E+005  0.949277671844630E+002
  0.100000000000000E+001  0.231204716847263E+005  0.820305194021899E+002
  0.100000000000000E+001  0.135686806972223E+005  0.630494087483738E+002
  0.100000000000000E+001  0.482956311162553E+004  0.378315577432566E+002
  0.100000000000000E+001  0.221554679554187E+005  0.803208898385976E+002
  0.100000000000000E+001  0.596095168433967E+004  0.419925975406947E+002
  0.100000000000000E+001  0.216711578167913E+005  0.794487299842238E+002
  0.100000000000000E+001  0.305464378162905E+004  0.301066535872465E+002
  0.100000000000000E+001  0.196257202573198E+005  0.756520889981642E+002
  0.100000000000000E+001  0.261509878794992E+004  0.278452149275378E+002
  0.100000000000000E+001  0.474294750678177E+004  0.374931498623114E+002
  0.100000000000000E+001  0.167634605926301E+004  0.222017394779711E+002
  0.100000000000000E+001  0.166838456142724E+003  0.201563301714971E+001
  0.100000000000000E+001  0.473875874430572E+004  0.374767035035081E+002
  0.100000000000000E+001  0.210463723499320E+005  0.783089591672812E+002
  0.100000000000000E+001  0.265037100987871E+003  0.684401225762458E+001
  0.100000000000000E+001  0.668056786588227E+004  0.444295801899764E+002
  0.100000000000000E+001  0.182071803011045E+005  0.729005085561119E+002
  0.100000000000000E+001  0.213104884360231E+003  0.520238192518338E+001
  0.100000000000000E+001  0.163353625250772E+005  0.690983504218929E+002
  0.100000000000000E+001  0.990894019565195E+004  0.539864379497813E+002
  0.100000000000000E+001  0.566930605359421E+004  0.409620392810362E+002
  0.100000000000000E+001  0.212183083848010E+004  0.250495155004670E+002
  0.100000000000000E+001  0.287927487164689E+004  0.292265612879872E+002
  0.100000000000000E+001  0.321581424803708E+005  0.965601054562693E+002
  0.100000000000000E+001  0.282239117576660E+003  0.728489891458679E+001
  0.100000000000000E+001  0.344743313364279E+005  0.999389263392877E+002
  0.100000000000000E+001  0.196306806720383E+005  0.756615315797093E+002
  0.100000000000000E+001  0.254370808578100E+004  0.274592785752492E+002
  0.100000000000000E+001  0.287863108817133E+005  0.914145005389174E+002
  0.100000000000000E+001  0.739913503861198E+004  0.467320114349563E+002
  0.100000000000000E+001  0.673596594266913E+004  0.446114675857934E+002
  0.100000000000000E+001  0.370929975886426E+003  0.916251984299168E+001
  0.100000000000000E+001  0.629485745570311E+004  0.431411356696909E+002
  0.100000000000000E+001  0.276433644269352E+005  0.896020784277293E+002
  0.100000000000000E+001  0.194428538749458E+005  0.753031430106639E+002
  0.100000000000000E+001  0.166249940211093E+003  0.176239130662793E+001
  0.100000000000000E+001  0.169403357291309E+003  0.252560816545805E+001
  0.100000000000000E+001  0.496889021717710E+003  0.112210431224277E+002
  0.100000000000000E+001  0.567771388299024E+004  0.409921262205877E+002
  0.100000000000000E+001  0.569276657321709E+004  0.410459341530155E+002
  0.100000000000000E+001  0.249416920460247E+005  0.851618478357779E+002
  0.100000000000000E+001  0.247992949787325E+005  0.849212553867098E+002
  0.100000000000000E+001  0.143107141571611E+004  0.204514374964276E+002
  0.100000000000000E+001  0.267742747621040E+005  0.881985506513910E+002
  0.100000000000000E+001  0.570067573283085E+003  0.122362135420640E+002
  0.100000000000000E+001  0.489303041619924E+004  0.380775341620182E+002
  0.100000000000000E+001  0.201310636917257E+003  0.471256203481915E+001
  0.100000000000000E+001  0.336327360469107E+005  0.987248111098869E+002
  0.100000000000000E+001  0.149397492814354E+005  0.661179292639717E+002
  0.100000000000000E+001  0.290377613068090E+005  0.918083522821984E+002
  0.100000000000000E+001  0.935427268549102E+004  0.524722663188989E+002
  0.100000000000000E+001  0.169968329310315E+005  0.704659467155585E+002
  0.100000000000000E+001  0.340691312850501E+005  0.993562519352566E+002
  0.100000000000000E+001  0.161213384343755E+005  0.686498844464631E+002
  0.100000000000000E+001  0.227964833538004E+004  0.259788270527436E+002
  0.100000000000000E+001  0.941219770000227E+004  0.526324935765742E+002
  0.100000000000000E+001  0.197433331347390E+005  0.758756523305660E+002
  0.100000000000000E+001  0.261158602444909E+005  0.871199234675298E+002
  0.100000000000000E+001  0.588433722773221E+004  0.417244338455282E+002
  0.100000000000000E+001  0.687764282676301E+004  0.450731739395590E+002
  0.100000000000000E+001  0.135507929584206E+004  0.198752399489805E+002
  0.100000000000000E+001  0.254118242534376E+005  0.859513072982913E+002
  0.100000000000000E+001  0.237798855670558E+005  0.831781630100710E+002
  0.100000000000000E+001  0.303854221412229E+005  0.938905924697091E+002
  0.100000000000000E+001  0.441104675498494E+003  0.103689266090590E+002
  0.100000000000000E+001  0.528206687230792E+004  0.395505129839283E+002
  0.100000000000000E+001  0.223959287815100E+004  0.257463413482296E+002
  0.100000000000000E+001  0.235598280652326E+005  0.827969775523769E+002
  0.100000000000000E+001  0.191649166136517E+003  0.424552598576441E+001
  0.100000000000000E+001  0.518246194274365E+003  0.115280115986182E+002
  0.100000000000000E+001  0.430679449256532E+003  0.102003629558701E+002
  0.100000000000000E+001  0.122150561070959E+005  0.598617076318176E+002
  0.100000000000000E+001  0.249435220374133E+005  0.851649352620919E+002
  0.100000000000000E+001  0.265437585089827E+005  0.878224489618506E+002
  0.100000000000000E+001  0.307118484248869E+005  0.943879197315831E+002
  0.100000000000000E+001  0.266222586996537E+005  0.879507107901683E+002
  0.100000000000000E+001  0.417624614771960E+004  0.351951321319750E+002
  0.100000000000000E+001  0.701241241471968E+004  0.455078688072134E+002
  0.100000000000000E+001  0.173774414476127E+005  0.712406937082984E+002
  0.100000000000000E+001  0.248429696277247E+003  0.638024731972584E+001
  0.100000000000000E+001  0.504019423725070E+004  0.386416104561628E+002
  0.100000000000000E+001  0.169473935245556E+003  0.253587602641573E+001
  0.100000000000000E+001  0.318868278999510E+004  0.307614510816787E+002
  0.100000000000000E+001  0.556416842988847E+004  0.405838516123353E+002
  0.100000000000000E+001  0.199722692337660E+005  0.763089058549488E+002
  0.100000000000000E+001  0.131842348167698E+004  0.195907210445394E+002
  0.100000000000000E+001  0.183031094742638E+003  0.374625493142254E+001
  0.100000000000000E+001  0.822082654233613E+003  0.151644429765146E+002
  0.100000000000000E+001  0.794871594341979E+004  0.484166821840770E+002
  0.100000000000000E+001  0.167235348255877E+005  0.699042180516624E+002
