  0.300474884489410E+001  0.120146014355264E+002 -0.183799494313298E+001 -0.183878291659357E+001
  0.297976742328255E+001  0.120227563889118E+002 -0.183834067160781E+001 -0.184047797786626E+001
  0.303159677992791E+001  0.120035475812453E+002 -0.183838253732660E+001 -0.183850274141454E+001
  0.297450267027930E+001  0.119948678011818E+002 -0.183821529305314E+001 -0.183986959133955E+001
  0.297901974710338E+001  0.119976740240184E+002 -0.183809985699728E+001 -0.183848236072664E+001
  0.298302834153159E+001  0.120174316331645E+002 -0.183817301592232E+001 -0.184026932122193E+001
  0.300038229293564E+001  0.120158528636893E+002 -0.183800279612687E+001 -0.184051493239392E+001
  0.301876113687634E+001  0.120077666397837E+002 -0.183808321688456E+001 -0.184245428096501E+001
  0.298185615882415E+001  0.120073414320573E+002 -0.183806861420798E+001 -0.183858662022160E+001
  0.300462398777245E+001  0.119800223719275E+002 -0.183808730985251E+001 -0.183848274003116E+001
  0.301825323719649E+001  0.120052462375625E+002 -0.183805741824770E+001 -0.183874150973207E+001
  0.301173258696089E+001  0.119769094861496E+002 -0.183821247912268E+001 -0.183854614937482E+001
  0.297600021305332E+001  0.119862523132858E+002 -0.183825956074108E+001 -0.184027744354490E+001
  0.299072818462385E+001  0.120073018349696E+002 -0.183794670808649E+001 -0.183989638371482E+001
  0.298943110318851E+001  0.119696893870516E+002 -0.183839228382790E+001 -0.183983661890141E+001
  0.300084883521119E+001  0.120125263090823E+002 -0.183795588087957E+001 -0.184252332573664E+001
  0.299632167628250E+001  0.120244947508865E+002 -0.183818382785253E+001 -0.183930656085252E+001
  0.299095330775988E+001  0.119684715902964E+002 -0.183841500803881E+001 -0.184067544621042E+001
  0.297493717957834E+001  0.119913607869907E+002 -0.183822845689380E+001 -0.183862860463199E+001
  0.298640613737077E+001  0.120264204422154E+002 -0.183831848284336E+001 -0.183852475575581E+001
  0.297568546287541E+001  0.119863692941648E+002 -0.183826556283792E+001 -0.183850772247189E+001
  0.297106949076622E+001  0.119910733122279E+002 -0.183833539646890E+001 -0.183848525176686E+001
  0.302597523623224E+001  0.120024525564678E+002 -0.183821743037462E+001 -0.183846502057148E+001
  0.119893480112920E+002  0.302428030308969E+001 -0.183822856540013E+001 -0.183849716170425E+001
  0.120074445613212E+002  0.296694884364347E+001 -0.183845096662423E+001 -0.183997938791850E+001
  0.119881330916087E+002  0.301381613244302E+001 -0.183804292092457E+001 -0.183870021563285E+001
  0.120117327638291E+002  0.301654296541182E+001 -0.183808273013519E+001 -0.183901328995011E+001
  0.119991230454408E+002  0.301641326107920E+001 -0.183801214850362E+001 -0.183853838454673E+001
  0.119951029115831E+002  0.296849529467036E+001 -0.183838533037578E+001 -0.183960779834753E+001
  0.120056254380000E+002  0.301376545516300E+001 -0.183798763306361E+001 -0.183915857016234E+001
  0.119725363631174E+002  0.299531455473257E+001 -0.183826516878343E+001 -0.183865727272140E+001
  0.119829180418407E+002  0.301720635854949E+001 -0.183817099244389E+001 -0.183989148229394E+001
  0.119925025056827E+002  0.300070917737827E+001 -0.183790542408614E+001 -0.183913892957560E+001
  0.119775392298312E+002  0.300530133337144E+001 -0.183814336157539E+001 -0.184039822991041E+001
  0.120021396198676E+002  0.299704688279318E+001 -0.183788371584655E+001 -0.183867257777708E+001
  0.119817875456016E+002  0.298966440343812E+001 -0.183809632543510E+001 -0.183863250894307E+001
  0.119884274619383E+002  0.299462076108430E+001 -0.183795849633360E+001 -0.184156434678354E+001
  0.120225577019762E+002  0.300617702407259E+001 -0.183815056918177E+001 -0.183876318105268E+001
  0.120136521369753E+002  0.302080832112570E+001 -0.183818674994538E+001 -0.183976291672001E+001
  0.119844870096700E+002  0.299024130992379E+001 -0.183804500885984E+001 -0.183853971506917E+001
  0.119892008568375E+002  0.297440422293768E+001 -0.183826294905758E+001 -0.184460947068422E+001
  0.120000558494467E+002  0.303250297698589E+001 -0.183840528972540E+001 -0.183910132384025E+001
  0.119816695166263E+002  0.301210268342366E+001 -0.183811830719273E+001 -0.184013966880346E+001
  0.119946845310262E+002  0.301921593894240E+001 -0.183807581966927E+001 -0.183867486367095E+001
  0.120273357598489E+002  0.298009058228572E+001 -0.183844888074946E+001 -0.183860744678747E+001
  0.300741849522112E+001  0.301128126032224E+001 -0.183796821686225E+001 -0.185819610590915E+001
  0.299141068728229E+001  0.300607745149665E+001 -0.183793242226417E+001 -0.184523492700274E+001
  0.297827276223611E+001  0.297725765653112E+001 -0.183837170993300E+001 -0.183856795043580E+001
  0.297334106241196E+001  0.299109355338418E+001 -0.183827207828167E+001 -0.183887199723912E+001
  0.300219890110718E+001  0.303063329840409E+001 -0.183834868347794E+001 -0.184026822868734E+001
  0.303094989388282E+001  0.300708236647825E+001 -0.183838109433249E+001 -0.184266686639615E+001
  0.301525872502739E+001  0.301471067794559E+001 -0.183810168277689E+001 -0.185399292089710E+001
  0.302589533199504E+001  0.299455412570426E+001 -0.183822717929233E+001 -0.184626111260824E+001
  0.297982057566923E+001  0.299273472469567E+001 -0.183810706310513E+001 -0.183875446821846E+001
  0.297483158988828E+001  0.298486338938657E+001 -0.183830834933355E+001 -0.183881886199318E+001
  0.297532833531516E+001  0.299983752198650E+001 -0.183818142512806E+001 -0.183854861348075E+001
  0.298488805584877E+001  0.302709726026425E+001 -0.183835838259427E+001 -0.183864901108092E+001
  0.301514102340689E+001  0.298496963309130E+001 -0.183810464766895E+001 -0.183935750258875E+001
  0.302518174393944E+001  0.300268881593177E+001 -0.183819774138882E+001 -0.183902440683087E+001
  0.302912570601551E+001  0.299131168054439E+001 -0.183833896323228E+001 -0.183880117170608E+001
  0.299935479570939E+001  0.302346293875821E+001 -0.183815252930122E+001 -0.183852913465794E+001
  0.298709747177644E+001  0.297119739628676E+001 -0.183837509901696E+001 -0.183969491652159E+001
  0.299256730055779E+001  0.303185487532289E+001 -0.183841205546076E+001 -0.184125357538698E+001
  0.299556165313350E+001  0.298042208343646E+001 -0.183807856327928E+001 -0.184700483570923E+001
  0.299826635661153E+001  0.299755197328366E+001 -0.183788156558645E+001 -0.183852907864046E+001
  0.302682603663495E+001  0.298372905495857E+001 -0.183836925635639E+001 -0.183853184348879E+001
  0.302227014549599E+001  0.301281819321154E+001 -0.183820719913816E+001 -0.183972016824373E+001
  0.296902300626543E+001  0.300365590112768E+001 -0.183836353628629E+001 -0.183961403140933E+001
  0.298719411051140E+001  0.302385661904087E+001 -0.183824363094817E+001 -0.183960699919773E+001
  0.299160733359583E+001  0.299832481637935E+001 -0.183791368795411E+001 -0.183850947049103E+001
  0.300183272398215E+001  0.303249941790824E+001 -0.183840685193013E+001 -0.183949745569010E+001
  0.301744766745423E+001  0.298338464729708E+001 -0.183816731193186E+001 -0.183945528631245E+001
  0.300694865489598E+001  0.299273923204387E+001 -0.183792756768743E+001 -0.183870410039707E+001
  0.301474992635235E+001  0.300167618133691E+001 -0.183798725136498E+001 -0.183938348803789E+001
  0.301438636753010E+001  0.300071438062324E+001 -0.183798080536454E+001 -0.183925872678364E+001
  0.298078666896097E+001  0.300802075994632E+001 -0.183809380874921E+001 -0.183871505873443E+001
  0.300347953204025E+001  0.301820953064147E+001 -0.183804891348405E+001 -0.183907558190007E+001
  0.300728670347223E+001  0.300470394098274E+001 -0.183791467796348E+001 -0.183883603775686E+001
  0.300555216777480E+001  0.301887885557376E+001 -0.183807068528673E+001 -0.183846731664900E+001
  0.297822258855383E+001  0.300004499826727E+001 -0.183811419524642E+001 -0.183876252813020E+001
  0.301098021349589E+001  0.296851827202035E+001 -0.183843289855185E+001 -0.183865455695567E+001
  0.297416378152846E+001  0.300354077118925E+001 -0.183821709003211E+001 -0.183845481679087E+001
  0.120188073246702E+002  0.119814192569968E+002 -0.183822654614524E+001 -0.184186556640898E+001
  0.119773727657016E+002  0.119801501616333E+002 -0.183833007031694E+001 -0.190137871142996E+001
  0.120189176489679E+002  0.119982738812685E+002 -0.183805749487352E+001 -0.183911012865337E+001
  0.119800115112114E+002  0.119858180965930E+002 -0.183817739944349E+001 -0.184149484462979E+001
  0.119888409767934E+002  0.119797017039856E+002 -0.183814533871935E+001 -0.183865387507431E+001
  0.119876426435038E+002  0.120305127645192E+002 -0.183841893293844E+001 -0.183885228221652E+001
  0.120026342110389E+002  0.120188909530249E+002 -0.183805896999634E+001 -0.184234947732624E+001
  0.120138954406333E+002  0.119921688310594E+002 -0.183800427164803E+001 -0.183964846479483E+001
  0.120317960729784E+002  0.119987446573625E+002 -0.183838334948034E+001 -0.183935279110236E+001
  0.120143872600640E+002  0.119932280930102E+002 -0.183800349239756E+001 -0.183970264670003E+001
  0.119745195076258E+002  0.120058620651832E+002 -0.183821887605927E+001 -0.185250303293785E+001
  0.120113026973129E+002  0.120289718625916E+002 -0.183836062630363E+001 -0.184047051629337E+001
  0.120173217113135E+002  0.120118357293450E+002 -0.183809712949532E+001 -0.183882246547578E+001
  0.120196284812646E+002  0.119906801647950E+002 -0.183811313471185E+001 -0.183861038738968E+001
  0.120107963661608E+002  0.120261972141533E+002 -0.183827849418518E+001 -0.183848112139458E+001
  0.119795051841519E+002  0.119976988920587E+002 -0.183808973269655E+001 -0.184534301303798E+001
  0.120231778098563E+002  0.120086437082662E+002 -0.183818302869051E+001 -0.183890873716657E+001
  0.120180332997455E+002  0.120050079554070E+002 -0.183805220616788E+001 -0.183848171239471E+001
