 -0.242177467691764E+003  0.268633812194815E+002  0.281170431523613E+002
 -0.214476409309262E+003  0.278945701514612E+002  0.251392429076406E+002
 -0.204408368340311E+003  0.240412843221955E+002  0.281291182158186E+002
 -0.199104774415769E+003  0.263722891568422E+002  0.257102552525777E+002
 -0.183173396580316E+003  0.249919847661798E+002  0.259240572701768E+002
 -0.177389905956110E+003  0.193173364875620E+002  0.292499462175160E+002
 -0.166176261267604E+003  0.811842606535205E+001  0.297092571939022E+002
 -0.163150748155609E+003  0.258142888254713E+002  0.234800333808251E+002
 -0.162891036513376E+003  0.131062241528480E+002  0.299131958906720E+002
 -0.159724560992865E+003  0.207474864730810E+002  0.274678650193288E+002
 -0.156846327662850E+003  0.126810721081208E+002  0.295941195283089E+002
 -0.153907123376860E+003  0.202002891150841E+002  0.273913531260229E+002
 -0.148949124363182E+003  0.269258236510280E+002  0.204523536918399E+002
 -0.148363037254435E+003  0.290826802248540E+002  0.131101156297579E+002
 -0.144491447630299E+003  0.277789106006307E+002  0.180276961921686E+002
 -0.140880284123889E+003  0.204743559278161E+002  0.263621065907355E+002
 -0.137162198320256E+003  0.224774052903488E+002  0.246835571071157E+002
 -0.135523236334062E+003  0.277044684178610E+002  0.165541618600694E+002
 -0.131509096324194E+003  0.117370454508149E+002  0.281019655142046E+002
 -0.130177158900535E+003  0.112558112237294E+002  0.280038978606315E+002
 -0.128094818638031E+003  0.278001266178631E+002  0.136940726084606E+002
 -0.125461081981212E+003  0.271500883184565E+002  0.722958373222322E+001
 -0.124858439526312E+003  0.276359997276102E+002  0.424765277139931E+001
 -0.121569389766636E+003  0.269676672822873E+002  0.159283535389779E+002
 -0.118510510423619E+003  0.266727670643928E+002  0.772071458337333E+001
 -0.117091162795477E+003  0.186377542807497E+002  0.256545519723836E+002
 -0.112188167077923E+003  0.878295075845442E+001  0.265034890126122E+002
 -0.111466044072652E+003  0.262444161090189E+002  0.795192642608902E+001
 -0.110342788708391E+003  0.262182624204522E+002  0.814554498152853E+001
 -0.108392631256672E+003  0.262527055283671E+002  0.884248439132000E+001
 -0.106653829830714E+003  0.130206754124209E+002  0.264426495917851E+002
 -0.103068235531359E+003  0.640924510134357E+000  0.260319449743439E+002
 -0.101902315578513E+003  0.260781404378476E+002  0.160901515592385E+001
 -0.988753053568192E+002  0.769820164701157E+001  0.252619744575566E+002
 -0.936781928813378E+002  0.180317780376213E+002  0.241366504989938E+002
 -0.919559462649767E+002  0.242202190349818E+002  0.175589913774177E+002
 -0.902194561488180E+002  0.247389522483883E+002  0.819393527860523E+001
 -0.893429502329129E+002  0.338091486375349E+001  0.252236549485979E+002
 -0.887303371250133E+002  0.231248509321010E+002  0.190726665307887E+002
 -0.868587343337049E+002  0.236211577515806E+002  0.179152689750736E+002
 -0.862251180654594E+002  0.236694147914491E+002  0.177095744520244E+002
 -0.860989550744782E+002  0.114617779853866E+002  0.249704461403270E+002
 -0.847946325831031E+002  0.248341241550022E+002  0.130948827368152E+002
 -0.829743068747916E+002  0.816315587118277E+001  0.241472876339725E+002
 -0.822727830534652E+002  0.218073330205738E+002  0.200427626471054E+002
 -0.782555011611826E+002  0.840919500321451E+001  0.238297052562021E+002
 -0.775489381123712E+002  0.349815058696708E+001  0.242952823507485E+002
 -0.754998616713146E+002  0.527218547467287E+001  0.239231347548544E+002
 -0.748445578164040E+002  0.115694344879036E+002  0.240759254237422E+002
 -0.747611310383021E+002  0.741862398652198E+001  0.232741910077276E+002
 -0.675115914292202E+002  0.185987540662367E+002  0.213703721110181E+002
 -0.668224040573026E+002  0.133192461993228E+002  0.233238086988150E+002
 -0.666134298036299E+002  0.199453258410958E+002  0.201500247087513E+002
 -0.626958804789880E+002  0.149121271307607E+002  0.226412180881441E+002
 -0.618263157052825E+002  0.194916365473925E+002  0.199907608598631E+002
 -0.617838613764114E+002  0.226724179722341E+002  0.552253435108328E+000
 -0.608660337697350E+002  0.225178291540133E+002  0.147260930456679E+002
 -0.596953736537162E+002  0.798460144549014E+001  0.219808279645291E+002
 -0.580313449089802E+002  0.165817697774843E+002  0.215600377295946E+002
 -0.566855170840943E+002  0.224548185928893E+002  0.113738624550903E+002
 -0.566193635003546E+002  0.223994234903729E+002  0.418952256631427E+001
 -0.542382976633268E+002  0.119921980465180E+001  0.220776005021968E+002
 -0.539491785634172E+002  0.689822955846835E+001  0.214358507814916E+002
 -0.536338599112216E+002  0.735799502792805E+001  0.212244971403401E+002
 -0.533071091757857E+002  0.221321456486389E+002  0.125273412306274E+002
 -0.529949453324098E+002  0.219452626591189E+002  0.115449541503268E+001
 -0.521580312052129E+002  0.210449350136637E+002  0.745768778551921E+001
 -0.506064538837034E+002  0.232493321033388E+001  0.218529913459861E+002
 -0.457627723766011E+002  0.366734735978742E+001  0.213490340742650E+002
 -0.446216853085178E+002  0.880663142409443E+001  0.206815914007272E+002
 -0.431474897599311E+002  0.162025293371279E+002  0.200596508955179E+002
 -0.423059852069725E+002  0.116893606989038E+001  0.208081451603035E+002
 -0.415506922285110E+002  0.208284889638387E+002  0.107820455921579E+002
 -0.406594581989657E+002  0.205893217602848E+002  0.139663961867873E+002
 -0.403283606624171E+002  0.620229144576741E+001  0.201686176077465E+002
 -0.398120380567027E+002  0.188452479035657E+002  0.173935983461244E+002
 -0.391233172049371E+002  0.186087436980341E+002  0.175583618999441E+002
 -0.383454556614512E+002  0.205054170896460E+002  0.217961148152806E+001
 -0.382507639437303E+002  0.744890784083503E+001  0.193492761027648E+002
 -0.381259443209527E+002  0.641773771078305E+000  0.201862631012149E+002
 -0.379701933016136E+002  0.204356150027909E+002  0.194879497951313E+001
 -0.361211948373386E+002  0.195417733259958E+002  0.858116839828272E+001
 -0.357436507448384E+002  0.144471129897419E+002  0.198627721175355E+002
 -0.353053529353282E+002  0.169129240981585E+002  0.185420278617239E+002
 -0.351803979146813E+002  0.142519000946095E+002  0.198494577940417E+002
 -0.343216847526963E+002  0.197411918617197E+002  0.754657279473941E+000
 -0.341268603665941E+002  0.196732977792626E+002  0.538714637217017E+001
 -0.333365253981854E+002  0.957178839099432E+001  0.195565259915788E+002
 -0.321712835935515E+002  0.195164332587677E+002  0.140420685886560E+002
 -0.319656184798135E+002  0.184875703902551E+002  0.729717837670697E+001
 -0.294004505957631E+002  0.193818354274906E+001  0.193483122463474E+002
 -0.292403744999913E+002  0.186321694167907E+002  0.871072033108466E+001
 -0.279893845797380E+002  0.171255676719719E+002  0.171021143721691E+002
 -0.272446095357930E+002  0.176885389566353E+002  0.765149491395622E+001
 -0.271147334590241E+002  0.189908261000438E+002  0.170305619852850E+001
 -0.261549605444670E+002  0.591626877002040E+001  0.183347884501125E+002
 -0.260891972819445E+002  0.188874038614370E+002  0.109673778616871E+002
 -0.258141563361939E+002  0.189234033571570E+002  0.286199821132833E+001
 -0.253812773327726E+002  0.182642182034373E+002  0.919886250063454E+001
 -0.243305057932070E+002  0.113290814893531E+002  0.186734643031687E+002
 -0.238276889583665E+002  0.117986135796171E+002  0.186286550139225E+002
 -0.230144760348456E+002  0.184700620642846E+002  0.370106691633388E+001
 -0.228543203254790E+002  0.433147922976699E+001  0.183450807385595E+002
 -0.223829314712530E+002  0.177479887711890E+002  0.148373815210458E+002
 -0.219126611565985E+002  0.172669653857889E+002  0.652263344194786E+001
 -0.208123061284344E+002  0.180953453257461E+002  0.111080227110766E+002
 -0.196501193233631E+002  0.174292859081363E+002  0.144793827944915E+002
 -0.188356194280935E+002  0.168322051736914E+002  0.626271467508557E+001
 -0.186397921564257E+002  0.172346911476533E+002  0.144903491258682E+002
 -0.180952189908502E+002  0.135182874908915E+002  0.174963157609333E+002
 -0.175706598383570E+002  0.174888679071636E+002  0.184332604351756E+001
 -0.174497974913432E+002  0.922329417708551E+000  0.171872079003399E+002
 -0.171274476162859E+002  0.370513911402187E+001  0.174846987091024E+002
 -0.163865932845438E+002  0.152046198887835E+002  0.745669511336358E+001
 -0.162998794887250E+002  0.114949415898884E+002  0.173543366393053E+002
 -0.156172146502575E+002  0.105561437095614E+002  0.170471728898721E+002
 -0.152553378991365E+002  0.908020120472464E+001  0.732149278887328E+001
 -0.146710871080732E+002  0.144759762134730E+002  0.164199504379171E+002
 -0.143526452821648E+002  0.766214229962329E+001  0.145749678577862E+002
 -0.140581433830460E+002  0.770325021705053E+001  0.494758743944762E+000
 -0.133124401489064E+002  0.937439711139682E+001  0.799007694612147E+001
 -0.130283277764997E+002  0.901159386304522E+001  0.666762158030290E+001
 -0.128760580142100E+002  0.147784615823052E+002  0.157889989616329E+002
 -0.128648463745356E+002  0.101986637988305E+002  0.744648404275611E+001
 -0.126851740537342E+002  0.621087448670782E+001  0.862583687025925E+001
 -0.123515080553738E+002  0.143275730793907E+002  0.804726256084004E+001
 -0.122695026841061E+002  0.871203704024838E+001  0.617058356612323E+001
 -0.121756478806047E+002  0.980536633555499E+001  0.159823516556459E+002
 -0.118386220392795E+002  0.137835813912690E+002  0.710833040646036E+001
 -0.118227340485880E+002  0.152333740716273E+001  0.776064999609384E+001
 -0.118003349126582E+002  0.602433323285292E+001  0.628304167290728E+001
 -0.116521098661140E+002  0.738946633947902E+001  0.129951758389990E+002
 -0.115558801053072E+002  0.998285205972138E+001  0.692148576235053E+001
 -0.114958518466420E+002  0.108717431793464E+002  0.772261839206146E+001
 -0.114815852947677E+002  0.126786021233626E+002  0.745613452318653E+001
 -0.114208479585057E+002  0.796891670835244E+001  0.128375836198856E+001
 -0.113887547226775E+002  0.425911872755534E+001  0.161852569028025E+002
 -0.110323041182398E+002  0.591353663459286E+001  0.614645354108706E+001
 -0.109144211635830E+002  0.150723956599163E+002  0.595185956324226E+001
 -0.105968639582510E+002  0.949093955423286E+001  0.153500133576179E+002
 -0.105621749429939E+002  0.456840421505953E+001  0.158715247605252E+002
 -0.104487045285903E+002  0.117005657864752E+002  0.714912894479233E+001
 -0.102946330468761E+002  0.505465477615232E+001  0.656263096012983E+001
 -0.990978271797670E+001  0.117571149457701E+002  0.798629905536112E+001
 -0.974168034883208E+001  0.213111439567806E+001  0.688075073473810E+001
 -0.973787396552140E+001  0.587782412844560E+001  0.574191963153036E+001
 -0.973077989058907E+001  0.101314165676605E+001  0.855931049118252E+001
 -0.964502967803092E+001  0.392617795471920E+000  0.149691519433592E+002
 -0.963581994319441E+001  0.436883772014442E+001  0.670455450683253E+001
 -0.962491064681566E+001  0.594468077303365E+001  0.937265836478050E+001
 -0.958859655046816E+001  0.693844628854078E+001  0.305298043007822E+001
 -0.951988840680660E+001  0.128254285218529E+002  0.158317998951023E+002
 -0.951056838416059E+001  0.614595664138541E+001  0.143341700119686E+002
 -0.950545984557386E+001  0.485204606491469E+001  0.154503754769376E+002
 -0.944810554649029E+001  0.913640255909008E+001  0.350421267460520E+000
 -0.935305791312794E+001  0.672753813127954E+001  0.130666458636357E+002
 -0.908922150017428E+001  0.376405986119485E+000  0.239666085804077E+000
 -0.899810527261575E+001  0.146209110314077E+002  0.270296393771250E+000
 -0.888088592126126E+001  0.152317578665516E+002  0.100916607215084E+002
 -0.877333947684795E+001  0.153417636974754E+002  0.464424457156666E+001
 -0.861890852568346E+001  0.143664511688668E+002  0.582169671206682E+001
 -0.858896208891846E+001  0.660039849082541E+001  0.373478562786781E+001
 -0.857330004726010E+001  0.580364833755298E+001  0.143686288078555E+002
 -0.847089872469262E+001  0.152200025893224E+002  0.102977583481342E+002
 -0.830898552131988E+001  0.658077252153715E+001  0.116524433774577E+002
 -0.826594955979302E+001  0.520130283146947E-001  0.959039980415822E+000
 -0.813909578841333E+001  0.471386315263164E+000  0.950830372925669E+001
 -0.810122741217770E+001  0.633632905228065E+001  0.181861702924602E+001
 -0.805830493241144E+001  0.652076545622713E+001  0.122129879141375E+002
 -0.791476308990689E+001  0.154849737047258E+002  0.290656379521564E+001
 -0.787168881694342E+001  0.860569215448012E+001  0.127391840681632E+002
 -0.783878000901521E+001  0.641062049621536E+001  0.126079343118638E+002
 -0.769937173617876E+001  0.228371035936165E+001  0.153481216361197E+002
 -0.764868719054133E+001  0.169824751264359E+001  0.151507238390448E+002
 -0.757107162962022E+001  0.147778235738370E+002  0.100634862976865E+002
 -0.746535216583876E+001  0.929707756114165E+001  0.101275047425898E+001
 -0.743099061675335E+001  0.187607629017432E+001  0.615008463060216E+001
 -0.741513321158788E+001  0.232635844042252E+001  0.627120021134364E+001
 -0.733690654059465E+001  0.523528542749923E+001  0.550192250646502E+000
 -0.725234627600874E+001  0.488069554704841E+001  0.147003560281242E+002
 -0.717724520179141E+001  0.120182879782879E+001  0.271389254868650E+000
 -0.707493808833225E+001  0.151830222627545E+002  0.114147724214846E+002
 -0.707083178437427E+001  0.974902112737739E+001  0.676424403171840E+000
 -0.703591453947428E+001  0.878086817702312E+001  0.318244165306579E+001
 -0.696490936715621E+001  0.143787450625948E+002  0.856256421893095E+000
 -0.686867494700117E+001  0.506944814706403E+001  0.144039509413524E+002
 -0.675866334563308E+001  0.371486799756878E+001  0.150545926577040E+002
 -0.663729775379050E+001  0.123657681094755E+002  0.150765329617693E+002
 -0.662734570801250E+001  0.164796177742974E+001  0.147840491963892E+002
 -0.658591395923186E+001  0.366114983910379E+000  0.459960104640901E+001
 -0.657539822654570E+001  0.145007592819913E+000  0.184932164562952E+001
 -0.643104487653965E+001  0.132408604941711E+000  0.398145565933887E+001
 -0.641675673704168E+001  0.102736773326527E+002  0.951452833123712E+001
 -0.639458393612210E+001  0.112180372705248E+002  0.591581023291681E+001
 -0.633600361298632E+001  0.983227694898621E+001  0.927023910222698E+000
 -0.632928792340923E+001  0.907654343675815E+001  0.126604731740534E+002
 -0.632433459781652E+001  0.549943655433097E+001  0.103490208953445E+002
 -0.631333817607073E+001  0.149917419074020E+002  0.120200643668635E+002
 -0.630834448562147E+001  0.924163655326756E+001  0.108457182987921E+002
 -0.623492343134189E+001  0.906976681891672E+001  0.254411876795143E+001
 -0.621027520111129E+001  0.241467788607357E+001  0.148986538759142E+002
 -0.616687091101393E+001  0.104193781261499E+002  0.548185861946146E+001
 -0.615838695752737E+001  0.148954096061063E+002  0.350756575446270E+001
 -0.609101262765522E+001  0.361716790866352E+001  0.149495677076135E+000
 -0.607959923938432E+001  0.576112270382439E+001  0.207282899107080E+001
 -0.601730011274254E+001  0.269108016012168E+001  0.587461571558580E+001
 -0.599008175758710E+001  0.128657966587859E+002  0.574860070096949E+001
 -0.596439943353741E+001  0.133709470507658E+000  0.319345111733624E+001
 -0.587862588795003E+001  0.473018097532835E+001  0.974434678217127E+001
 -0.587847572932521E+001  0.384922678487909E+001  0.287065943728879E+000
 -0.586851603033864E+001  0.712569838171466E+000  0.468194565388867E+001
 -0.581300043560800E+001  0.412518832618184E+000  0.131203517067608E+002
 -0.580962330777377E+001  0.147850851638005E+002  0.124321956884413E+002
 -0.572930751581289E+001  0.137056954733465E+002  0.142075923199297E+002
 -0.569903309391333E+001  0.471880994723567E+001  0.518357606281173E+001
 -0.564017813949005E+001  0.108381579154456E+002  0.145009448447976E+002
 -0.562648553592566E+001  0.935429100058751E+001  0.112401046502930E+002
 -0.555097660756300E+001  0.994980443133266E+001  0.479524293985781E+001
 -0.553307891969344E+001  0.415511384692103E+000  0.215689721628258E+001
 -0.552952882538823E+001  0.324159596676261E+001  0.570646173113680E+001
 -0.548237662989586E+001  0.100720408557272E+002  0.111003368676458E+001
 -0.548002097305901E+001  0.529549385722466E+000  0.191318742383285E+001
 -0.547858015013909E+001  0.931748845541293E+001  0.329246903776684E+001
 -0.547396853607536E+001  0.146482548615926E+002  0.125088507908837E+002
 -0.544981015784558E+001  0.118638886304657E+002  0.931572355411885E+001
 -0.536356871574331E+001  0.963304499146287E+001  0.420370565148935E+001
 -0.531064980534154E+001  0.107820611314816E+002  0.966287133485351E+001
 -0.527107336492793E+001  0.142501901410635E+002  0.133427721050491E+002
 -0.524910513742022E+001  0.139959728175590E+002  0.131520070821850E+001
 -0.517323843299024E+001  0.134646119530063E+002  0.987264611281116E+001
 -0.517262776975865E+001  0.105497914880368E+002  0.141369128851057E+002
 -0.512326906416969E+001  0.531871234037822E+001  0.190713354701639E+001
 -0.509463641297971E+001  0.546803601587284E+001  0.126498591696209E+002
 -0.505535968848391E+001  0.144429177125235E+002  0.126834605284786E+002
 -0.505191817895978E+001  0.130302007907549E+002  0.531662870604606E+001
 -0.501358741466110E+001  0.493564965979117E+001  0.461390244167791E+001
 -0.496861224587744E+001  0.499156272130111E+000  0.308515284910108E+001
 -0.493430402894405E+001  0.540549628242862E+000  0.116205822962313E+002
 -0.488888551468769E+001  0.150653823979494E+001  0.103236465081512E+001
 -0.475106753307903E+001  0.998925247028268E+001  0.433539331488841E+001
 -0.472109443748981E+001  0.962334423758333E+001  0.123434270507254E+002
 -0.468654926477216E+001  0.108487062207006E+002  0.140909010092475E+002
 -0.462913321059134E+001  0.528540590924180E+001  0.240047341778542E+001
 -0.462035176955269E+001  0.964274629076120E+001  0.290887171133093E+001
 -0.461434670491958E+001  0.424917456159146E+001  0.499812466878981E+001
 -0.461107624865393E+001  0.184809220955713E+001  0.945856186435284E+000
 -0.459118152529725E+001  0.139436918545934E+002  0.168521070427119E+001
 -0.456719822821603E+001  0.132019216772989E+002  0.996496417459556E+000
 -0.456458215223885E+001  0.265057996450232E+001  0.969103576989381E+001
 -0.452067915231505E+001  0.103144321238767E+002  0.141114345933547E+001
 -0.450832179564267E+001  0.433224479532046E+001  0.101116109341735E+002
 -0.448380041820985E+001  0.502110051932156E+001  0.130986352419289E+002
 -0.448349011743108E+001  0.250001909227051E+001  0.524527174235685E+001
 -0.446479371244207E+001  0.121933863722092E+002  0.716048379866766E+000
 -0.446085861393951E+001  0.206696822760224E+001  0.908250778234488E+000
 -0.444041532849556E+001  0.136366015241596E+002  0.135895319988257E+002
 -0.443774974731035E+001  0.134692346397323E+002  0.137438735433548E+002
 -0.441200756631198E+001  0.106800471463129E+002  0.101544687854351E+002
 -0.439038844470042E+001  0.112919199049654E+001  0.426692547064154E+001
 -0.430065986791329E+001  0.109732099587767E+002  0.100324462359302E+002
 -0.425577366043836E+001  0.156823802512896E+001  0.133091317320775E+001
 -0.421573199165896E+001  0.985085715483848E+001  0.336999308491582E+001
 -0.420379818561211E+001  0.124924286451226E+002  0.511881010684158E+001
 -0.420030028122858E+001  0.101714904662155E+002  0.131753294493757E+002
 -0.417449058779597E+001  0.240363656874135E+001  0.507787817287556E+001
 -0.416906432097349E+001  0.401675559086368E+001  0.109511612491055E+001
 -0.414242278309805E+001  0.513985692688100E+001  0.121735043718417E+002
 -0.412675643292476E+001  0.124532721754538E+002  0.509100527707553E+001
 -0.411602767572356E+001  0.121006832397309E+002  0.986782643647908E+001
 -0.408548849512705E+001  0.118180462462937E+001  0.409059086481428E+001
 -0.407843807508146E+001  0.197972555546597E+001  0.138547673911235E+002
 -0.406554699415693E+001  0.121266693280444E+002  0.510696339258993E+001
 -0.396703656851404E+001  0.456613018696362E+001  0.133437095079285E+002
 -0.395957589997932E+001  0.476519331034055E+001  0.406183343529477E+001
 -0.395019991671042E+001  0.502684347540862E+001  0.334139599767205E+001
 -0.390310198415529E+001  0.124405350397169E+002  0.101596907426484E+001
 -0.387039242279822E+001  0.381106339555761E+001  0.138458620970062E+002
 -0.382299727448881E+001  0.495621253240378E+001  0.116212217740504E+002
 -0.381983118406383E+001  0.443198704295671E+001  0.161677140569062E+001
 -0.378390788526927E+001  0.138818096941544E+002  0.240767077338163E+001
 -0.372474129456357E+001  0.126246702953472E+002  0.483943346672257E+001
 -0.370555596565666E+001  0.101363641915386E+002  0.125120736001925E+002
 -0.369385368726038E+001  0.101004644426163E+002  0.123220526479847E+002
 -0.367976107128872E+001  0.138759910392287E+001  0.195887975714214E+001
 -0.365122457514929E+001  0.103126279093844E+002  0.388287623442462E+001
 -0.362705082514142E+001  0.487705038878204E+001  0.117654166341165E+002
 -0.362476439734276E+001  0.139858735674738E+001  0.400461545274674E+001
 -0.361938126783345E+001  0.443575350833279E+001  0.422540616375173E+001
 -0.357443373965447E+001  0.477811871128046E+001  0.125580387039718E+002
 -0.355221797791555E+001  0.161340500083678E+001  0.132272066375749E+002
 -0.345309994787299E+001  0.103526822511352E+002  0.371888107306874E+001
 -0.343559239346757E+001  0.431835502086357E+001  0.420721609212322E+001
 -0.338542498646641E+001  0.137071905342179E+002  0.124249662574734E+002
 -0.335033249496435E+001  0.136765209340658E+002  0.124628049424426E+002
 -0.334827130798901E+001  0.163374355021907E+001  0.109256947377065E+002
 -0.334331107711260E+001  0.434115367859304E+001  0.189901188389530E+001
 -0.329463155756198E+001  0.106798201116458E+002  0.109180415697953E+002
 -0.328656413110857E+001  0.132464520412831E+002  0.415919430561916E+001
 -0.328522228394496E+001  0.123418868934288E+002  0.136666744694669E+002
 -0.327670127367565E+001  0.123146870611666E+002  0.136669194545829E+002
 -0.327410310387530E+001  0.123194865194078E+002  0.136644459855605E+002
 -0.322990729262618E+001  0.306697776573342E+001  0.103327944243891E+002
 -0.322590857746913E+001  0.330059775255680E+001  0.463881176871857E+001
 -0.320854665284013E+001  0.159805055163403E+001  0.211916124228783E+001
 -0.320279412879897E+001  0.136459205814812E+002  0.118558488146572E+002
 -0.317578535549852E+001  0.203554631850243E+001  0.106787711498666E+002
 -0.316140164595792E+001  0.459505376634592E+001  0.116792935273935E+002
 -0.315102739131398E+001  0.103957833160054E+002  0.322975961484161E+001
 -0.313617790135712E+001  0.409013731157411E+001  0.131866770039946E+002
 -0.312325103239892E+001  0.460335510717006E+001  0.299942354498673E+001
 -0.311860349929806E+001  0.119866609449092E+002  0.136003983677156E+002
 -0.310926276480821E+001  0.459455423439934E+001  0.119870311771677E+002
 -0.309040171432552E+001  0.181299105630699E+001  0.130469283946026E+002
 -0.307729111476497E+001  0.453044225629492E+001  0.123695600044148E+002
 -0.306633471416815E+001  0.106473221316172E+002  0.220805437061249E+001
 -0.306322584713060E+001  0.135636471565306E+002  0.120755323196793E+002
 -0.305810631122643E+001  0.127607941206376E+002  0.436442324651795E+001
 -0.305808593035211E+001  0.114849832921444E+002  0.105251523744745E+002
 -0.305730479602812E+001  0.232822472883320E+001  0.159018673424941E+001
 -0.305557809382469E+001  0.431562505136078E+001  0.128393645090563E+002
 -0.305441613114045E+001  0.122468480047476E+002  0.454017667558618E+001
 -0.305057090832147E+001  0.133997467395945E+002  0.368271278647676E+001
 -0.303554191919472E+001  0.113111952339536E+002  0.133859573225184E+002
 -0.302876618713296E+001  0.419766112269870E+001  0.110266624035703E+002
 -0.302632675589271E+001  0.132992521374560E+002  0.382996581994856E+001
 -0.302602170641509E+001  0.284598729838521E+001  0.104661912219061E+002
 -0.302144425144047E+001  0.146342848017271E+001  0.292201067689792E+001
 -0.301650332125598E+001  0.147259844486983E+001  0.121558749469260E+002
 -0.301125125073132E+001  0.131650163192865E+002  0.200527122066356E+001
 -0.301011378815830E+001  0.439691908807805E+001  0.126269693013718E+002
 -0.300527836704441E+001  0.165149428395922E+001  0.112814355038861E+002
 -0.300500773417337E+001  0.451908492145362E+001  0.121632248049310E+002
 -0.297698705023749E+001  0.126364951165668E+002  0.436861021998379E+001
 -0.295984653878002E+001  0.228878060213875E+001  0.106816275515440E+002
 -0.295626861936053E+001  0.312216475167187E+001  0.449059011111532E+001
 -0.295497919073758E+001  0.127181866549749E+002  0.106891177866516E+002
 -0.294564455544887E+001  0.263878994610922E+001  0.105560255282556E+002
 -0.294075373597886E+001  0.134788830103606E+002  0.286340431629900E+001
 -0.288662779220955E+001  0.220689332086866E+001  0.178819009447948E+001
 -0.288540428766576E+001  0.413470550721994E+001  0.111013911560653E+002
 -0.288293917163536E+001  0.123172884108964E+002  0.158952055145674E+001
 -0.287763162756154E+001  0.110308188024394E+002  0.130678000414869E+002
 -0.287555232784643E+001  0.109592224378410E+002  0.200394147311486E+001
 -0.285348004066480E+001  0.106376164437374E+002  0.124184698246438E+002
 -0.285015727520490E+001  0.123003595181231E+002  0.133908071676059E+002
 -0.284448608226294E+001  0.419251444947670E+001  0.376884804707869E+001
 -0.283632828764245E+001  0.115770311672228E+002  0.106516677675861E+002
 -0.278738996755236E+001  0.342789552091150E+001  0.169006441934349E+001
 -0.277383636089650E+001  0.130754836866276E+002  0.128457265685624E+002
 -0.276517899090411E+001  0.337994281513080E+001  0.133077642395401E+002
 -0.275991338240013E+001  0.129703261747789E+002  0.395002091899104E+001
 -0.274841344739855E+001  0.167800067911486E+001  0.122709069167770E+002
 -0.273344318563863E+001  0.128126299139840E+002  0.109366257190636E+002
 -0.272230077935712E+001  0.123400566242135E+002  0.132857717208836E+002
 -0.270208510316240E+001  0.168606653567433E+001  0.295533541860436E+001
 -0.269837659537012E+001  0.267393624016476E+001  0.132707011774779E+002
 -0.268857587580690E+001  0.132606287891548E+002  0.333498160359823E+001
 -0.266554619174161E+001  0.298128779416973E+001  0.428646340951387E+001
 -0.266427293181865E+001  0.107313517738764E+002  0.117918572384814E+002
 -0.266402105524695E+001  0.112194883817435E+002  0.109786824238064E+002
 -0.266029953864485E+001  0.107878278981696E+002  0.341890779416882E+001
 -0.263562319121443E+001  0.110128577329061E+002  0.112119375696514E+002
 -0.262582721874247E+001  0.117593194739548E+002  0.107679394539840E+002
 -0.260681407716498E+001  0.117080794000974E+002  0.179473804305298E+001
 -0.260296761113534E+001  0.365836463168781E+001  0.130472521669563E+002
 -0.258931856401506E+001  0.308122784438566E+001  0.107767726979387E+002
 -0.258501508273955E+001  0.107978471296497E+002  0.117784046278256E+002
 -0.257407338479833E+001  0.178680948377770E+001  0.297630594745027E+001
 -0.256874229191403E+001  0.121061361577104E+002  0.179564724144633E+001
 -0.255762216846001E+001  0.191451655427145E+001  0.114889071579932E+002
 -0.255716665708855E+001  0.108139871804363E+002  0.317875338651106E+001
 -0.255267734415754E+001  0.130296637830649E+002  0.126077771378892E+002
 -0.253650887145754E+001  0.119228713957150E+002  0.182045992501423E+001
 -0.250118006813668E+001  0.193240421954726E+001  0.115677439959767E+002
 -0.249993405167261E+001  0.121125916873980E+002  0.185482006546770E+001
 -0.249740341649353E+001  0.123937954860548E+002  0.192112196457097E+001
 -0.248278440127606E+001  0.120322586916920E+002  0.186475815504196E+001
 -0.247911782078804E+001  0.128753180196335E+002  0.371854009857646E+001
 -0.247412996645182E+001  0.404998983952492E+001  0.115876565303301E+002
 -0.247031490969206E+001  0.254520492524103E+001  0.197139068323274E+001
 -0.245050548842222E+001  0.112445761074144E+002  0.128090683447872E+002
 -0.244570405739951E+001  0.207144319901997E+001  0.359450504567587E+001
 -0.244250708817919E+001  0.121861175638651E+002  0.191620098913101E+001
 -0.243093521951331E+001  0.318522151858427E+001  0.407322378619808E+001
 -0.242467124416122E+001  0.109630381942951E+002  0.123135260260537E+002
 -0.241092026713770E+001  0.123258125291689E+002  0.130197708552872E+002
 -0.240244272014225E+001  0.112924749678781E+002  0.379280491697938E+001
 -0.240154135691653E+001  0.112346284264864E+002  0.112641094269718E+002
 -0.238804503320541E+001  0.129085155285205E+002  0.125243428916550E+002
 -0.238549506314531E+001  0.123484363738288E+002  0.201317271680149E+001
 -0.238317361823600E+001  0.221362470012050E+001  0.231282681120932E+001
 -0.237271547550737E+001  0.205958376062241E+001  0.124304580292095E+002
 -0.237255282139588E+001  0.111159800324444E+002  0.125365260542938E+002
 -0.237142813252646E+001  0.115798829794856E+002  0.394371808359720E+001
 -0.235231236684468E+001  0.111781111919183E+002  0.114055511897390E+002
 -0.235207043416020E+001  0.226619529348999E+001  0.369994098908798E+001
 -0.234721681588784E+001  0.234220136166232E+001  0.112345064008379E+002
 -0.234444312570409E+001  0.112043795062189E+002  0.113834611541314E+002
 -0.234419273176778E+001  0.123370446395283E+002  0.394817310744510E+001
 -0.234382769510568E+001  0.124029259173374E+002  0.392171143126822E+001
 -0.234129051299529E+001  0.124671068620227E+002  0.128880529672397E+002
 -0.232562601728905E+001  0.110701603219269E+002  0.123330106227140E+002
 -0.232434692700276E+001  0.296877938988747E+001  0.110141171496110E+002
 -0.232354628542912E+001  0.110173663754831E+002  0.120759578699569E+002
 -0.231986434303300E+001  0.124028532489724E+002  0.111046320236687E+002
 -0.231915192762896E+001  0.201914721084303E+001  0.302185242417293E+001
 -0.230791373220054E+001  0.218067077988521E+001  0.351843317857607E+001
 -0.229949181573388E+001  0.126433356961940E+002  0.112863133175884E+002
 -0.229596899670573E+001  0.364961188498153E+001  0.112970147515890E+002
 -0.229251576140274E+001  0.371075401385290E+001  0.126356934180710E+002
 -0.227225908878092E+001  0.361782920596536E+001  0.126978904763638E+002
 -0.227170850244412E+001  0.216487297742844E+001  0.115874157925462E+002
 -0.227146131489076E+001  0.236759959745291E+001  0.126835482629786E+002
 -0.227001824145648E+001  0.124621432763774E+002  0.380666346278571E+001
 -0.226922308341807E+001  0.207497327237786E+001  0.120837710403548E+002
 -0.226150009061284E+001  0.259310526409461E+001  0.128256407949584E+002
 -0.225106604588264E+001  0.359352633889519E+001  0.113114475735398E+002
 -0.225068223852699E+001  0.369004712415786E+001  0.125911389943801E+002
 -0.225056190922061E+001  0.113033041431571E+002  0.241691804291289E+001
 -0.224739421724834E+001  0.222778723996448E+001  0.124719340578050E+002
 -0.223809289020345E+001  0.222761469829356E+001  0.124515003801727E+002
 -0.223143964950489E+001  0.113110818708279E+002  0.355903217929666E+001
 -0.222829372479292E+001  0.127880637016231E+002  0.339973606160969E+001
 -0.222310964330667E+001  0.385708646668538E+001  0.118106116623986E+002
 -0.221849089672730E+001  0.119224599697814E+002  0.128690311872134E+002
 -0.221700203266652E+001  0.299859479885005E+001  0.111292256561404E+002
 -0.219305212965226E+001  0.120985051399692E+002  0.216295348762122E+001
 -0.217487929447364E+001  0.123904787636947E+002  0.127221708878320E+002
 -0.217374702742064E+001  0.364455023272456E+001  0.114937442153246E+002
 -0.216811531881363E+001  0.277983225146482E+001  0.221769400659747E+001
 -0.216659911537567E+001  0.111895096921922E+002  0.120234426722517E+002
 -0.215913936125246E+001  0.230005334583843E+001  0.116093604333733E+002
 -0.215340158618159E+001  0.227046180180748E+001  0.268563865230837E+001
 -0.215247089692618E+001  0.125437165596673E+002  0.242245349643755E+001
 -0.214789910529372E+001  0.127865786578167E+002  0.119634200487141E+002
 -0.214608218627441E+001  0.375943525611960E+001  0.118008308972438E+002
 -0.214488333897446E+001  0.254385121420914E+001  0.113628651395884E+002
 -0.214364987568469E+001  0.245325205617818E+001  0.125591174335301E+002
 -0.213919576971760E+001  0.113417588112122E+002  0.258847121121391E+001
 -0.213660019499207E+001  0.322637174040648E+001  0.112609451357911E+002
 -0.211665631008155E+001  0.126404854569478E+002  0.116161551527209E+002
 -0.211404722331245E+001  0.118259876989859E+002  0.227746278095730E+001
 -0.211082919698067E+001  0.126982933440145E+002  0.122414346015958E+002
 -0.210967334901312E+001  0.279569685292199E+001  0.112915843103787E+002
 -0.210849538033386E+001  0.118358622412214E+002  0.371714393533808E+001
 -0.210812202035061E+001  0.368347389554642E+001  0.122708382210641E+002
 -0.210719324298976E+001  0.298975373093309E+001  0.226615576098804E+001
 -0.210597118741728E+001  0.370705939669051E+001  0.280959188156091E+001
 -0.210533037428134E+001  0.242292541974311E+001  0.115506765702021E+002
 -0.210262941096734E+001  0.372351454401415E+001  0.120776620481058E+002
 -0.210206507596483E+001  0.127194168732355E+002  0.121039970269529E+002
 -0.210182489415056E+001  0.120624280415274E+002  0.227612266569986E+001
 -0.210037108932900E+001  0.121131723004788E+002  0.371566757383833E+001
 -0.209193324108432E+001  0.309392437607477E+001  0.229339504606258E+001
 -0.209116549102559E+001  0.350227374767986E+001  0.350427961650668E+001
 -0.209018658575400E+001  0.254509054302520E+001  0.114544026900321E+002
 -0.208714725387786E+001  0.308765145596675E+001  0.370061230163618E+001
 -0.208451378752835E+001  0.122377622174577E+002  0.233913498338343E+001
 -0.207544638601167E+001  0.294434023831954E+001  0.126870521305799E+002
 -0.207396505349361E+001  0.359803100998555E+001  0.123384300300863E+002
 -0.207203095630215E+001  0.126813533557940E+002  0.119362396335183E+002
 -0.206207962779727E+001  0.125001603986929E+002  0.124452467836551E+002
 -0.205709010369939E+001  0.116352357352076E+002  0.244739425834455E+001
 -0.205431912183856E+001  0.292981351603303E+001  0.113458150350805E+002
 -0.205282201881814E+001  0.123478667373321E+002  0.125557685110507E+002
 -0.205163248205424E+001  0.117305204827282E+002  0.240427219213744E+001
 -0.204845134461040E+001  0.113510671196733E+002  0.119941116018301E+002
 -0.204550105889653E+001  0.120416691466768E+002  0.126430487284721E+002
 -0.204505466457752E+001  0.364322775431796E+001  0.120247639336826E+002
 -0.204361644987935E+001  0.114166384935099E+002  0.273322646367082E+001
 -0.204078822793805E+001  0.115740261794467E+002  0.124736756561832E+002
 -0.203933208609610E+001  0.123004858934082E+002  0.355912276580032E+001
 -0.203530883422781E+001  0.284064314314493E+001  0.126078395576221E+002
 -0.203257965913485E+001  0.121885089230143E+002  0.114051306266120E+002
 -0.202898151498906E+001  0.115785638619345E+002  0.254767215574113E+001
 -0.202590765358286E+001  0.120394397635628E+002  0.238803130848291E+001
 -0.202538503198978E+001  0.265602041610294E+001  0.125066497577448E+002
 -0.202336710162263E+001  0.359506221416188E+001  0.118700729754696E+002
 -0.202285093714641E+001  0.346025292748903E+001  0.260236325092880E+001
 -0.202199106011054E+001  0.121828036373220E+002  0.242137160665566E+001
 -0.202169531258169E+001  0.125546698577418E+002  0.117550962612424E+002
 -0.202156149054443E+001  0.121130593346283E+002  0.240452839268058E+001
 -0.202080243551297E+001  0.285978104308987E+001  0.125883786045824E+002
 -0.202044466772754E+001  0.339029376701392E+001  0.253869101670737E+001
 -0.201811036336717E+001  0.335243025303739E+001  0.115139346642069E+002
 -0.201776666164408E+001  0.120108840035840E+002  0.359971720746986E+001
 -0.201735640037406E+001  0.244231285406539E+001  0.117810394665956E+002
 -0.201625682614309E+001  0.118043271995585E+002  0.125643329466147E+002
 -0.201622863776231E+001  0.124235406246935E+002  0.257891036353273E+001
 -0.201394803166714E+001  0.122120094096503E+002  0.355425079227306E+001
 -0.201080081015599E+001  0.116839457728185E+002  0.349594073534447E+001
 -0.200925276509773E+001  0.278169013729256E+001  0.125432238960331E+002
 -0.200617577418871E+001  0.116752075819813E+002  0.348073620703697E+001
 -0.200549238043886E+001  0.281835390579695E+001  0.114502406667279E+002
 -0.200336450909923E+001  0.284762956887391E+001  0.125547595308764E+002
 -0.200199981002420E+001  0.122275762936666E+002  0.114742105765702E+002
 -0.200108876477680E+001  0.119261849699211E+002  0.356654632473379E+001
 -0.200098436816127E+001  0.120732848268976E+002  0.114335691236784E+002
 -0.199797394603150E+001  0.124024903461219E+002  0.116022622968299E+002
 -0.199702195332163E+001  0.276982042337498E+001  0.125150797378361E+002
 -0.199311992346011E+001  0.249774319766372E+001  0.122412961222408E+002
 -0.198720193452596E+001  0.351268801718322E+001  0.281078918299956E+001
 -0.198416527294749E+001  0.116513563420131E+002  0.341355049609668E+001
 -0.198411342121415E+001  0.308723577609614E+001  0.125337252373446E+002
 -0.198362445911607E+001  0.117770845748952E+002  0.250826480839402E+001
 -0.198352697791176E+001  0.125393841390374E+002  0.298090619053896E+001
 -0.198235759200306E+001  0.114730795654600E+002  0.289362374864857E+001
 -0.198221206807409E+001  0.114636055719596E+002  0.296916137330119E+001
 -0.198043498362362E+001  0.125233930320843E+002  0.118942854390629E+002
 -0.197714947195224E+001  0.124614041314925E+002  0.325622458611031E+001
 -0.197660058553553E+001  0.323476766986384E+001  0.124715200732090E+002
 -0.197329587267362E+001  0.251517814173615E+001  0.281082976376255E+001
 -0.197308113714914E+001  0.120646860438596E+002  0.248403114705501E+001
 -0.197063609043286E+001  0.120660725480279E+002  0.114889692118432E+002
 -0.196845765157100E+001  0.311431449691936E+001  0.250191028306401E+001
 -0.196791963168050E+001  0.116464300463984E+002  0.123675233576964E+002
 -0.196787658948714E+001  0.277987241006041E+001  0.115400620799467E+002
 -0.196742730505288E+001  0.287814608588964E+001  0.250578132279015E+001
 -0.196682518417509E+001  0.251559477424368E+001  0.121524723345118E+002
 -0.196535304103449E+001  0.122888230046932E+002  0.258583430705780E+001
 -0.196413813561047E+001  0.121663365336650E+002  0.252581196137971E+001
 -0.196201512768513E+001  0.115876635633825E+002  0.327974056836493E+001
 -0.196139460101312E+001  0.116729111636422E+002  0.262577017444137E+001
 -0.196109031603198E+001  0.255650534130864E+001  0.277697760884272E+001
 -0.196091003230727E+001  0.310426783084815E+001  0.124849681961181E+002
 -0.195391805787960E+001  0.290283017426855E+001  0.124718474413493E+002
 -0.195113741979818E+001  0.295878310088760E+001  0.124741538505646E+002
 -0.194967523106164E+001  0.116683649664350E+002  0.333706755082173E+001
 -0.194832277413781E+001  0.253763533653320E+001  0.119156772069120E+002
 -0.194764549851845E+001  0.340130283577552E+001  0.117581469491267E+002
 -0.194678566351699E+001  0.253517791261289E+001  0.119580760057678E+002
 -0.194205026738938E+001  0.255574857486896E+001  0.289518075926095E+001
 -0.194099254084596E+001  0.124339685093863E+002  0.121337994085722E+002
 -0.193843326604730E+001  0.116393724707421E+002  0.122665711620136E+002
 -0.193558516589236E+001  0.326568034970691E+001  0.264668689417791E+001
 -0.193497140347508E+001  0.283232182308689E+001  0.124075201873755E+002
 -0.193492628743571E+001  0.122525332291852E+002  0.263899389172750E+001
 -0.193426246568595E+001  0.122134891034745E+002  0.261634233846976E+001
 -0.193417541471050E+001  0.115729633024556E+002  0.310117487609437E+001
 -0.193254080121558E+001  0.315249941383452E+001  0.115924814134391E+002
 -0.193235481718837E+001  0.120495574241351E+002  0.115681440480077E+002
 -0.192959108334448E+001  0.123207094361858E+002  0.328385470123229E+001
 -0.192929075619787E+001  0.122809103542750E+002  0.123223612142274E+002
 -0.192848702489290E+001  0.320657789255988E+001  0.116277830051265E+002
 -0.192806692304054E+001  0.116116703584999E+002  0.317198779838935E+001
 -0.192763237152200E+001  0.289985067518342E+001  0.115883196349544E+002
 -0.192675051215176E+001  0.123850085005843E+002  0.121718003083894E+002
 -0.192555292747517E+001  0.334167072216297E+001  0.117578991124587E+002
 -0.192550899908868E+001  0.116269188162220E+002  0.318993234497976E+001
 -0.192550251865496E+001  0.324798449480104E+001  0.116627247491595E+002
 -0.192547612330961E+001  0.303134263674403E+001  0.115826083938045E+002
 -0.192474961827006E+001  0.118424811093573E+002  0.338591825923650E+001
 -0.192378959732293E+001  0.119540864282559E+002  0.341196723869363E+001
 -0.192316309170462E+001  0.121958439689162E+002  0.123636168181337E+002
 -0.192305461973039E+001  0.122059917617091E+002  0.335766255150641E+001
 -0.192288119305142E+001  0.118137602288685E+002  0.263213725258865E+001
 -0.192181255068449E+001  0.119648721788692E+002  0.259178803945391E+001
 -0.191999721652224E+001  0.122151199836171E+002  0.123434584296161E+002
 -0.191959880011092E+001  0.270541541103294E+001  0.117231184597228E+002
 -0.191951163447503E+001  0.117282262347797E+002  0.122990119674350E+002
 -0.191895800459125E+001  0.116591816252431E+002  0.278551290996449E+001
 -0.191859923153434E+001  0.340097631967138E+001  0.120257356039910E+002
 -0.191765809155243E+001  0.121261910510612E+002  0.116210041307372E+002
 -0.191726057298843E+001  0.123848759419883E+002  0.121031383654940E+002
 -0.191553454520936E+001  0.123508409355796E+002  0.282048511058503E+001
 -0.191530735011258E+001  0.289974663545228E+001  0.338053886832139E+001
 -0.191504506143123E+001  0.298781718140674E+001  0.116073327503154E+002
 -0.191320661716128E+001  0.278514955623721E+001  0.332326210467484E+001
 -0.191317776795349E+001  0.117483425571159E+002  0.270458514842800E+001
 -0.191242802408305E+001  0.121248005320031E+002  0.336541311218831E+001
 -0.191223851693984E+001  0.123610933237602E+002  0.121354049947263E+002
 -0.191175771964059E+001  0.261624007903478E+001  0.119778724261779E+002
 -0.191167516986064E+001  0.262734887383797E+001  0.120934202605047E+002
 -0.191146722205685E+001  0.292256977080991E+001  0.123757457530067E+002
 -0.190898771738056E+001  0.121364035125197E+002  0.116484102053319E+002
 -0.190852751217337E+001  0.119609615154092E+002  0.337386747417890E+001
 -0.190810064653916E+001  0.311096627545946E+001  0.116420423964067E+002
 -0.190801963988773E+001  0.117388351786578E+002  0.326847361704660E+001
 -0.190766518931326E+001  0.330870225610916E+001  0.117895738540938E+002
 -0.190742084539412E+001  0.298632495924022E+001  0.123726936425937E+002
 -0.190736525171728E+001  0.116509378173937E+002  0.121308891259424E+002
 -0.190705860849692E+001  0.263946535503442E+001  0.120915306175807E+002
 -0.190579600779192E+001  0.121260415356864E+002  0.116536599733687E+002
 -0.190514956669659E+001  0.117818545020650E+002  0.329488564275862E+001
 -0.190469300667993E+001  0.313700511803895E+001  0.123389121983233E+002
 -0.190274648737189E+001  0.334214939740688E+001  0.118874272156372E+002
 -0.190183235618678E+001  0.306940361343836E+001  0.116491528566504E+002
 -0.190148185018705E+001  0.293369429154308E+001  0.335044702963706E+001
 -0.190137871142996E+001  0.323003986586723E+001  0.117278144931246E+002
 -0.190124320015824E+001  0.121651523373315E+002  0.331536799611205E+001
 -0.190068707123086E+001  0.284368811319758E+001  0.116819015817592E+002
 -0.189872294729522E+001  0.265219381525934E+001  0.119731184147063E+002
 -0.189827362218802E+001  0.266792441044228E+001  0.289743824115564E+001
 -0.189767903068753E+001  0.313544352357190E+001  0.268178783731792E+001
 -0.189735093747152E+001  0.122882370908556E+002  0.121893861705074E+002
 -0.189606643074967E+001  0.266415267301513E+001  0.120598773883679E+002
 -0.189419146275468E+001  0.286408262848428E+001  0.330684729233110E+001
 -0.189339648338647E+001  0.296798597203823E+001  0.266831651236771E+001
 -0.189274221078467E+001  0.117588980083814E+002  0.277284340558067E+001
 -0.189271949842946E+001  0.325860466306311E+001  0.117930978678644E+002
 -0.189262109177186E+001  0.118330407435436E+002  0.122856792911790E+002
 -0.189247963622256E+001  0.123243863762470E+002  0.306307629136027E+001
 -0.189178388726568E+001  0.269039991371901E+001  0.310936831482416E+001
 -0.189158880663833E+001  0.326652489223492E+001  0.319075629026883E+001
 -0.188947005181357E+001  0.116886449129517E+002  0.292098113783661E+001
 -0.188911153282043E+001  0.116811705162430E+002  0.302857784298068E+001
 -0.188869901752763E+001  0.301496423721439E+001  0.331846502765791E+001
 -0.188832904602138E+001  0.330025097047839E+001  0.289630181317472E+001
 -0.188807125636831E+001  0.117134529208334E+002  0.313520041175608E+001
 -0.188686843519943E+001  0.119532174985784E+002  0.330950627641601E+001
 -0.188612926597274E+001  0.270942309291892E+001  0.310986109501543E+001
 -0.188506762322743E+001  0.300118692481282E+001  0.116927871994111E+002
 -0.188495834193878E+001  0.121869995763514E+002  0.275670242602266E+001
 -0.188464989149165E+001  0.122841340585955E+002  0.121131966735847E+002
 -0.188455031154414E+001  0.123032774340417E+002  0.296299610465551E+001
 -0.188305891320693E+001  0.279844847107379E+001  0.122230261751066E+002
 -0.188289546692260E+001  0.270145197441189E+001  0.303009779799161E+001
 -0.188260493514236E+001  0.121543097616420E+002  0.117437886908663E+002
 -0.188213650258870E+001  0.288851564208473E+001  0.117241556411689E+002
 -0.188194805917608E+001  0.117702929286865E+002  0.121880868068793E+002
 -0.188172622096333E+001  0.270660619783767E+001  0.120402291680340E+002
 -0.188101033637042E+001  0.307889460222187E+001  0.122829172699967E+002
 -0.188072651712620E+001  0.272106573230629E+001  0.308885142508644E+001
 -0.188070580344353E+001  0.315514958918843E+001  0.122481654267682E+002
 -0.187981361946859E+001  0.271048815183267E+001  0.120074830401058E+002
 -0.187975116248641E+001  0.281008590404573E+001  0.117816405982972E+002
 -0.187825115553872E+001  0.122771877966931E+002  0.120625707888967E+002
 -0.187794029262846E+001  0.320150832460810E+001  0.319879850993372E+001
 -0.187790212854232E+001  0.117535139625705E+002  0.313890557086820E+001
 -0.187708288471574E+001  0.122675319305975E+002  0.308269403076147E+001
 -0.187629742380004E+001  0.118816124447027E+002  0.274935064027187E+001
 -0.187619895381335E+001  0.122526275620716E+002  0.288676091801065E+001
 -0.187577514358437E+001  0.118052360304156E+002  0.121945845587444E+002
 -0.187550113969336E+001  0.119341696230576E+002  0.117337022192363E+002
 -0.187538094300986E+001  0.283001463698351E+001  0.117852612527717E+002
 -0.187349028299214E+001  0.317888921356580E+001  0.121980532313177E+002
 -0.187178838192524E+001  0.122143261637052E+002  0.314794230829355E+001
 -0.187178076999799E+001  0.303376168004894E+001  0.122582006121944E+002
 -0.187100262583561E+001  0.274316149251603E+001  0.298311509769230E+001
 -0.187083229237483E+001  0.298738707529817E+001  0.117435797081715E+002
 -0.187081949726445E+001  0.120805741750252E+002  0.324370610174801E+001
 -0.187017039376088E+001  0.122239591355034E+002  0.118798793925771E+002
 -0.186976162990541E+001  0.121296229030864E+002  0.117832812191166E+002
 -0.186964520413001E+001  0.121677956636791E+002  0.118119019120464E+002
 -0.186810079866607E+001  0.122225832646557E+002  0.289557703888186E+001
 -0.186727963248887E+001  0.120561037525109E+002  0.323591842046192E+001
 -0.186694048250110E+001  0.321639467435598E+001  0.289369770889634E+001
 -0.186671041498779E+001  0.314607801126569E+001  0.121905988241872E+002
 -0.186668423499921E+001  0.306859511762850E+001  0.122300196665880E+002
 -0.186645264750167E+001  0.276727596117874E+001  0.119453128539841E+002
 -0.186635594889943E+001  0.117826523118148E+002  0.119014213642785E+002
 -0.186555693792150E+001  0.293118635203970E+001  0.322499872194906E+001
 -0.186547057767956E+001  0.313304386954751E+001  0.319361392335328E+001
 -0.186511387626859E+001  0.291185710354890E+001  0.122161121225746E+002
 -0.186479322290421E+001  0.301383515925110E+001  0.122316050546906E+002
 -0.186459418660718E+001  0.322999082290825E+001  0.297679522088764E+001
 -0.186445913170032E+001  0.276983359758458E+001  0.298630482635776E+001
 -0.186443083073592E+001  0.321822790063446E+001  0.120740547907824E+002
 -0.186442914544402E+001  0.319976644613024E+001  0.121148804816748E+002
 -0.186436808218816E+001  0.296757531665338E+001  0.122278830214551E+002
 -0.186403134898414E+001  0.118892981374816E+002  0.320013411199632E+001
 -0.186385956728386E+001  0.117837531770080E+002  0.120721270635400E+002
 -0.186385373271891E+001  0.121065807167844E+002  0.320147923820794E+001
 -0.186374872564220E+001  0.121780984026095E+002  0.285849283603418E+001
 -0.186288538106909E+001  0.121571995752878E+002  0.284092478870419E+001
 -0.186282502517443E+001  0.121996161388559E+002  0.289975373005231E+001
 -0.186275628332777E+001  0.117788021918061E+002  0.297119091311659E+001
 -0.186246091401313E+001  0.117869469774601E+002  0.119385499813331E+002
 -0.186179948675050E+001  0.120743558659599E+002  0.320570864318172E+001
 -0.186174139457568E+001  0.320329388974749E+001  0.119199984329903E+002
 -0.186164921979996E+001  0.289386328724731E+001  0.319047127076619E+001
 -0.186115142107126E+001  0.120301171793322E+002  0.321363909949470E+001
 -0.186111977243951E+001  0.321557911577513E+001  0.120033251920151E+002
 -0.186087856367457E+001  0.283300248064071E+001  0.313459131865870E+001
 -0.186040068698692E+001  0.118539824111240E+002  0.315403280460339E+001
 -0.186015639448588E+001  0.313340247787797E+001  0.283640771702465E+001
 -0.186005792845566E+001  0.293526834093071E+001  0.122004283822386E+002
 -0.185985408016017E+001  0.118832052859569E+002  0.282589364666031E+001
 -0.185961159407158E+001  0.120967726396729E+002  0.318467298539637E+001
 -0.185910070155366E+001  0.121661398360949E+002  0.312183934155688E+001
 -0.185893327177536E+001  0.305968955755961E+001  0.121963404376341E+002
 -0.185875928091696E+001  0.119040562723174E+002  0.318044176382865E+001
 -0.185866957934582E+001  0.312281051926714E+001  0.118372038015484E+002
 -0.185842107456822E+001  0.282679990340861E+001  0.310530784803843E+001
 -0.185819610590915E+001  0.302687204620519E+001  0.121997898198917E+002
 -0.185814741776530E+001  0.319412026257963E+001  0.119465394877697E+002
 -0.185813469692896E+001  0.121967236619586E+002  0.295739645713290E+001
 -0.185800143498736E+001  0.319477241378105E+001  0.304808787774408E+001
 -0.185796638460776E+001  0.310925192079466E+001  0.316805550928042E+001
 -0.185766756906754E+001  0.118906492943448E+002  0.316620297376729E+001
 -0.185758685993160E+001  0.119226457457913E+002  0.118171451220221E+002
 -0.185715045590142E+001  0.310561460358452E+001  0.118344937025554E+002
 -0.185672310415633E+001  0.121174493371854E+002  0.315458890221702E+001
 -0.185671366197758E+001  0.119850246958744E+002  0.319351726383662E+001
 -0.185667097469288E+001  0.315752765072247E+001  0.121130170598844E+002
 -0.185603956590414E+001  0.121413314163879E+002  0.118721312011029E+002
 -0.185592712594445E+001  0.281590216908470E+001  0.295300949327265E+001
 -0.185587542361344E+001  0.121122645605704E+002  0.118470510449590E+002
 -0.185587410307816E+001  0.300047545011758E+001  0.281027955491087E+001
 -0.185575285338661E+001  0.121575534586096E+002  0.289546062160749E+001
 -0.185535254806768E+001  0.120678493146940E+002  0.121742051486387E+002
 -0.185526404541080E+001  0.120364560996854E+002  0.281712050197294E+001
 -0.185521321172501E+001  0.306450247066976E+001  0.121746760484693E+002
 -0.185510865823753E+001  0.309788706709306E+001  0.121577380922678E+002
 -0.185501611837294E+001  0.294908892450242E+001  0.118219939149386E+002
 -0.185476936485658E+001  0.306884082049433E+001  0.282957248365322E+001
 -0.185435821204061E+001  0.119791717245856E+002  0.318035651972079E+001
 -0.185414723665633E+001  0.305147464966278E+001  0.118271107263707E+002
 -0.185412986494677E+001  0.121528116707631E+002  0.290432246683018E+001
 -0.185399292089710E+001  0.302923582209355E+001  0.118228645273187E+002
 -0.185389221262035E+001  0.119400934625864E+002  0.316864607673206E+001
 -0.185372090017303E+001  0.309942437749493E+001  0.118523434366947E+002
 -0.185369861917334E+001  0.121773778565427E+002  0.298657608342095E+001
 -0.185366645071560E+001  0.315994662327396E+001  0.119225671496342E+002
 -0.185365717112530E+001  0.118309529710809E+002  0.305461969832887E+001
 -0.185345846340336E+001  0.303213518948982E+001  0.118264196912536E+002
 -0.185313919358325E+001  0.304468061741829E+001  0.121689020330693E+002
 -0.185306844878600E+001  0.121529390979607E+002  0.120836205541018E+002
 -0.185290901976232E+001  0.282667443784590E+001  0.299529296166258E+001
 -0.185250303293785E+001  0.317070465797636E+001  0.120105760485146E+002
 -0.185229261312004E+001  0.283136473752719E+001  0.120198303220376E+002
 -0.185177213479199E+001  0.308641163206778E+001  0.314255934416472E+001
 -0.185174463523377E+001  0.287066919715942E+001  0.121049222621061E+002
 -0.185169027894607E+001  0.121399143672702E+002  0.308972399291623E+001
 -0.185157452282838E+001  0.316404027600974E+001  0.302203861803080E+001
 -0.185141222236380E+001  0.313111413951572E+001  0.120993951423761E+002
 -0.185137647157552E+001  0.119359123180019E+002  0.284870036566977E+001
 -0.185108242602534E+001  0.119854900642954E+002  0.316186469966562E+001
 -0.185078499196587E+001  0.309934077435553E+001  0.312628246775978E+001
 -0.185037518393830E+001  0.291196153326533E+001  0.313132198381426E+001
 -0.185030162674663E+001  0.305615070946892E+001  0.285270363717758E+001
 -0.185021503986829E+001  0.120954487587533E+002  0.118752383016693E+002
 -0.185017947070730E+001  0.120791909643151E+002  0.121354016239443E+002
 -0.185012420325291E+001  0.284863686706800E+001  0.303979290987263E+001
 -0.185009446074532E+001  0.120776864518085E+002  0.121356451395272E+002
 -0.185000531073508E+001  0.299032161163446E+001  0.121554439366785E+002
 -0.184974728014047E+001  0.310310068657432E+001  0.311450185976723E+001
 -0.184954781519254E+001  0.121471013599205E+002  0.304126363381869E+001
 -0.184932040392279E+001  0.314623410894736E+001  0.119612409957912E+002
 -0.184908936499125E+001  0.291095455500389E+001  0.287960271643742E+001
 -0.184864019197234E+001  0.118835387218061E+002  0.119107642347069E+002
 -0.184854728389006E+001  0.311216999800512E+001  0.290641406885136E+001
 -0.184847697917347E+001  0.119759429581569E+002  0.314360043268044E+001
 -0.184812396538758E+001  0.121431032715687E+002  0.300390533261137E+001
 -0.184800733313975E+001  0.118869873788717E+002  0.291346283499841E+001
 -0.184791113819901E+001  0.285989750384703E+001  0.120209626847288E+002
 -0.184786988668768E+001  0.120274937154539E+002  0.313867132424268E+001
 -0.184764798687676E+001  0.290237558900132E+001  0.118999434394356E+002
 -0.184751449976002E+001  0.119881889029212E+002  0.313833063538908E+001
 -0.184751295222589E+001  0.118720619516126E+002  0.294611468281706E+001
 -0.184745986657211E+001  0.120796006595592E+002  0.311326665583154E+001
 -0.184730567899341E+001  0.121351899654495E+002  0.302410183416020E+001
 -0.184713268811847E+001  0.310640066686422E+001  0.291520529787129E+001
 -0.184709241599332E+001  0.120247035803179E+002  0.313349319191411E+001
 -0.184701875859451E+001  0.121130631199584E+002  0.292583723794508E+001
 -0.184700483570923E+001  0.293542173467415E+001  0.118813189726735E+002
 -0.184697227468709E+001  0.121345115332146E+002  0.120098521057512E+002
 -0.184690754614560E+001  0.289746087168653E+001  0.119131283323677E+002
 -0.184682022347993E+001  0.302905033071892E+001  0.313054651441646E+001
 -0.184669490088537E+001  0.306843116141374E+001  0.288618943326904E+001
 -0.184661916626289E+001  0.296215640856624E+001  0.121266967335589E+002
 -0.184642557832086E+001  0.118871297124653E+002  0.293398998549555E+001
 -0.184641138003695E+001  0.120765877320837E+002  0.310584397266489E+001
 -0.184637094712909E+001  0.300242215701041E+001  0.286968540145128E+001
 -0.184636543256203E+001  0.309386434039016E+001  0.119096328715268E+002
 -0.184630474891587E+001  0.287337501691220E+001  0.302866144921419E+001
 -0.184626111260824E+001  0.119932710446793E+002  0.312931671801465E+001
 -0.184616690346370E+001  0.119425928816762E+002  0.121152566565299E+002
 -0.184607798910570E+001  0.119184725724237E+002  0.120987680309892E+002
 -0.184606474504466E+001  0.119519808382664E+002  0.288138500357447E+001
 -0.184602748609679E+001  0.120474904602047E+002  0.288148630642654E+001
 -0.184601953689226E+001  0.290624085891196E+001  0.291343115786690E+001
 -0.184598418533782E+001  0.120501918908012E+002  0.118829743107060E+002
 -0.184594950418647E+001  0.291200860584891E+001  0.119083354479114E+002
 -0.184594800418903E+001  0.119165072062659E+002  0.290423555485547E+001
 -0.184581193193306E+001  0.291162544709954E+001  0.119102243382254E+002
 -0.184575788490089E+001  0.310819111162793E+001  0.119363107517096E+002
 -0.184570459328695E+001  0.291312236971288E+001  0.120900407191825E+002
 -0.184564131734462E+001  0.289200267204353E+001  0.306216975972943E+001
 -0.184563825437155E+001  0.308195658312134E+001  0.119061624040830E+002
 -0.184548302551785E+001  0.121219216258452E+002  0.119813711146799E+002
 -0.184541228046702E+001  0.120728463900386E+002  0.290118789763552E+001
 -0.184540640671526E+001  0.289041884250294E+001  0.294476730557517E+001
 -0.184534301303798E+001  0.287857806654985E+001  0.119862665614466E+002
 -0.184529847135955E+001  0.311885478688235E+001  0.297323529309793E+001
 -0.184523492700274E+001  0.118900212337969E+002  0.294881023372554E+001
 -0.184521231954959E+001  0.118788991875448E+002  0.299774179203934E+001
 -0.184515278733155E+001  0.292165147839539E+001  0.290827785977864E+001
 -0.184510229818618E+001  0.120803534554270E+002  0.120894079736634E+002
 -0.184505916751970E+001  0.119522726205048E+002  0.289006229278705E+001
 -0.184505404834426E+001  0.310368859579624E+001  0.120600219874016E+002
 -0.184499538007026E+001  0.305968134320692E+001  0.118966812476128E+002
 -0.184490631762503E+001  0.303687400780349E+001  0.121126889967117E+002
 -0.184490552799668E+001  0.311792740641588E+001  0.120122494894056E+002
 -0.184472709105261E+001  0.121170270132436E+002  0.299782572821251E+001
 -0.184472632249199E+001  0.121084135786870E+002  0.304410224621904E+001
 -0.184469562191329E+001  0.119359835324149E+002  0.309766781909005E+001
 -0.184460947068422E+001  0.121160323885851E+002  0.299886274497551E+001
 -0.184459526975306E+001  0.307438806151294E+001  0.120888978233242E+002
 -0.184456743473817E+001  0.119949689927102E+002  0.121155656766662E+002
 -0.184453782041232E+001  0.120751008363561E+002  0.120876434389134E+002
 -0.184446277867737E+001  0.311121699393069E+001  0.297167677989574E+001
 -0.184444009737656E+001  0.118887929354436E+002  0.302755087525233E+001
 -0.184441017851837E+001  0.290295256918166E+001  0.306039884427374E+001
 -0.184436076385061E+001  0.120438347809039E+002  0.310509950935009E+001
 -0.184433588367084E+001  0.289404125858225E+001  0.304111422673666E+001
 -0.184419546513647E+001  0.309349214591714E+001  0.306241807515508E+001
 -0.184416843434276E+001  0.302286873392928E+001  0.118901830756427E+002
 -0.184403317324517E+001  0.306396560108532E+001  0.120906676102555E+002
 -0.184398234499939E+001  0.118964467780703E+002  0.296143463460472E+001
 -0.184381789115079E+001  0.289103313057041E+001  0.120028055034507E+002
 -0.184379561986788E+001  0.309833698003405E+001  0.120465504594484E+002
 -0.184370864023397E+001  0.304181405743471E+001  0.290042725146862E+001
 -0.184367190394070E+001  0.298310349319331E+001  0.289367886794980E+001
 -0.184366286402738E+001  0.120259414781103E+002  0.289560347252168E+001
 -0.184354108663956E+001  0.299497579476601E+001  0.310631461716152E+001
 -0.184352770360715E+001  0.118953097078231E+002  0.298152793678249E+001
 -0.184352621591270E+001  0.289595101406852E+001  0.120217280356530E+002
 -0.184342628761027E+001  0.294935683413494E+001  0.309237809346924E+001
 -0.184332302852356E+001  0.290842100613936E+001  0.119499479060187E+002
 -0.184320861477080E+001  0.120149341626093E+002  0.289782335144431E+001
 -0.184318534568820E+001  0.118974094846691E+002  0.299042165349059E+001
 -0.184314375765476E+001  0.120716405700787E+002  0.119265084276285E+002
 -0.184307923495290E+001  0.300595678708832E+001  0.289817243116571E+001
 -0.184307740813477E+001  0.119869626534913E+002  0.118988530225520E+002
 -0.184305624443376E+001  0.306191884364079E+001  0.120807738376643E+002
 -0.184302568056234E+001  0.290476199427318E+001  0.296497214578124E+001
 -0.184301149129408E+001  0.290295886544631E+001  0.302918677738309E+001
 -0.184292183473945E+001  0.119146524322777E+002  0.294703464014956E+001
 -0.184282820564822E+001  0.119864090786601E+002  0.309857771216094E+001
 -0.184266686639615E+001  0.307936887104221E+001  0.305727287563147E+001
 -0.184265482181818E+001  0.120129273144876E+002  0.119031062677063E+002
 -0.184259960401672E+001  0.297224157794427E+001  0.290686276136948E+001
 -0.184252332573664E+001  0.297098161363162E+001  0.119080736604277E+002
 -0.184245428096501E+001  0.308657570548440E+001  0.304073176071831E+001
 -0.184243163544748E+001  0.120024930904275E+002  0.120954092373745E+002
 -0.184234947732624E+001  0.309048431588508E+001  0.297247890967640E+001
 -0.184234766464871E+001  0.309336140329750E+001  0.298500517245701E+001
 -0.184231153501800E+001  0.119416515478018E+002  0.292607845142733E+001
 -0.184219790585389E+001  0.308465607580706E+001  0.303840608959591E+001
 -0.184201415324399E+001  0.119936298361891E+002  0.290926084261850E+001
 -0.184196371309674E+001  0.119244368633354E+002  0.119503662841186E+002
 -0.184195925269022E+001  0.119451872247473E+002  0.292816733172957E+001
 -0.184186556640898E+001  0.294432760561134E+001  0.306983970577187E+001
 -0.184184939233034E+001  0.120854801643784E+002  0.119747454293279E+002
 -0.184183431584476E+001  0.119125043545886E+002  0.298390618426633E+001
 -0.184176271122240E+001  0.307307078537242E+001  0.119506851954159E+002
 -0.184163339745554E+001  0.308579346461699E+001  0.298766535280602E+001
 -0.184158022174384E+001  0.293155423016661E+001  0.294783212424383E+001
 -0.184156434678354E+001  0.295203511175852E+001  0.119287684743644E+002
 -0.184149484462979E+001  0.291502639081654E+001  0.300387842535454E+001
 -0.184140639898649E+001  0.120556975266125E+002  0.293709967660225E+001
 -0.184134124627238E+001  0.120433835789825E+002  0.307103678484233E+001
 -0.184128550021551E+001  0.291853129452093E+001  0.120134058807953E+002
 -0.184127861533381E+001  0.307648392290711E+001  0.119691243237213E+002
 -0.184125357538698E+001  0.120555210472961E+002  0.306058408423352E+001
 -0.184123865019334E+001  0.297076133769022E+001  0.307660462253892E+001
 -0.184119576674738E+001  0.306610738358996E+001  0.120476152760252E+002
 -0.184114015429698E+001  0.295275092129045E+001  0.293447366684788E+001
 -0.184111771646868E+001  0.294330430704544E+001  0.294284321108496E+001
 -0.184110965440625E+001  0.119214617079373E+002  0.298276884584001E+001
 -0.184096944155001E+001  0.120524418340812E+002  0.305860549734898E+001
 -0.184094370671259E+001  0.307406051974693E+001  0.120254621291587E+002
 -0.184092097423520E+001  0.119272767044544E+002  0.302826902786987E+001
 -0.184090520532690E+001  0.120058476601676E+002  0.120776020792612E+002
 -0.184085192033705E+001  0.119371990159165E+002  0.119552144637908E+002
 -0.184085114720402E+001  0.120374440341456E+002  0.119325751833800E+002
 -0.184083465294945E+001  0.120735690673922E+002  0.302242243080598E+001
 -0.184075837169707E+001  0.293207500402064E+001  0.120338940333487E+002
 -0.184070511698113E+001  0.293920149180896E+001  0.295573214998081E+001
 -0.184067544621042E+001  0.119333597216966E+002  0.119660024572978E+002
 -0.184060509968849E+001  0.120056656725960E+002  0.119263524154346E+002
 -0.184059375474476E+001  0.120267573496443E+002  0.119313165164625E+002
 -0.184056773239352E+001  0.307292788475423E+001  0.299207184803192E+001
 -0.184055341899897E+001  0.120445603061172E+002  0.119419734173160E+002
 -0.184052702787631E+001  0.119926247569993E+002  0.119275739775730E+002
 -0.184051493239392E+001  0.119273805649904E+002  0.120014661609865E+002
 -0.184050964881683E+001  0.119407080293240E+002  0.295817145677490E+001
 -0.184048711172694E+001  0.293010120635001E+001  0.301828248564774E+001
 -0.184047797786626E+001  0.305224013991887E+001  0.119502728374519E+002
 -0.184047051629337E+001  0.305140271485829E+001  0.294955537022391E+001
 -0.184046259276689E+001  0.299788275920712E+001  0.307187885646355E+001
 -0.184043835171828E+001  0.306505654773443E+001  0.302983649132775E+001
 -0.184042043317350E+001  0.303931753946685E+001  0.294049483536204E+001
 -0.184040861954210E+001  0.120647597580662E+002  0.297051644524963E+001
 -0.184039822991041E+001  0.300331608748880E+001  0.120709318727082E+002
 -0.184038945241195E+001  0.120526298702418E+002  0.119525145415569E+002
 -0.184036056846097E+001  0.120704683332356E+002  0.299889631787256E+001
 -0.184031619144773E+001  0.119986601432873E+002  0.120698316179160E+002
 -0.184027744354490E+001  0.120599730847482E+002  0.303469846360988E+001
 -0.184026932122193E+001  0.120641317475892E+002  0.297408420218636E+001
 -0.184026822868734E+001  0.119573259450933E+002  0.294558263518136E+001
 -0.184016388083693E+001  0.295337024666468E+001  0.295101740146696E+001
 -0.184016082793488E+001  0.306325767907201E+001  0.302379052520415E+001
 -0.184013966880346E+001  0.304059713835990E+001  0.294636160754448E+001
 -0.184012616550754E+001  0.119796793629918E+002  0.306391611618336E+001
 -0.184004102851518E+001  0.120602143219411E+002  0.302649829513082E+001
 -0.183999434495131E+001  0.294321701056787E+001  0.303178441748847E+001
 -0.183997938791850E+001  0.294067441600390E+001  0.302617476077883E+001
 -0.183997451966620E+001  0.119526527060504E+002  0.304419434657694E+001
 -0.183989638371482E+001  0.295435599955187E+001  0.295578167988212E+001
 -0.183989148229394E+001  0.303820442007852E+001  0.119493121902657E+002
 -0.183988843106141E+001  0.296272166355182E+001  0.294868669825674E+001
 -0.183987196016541E+001  0.306226636854060E+001  0.119893845932294E+002
 -0.183986959133955E+001  0.119369260707675E+002  0.300259409166997E+001
 -0.183986173898905E+001  0.120291487331681E+002  0.120558542434745E+002
 -0.183985256895346E+001  0.120035277496706E+002  0.120627579482655E+002
 -0.183983661890141E+001  0.304221996675911E+001  0.295377685221685E+001
 -0.183983182586316E+001  0.304775020343133E+001  0.304036628518820E+001
 -0.183979389313785E+001  0.119454974345380E+002  0.302937896892450E+001
 -0.183978001026469E+001  0.297034209240005E+001  0.294590474856800E+001
 -0.183977657166217E+001  0.297244730393518E+001  0.119448650796208E+002
 -0.183977205681663E+001  0.120418613703246E+002  0.120451398547751E+002
 -0.183976291672001E+001  0.303163988799527E+001  0.120526366612635E+002
 -0.183975339058136E+001  0.296886790095420E+001  0.120527583240165E+002
 -0.183972952165764E+001  0.119994251174410E+002  0.120608652610824E+002
 -0.183972416350106E+001  0.120424134873681E+002  0.304353493163791E+001
 -0.183972121210015E+001  0.302810099989093E+001  0.294616111826263E+001
 -0.183972016824373E+001  0.294106354129275E+001  0.301458415248894E+001
 -0.183970265541746E+001  0.120353243112240E+002  0.119509758115540E+002
 -0.183970264670003E+001  0.306042482351461E+001  0.120000358412752E+002
 -0.183969491652159E+001  0.120372468406136E+002  0.119525829873485E+002
 -0.183964846479483E+001  0.305339924746585E+001  0.302629291047130E+001
 -0.183961420580365E+001  0.297410279096794E+001  0.120529491581893E+002
 -0.183961403140933E+001  0.119891329563672E+002  0.119420704103014E+002
 -0.183960779834753E+001  0.119422162057049E+002  0.301106783597792E+001
 -0.183960699919773E+001  0.120547449889591E+002  0.119784860101182E+002
 -0.183958263358701E+001  0.119528347209331E+002  0.296555336292370E+001
 -0.183957787426945E+001  0.119479759607214E+002  0.120263650347497E+002
 -0.183955414631496E+001  0.120287974718479E+002  0.305024803903050E+001
 -0.183951764444221E+001  0.120471804571739E+002  0.120324832345464E+002
 -0.183949745569010E+001  0.119720876769558E+002  0.119503846718867E+002
 -0.183945528631245E+001  0.303323115399806E+001  0.119546995561814E+002
 -0.183945359056265E+001  0.303482676631150E+001  0.120440470731705E+002
 -0.183941392422704E+001  0.119990978956462E+002  0.119445662391397E+002
 -0.183939011059582E+001  0.303661639069053E+001  0.120410527502825E+002
 -0.183938348803789E+001  0.120419134437662E+002  0.303544159263826E+001
 -0.183935750258875E+001  0.119691660927700E+002  0.304483461300986E+001
 -0.183935279110236E+001  0.303386815891530E+001  0.119575218032667E+002
 -0.183933401475335E+001  0.120153725841103E+002  0.119482546587047E+002
 -0.183930656085252E+001  0.120414667137140E+002  0.303375648885922E+001
 -0.183928427320954E+001  0.295054096385623E+001  0.301918899017977E+001
 -0.183928402151410E+001  0.305285109864986E+001  0.120045466010396E+002
 -0.183925872678364E+001  0.119475151473528E+002  0.299705704379819E+001
 -0.183920465454666E+001  0.119974786806083E+002  0.305146668070847E+001
 -0.183920432793653E+001  0.305103144001481E+001  0.120070933197017E+002
 -0.183916999995169E+001  0.119513701685568E+002  0.301486629000412E+001
 -0.183915857016234E+001  0.298781459318812E+001  0.120491377997759E+002
 -0.183913892957560E+001  0.120478198215142E+002  0.120153945121021E+002
 -0.183912778338140E+001  0.120413762992978E+002  0.119719030998058E+002
 -0.183912557067184E+001  0.299628197344101E+001  0.119501684356708E+002
 -0.183912466268407E+001  0.119903686225278E+002  0.120490145806616E+002
 -0.183911012865337E+001  0.304680890805880E+001  0.298341535003714E+001
 -0.183910490517334E+001  0.119661756492067E+002  0.303621589183482E+001
 -0.183910132384025E+001  0.120145291734834E+002  0.120473013528315E+002
 -0.183909058303418E+001  0.119515024930268E+002  0.299133829883625E+001
 -0.183908340880261E+001  0.303974270356154E+001  0.119711347561910E+002
 -0.183907558190007E+001  0.120015623405068E+002  0.304893454887483E+001
 -0.183904033333756E+001  0.119531328079219E+002  0.301140176140502E+001
 -0.183902440683087E+001  0.119740435217732E+002  0.119597390750091E+002
 -0.183901328995011E+001  0.295556442621169E+001  0.119827394419661E+002
 -0.183899686318234E+001  0.120046445709340E+002  0.119529041243119E+002
 -0.183891513535550E+001  0.299594452777595E+001  0.304538381911375E+001
 -0.183890873716657E+001  0.120094713170443E+002  0.120444256194993E+002
 -0.183889743449472E+001  0.298323599887020E+001  0.304194883117402E+001
 -0.183887199723912E+001  0.296843805093793E+001  0.296847691273121E+001
 -0.183885228221652E+001  0.296571232293764E+001  0.120278349926534E+002
 -0.183884146706219E+001  0.296954140548539E+001  0.303163977442861E+001
 -0.183884000812092E+001  0.119621780871755E+002  0.297774272403357E+001
 -0.183883603775686E+001  0.120298534724507E+002  0.303204236067570E+001
 -0.183883131437161E+001  0.119622669432210E+002  0.297798381616526E+001
 -0.183882903753388E+001  0.120387516811243E+002  0.297994384236415E+001
 -0.183882246547578E+001  0.120403832092093E+002  0.298387565360005E+001
 -0.183881886199318E+001  0.120169257291039E+002  0.296003613054317E+001
 -0.183881366273425E+001  0.295721654668701E+001  0.300653978382081E+001
 -0.183880702071053E+001  0.120059811570026E+002  0.304270988601337E+001
 -0.183880117170608E+001  0.120309487700304E+002  0.297016069325419E+001
 -0.183878291659357E+001  0.300993459182939E+001  0.295861154444002E+001
 -0.183876458131852E+001  0.296896822458956E+001  0.120284966442451E+002
 -0.183876318105268E+001  0.303336773929164E+001  0.297433244730737E+001
 -0.183876252813020E+001  0.297373343659748E+001  0.296712157107273E+001
 -0.183875630660685E+001  0.119581538083105E+002  0.300271599633452E+001
 -0.183875446821846E+001  0.120384077991213E+002  0.298327742289926E+001
 -0.183874150973207E+001  0.295959832700305E+001  0.120098280956704E+002
 -0.183871505873443E+001  0.299598750407640E+001  0.295925831954081E+001
 -0.183870410039707E+001  0.297538477196954E+001  0.296762472356182E+001
 -0.183870021563285E+001  0.302934604537963E+001  0.119719802200652E+002
 -0.183867486367095E+001  0.302287302177474E+001  0.119672521848345E+002
 -0.183867257777708E+001  0.303930642496190E+001  0.299321562882850E+001
 -0.183867044847595E+001  0.120030588296959E+002  0.120397165921764E+002
 -0.183866456995635E+001  0.120366463574051E+002  0.298476676058918E+001
 -0.183865727272140E+001  0.302998955124726E+001  0.119742893127261E+002
 -0.183865455695567E+001  0.303780522580347E+001  0.301121365215282E+001
 -0.183865387507431E+001  0.119605855162174E+002  0.299965970883936E+001
 -0.183864901108092E+001  0.301103666044092E+001  0.119622895045185E+002
 -0.183863250894307E+001  0.119899153858921E+002  0.120375391212704E+002
 -0.183862860463199E+001  0.119649981043871E+002  0.301667164505381E+001
 -0.183861403404492E+001  0.298572507488615E+001  0.303563932917627E+001
 -0.183861038738968E+001  0.120036139312794E+002  0.296187413658183E+001
 -0.183860744678747E+001  0.120156026446154E+002  0.303489008795142E+001
 -0.183858662022160E+001  0.120111163454130E+002  0.120359935339911E+002
 -0.183857603938719E+001  0.297845491686429E+001  0.119694425893054E+002
 -0.183856795043580E+001  0.298300127976765E+001  0.120330577005156E+002
 -0.183854861348075E+001  0.296863146407727E+001  0.298104982594081E+001
 -0.183854614937482E+001  0.303585490203162E+001  0.299274797054294E+001
 -0.183853971506917E+001  0.120136890049209E+002  0.119662671011635E+002
 -0.183853838454673E+001  0.119636351339816E+002  0.300048248755309E+001
 -0.183853184348879E+001  0.120360764050494E+002  0.120028367512408E+002
 -0.183852913465794E+001  0.296433879302888E+001  0.299430659903390E+001
 -0.183852907864046E+001  0.119641308078500E+002  0.300417438818608E+001
 -0.183852475575581E+001  0.296494911517337E+001  0.119918260067405E+002
 -0.183852379976718E+001  0.119841888164300E+002  0.120323028356308E+002
 -0.183850947049103E+001  0.300630346489161E+001  0.120350010641800E+002
 -0.183850772247189E+001  0.303457164224672E+001  0.300813103175773E+001
 -0.183850274141454E+001  0.120216577357414E+002  0.119720305078175E+002
 -0.183849716170425E+001  0.296887303603869E+001  0.120164712690577E+002
 -0.183848525176686E+001  0.302473880438769E+001  0.302458378067932E+001
 -0.183848274003116E+001  0.300714598427325E+001  0.303406291461978E+001
 -0.183848236072664E+001  0.120092913397791E+002  0.296647001879354E+001
 -0.183848171239471E+001  0.296522962270667E+001  0.119994406847021E+002
 -0.183848112139458E+001  0.302913693584987E+001  0.120189512252838E+002
 -0.183846731664900E+001  0.300274292755479E+001  0.303424874928710E+001
 -0.183846502057148E+001  0.297434856497667E+001  0.297724231546218E+001
 -0.183845481679087E+001  0.119661156890162E+002  0.120027118687667E+002
 -0.183845096662423E+001  0.120074445613212E+002  0.296694884364347E+001
 -0.183844888074946E+001  0.120273357598489E+002  0.298009058228572E+001
 -0.183843289855185E+001  0.301098021349589E+001  0.296851827202035E+001
 -0.183841893293844E+001  0.119876426435038E+002  0.120305127645192E+002
 -0.183841500803881E+001  0.299095330775988E+001  0.119684715902964E+002
 -0.183841205546076E+001  0.299256730055779E+001  0.303185487532289E+001
 -0.183840685193013E+001  0.300183272398215E+001  0.303249941790824E+001
 -0.183840528972540E+001  0.120000558494467E+002  0.303250297698589E+001
 -0.183840360116638E+001  0.303136971943190E+001  0.119916927611793E+002
 -0.183839228382790E+001  0.298943110318851E+001  0.119696893870516E+002
 -0.183838533037578E+001  0.119951029115831E+002  0.296849529467036E+001
 -0.183838432704485E+001  0.299271703746707E+001  0.120310077365789E+002
 -0.183838334948034E+001  0.120317960729784E+002  0.119987446573625E+002
 -0.183838253732660E+001  0.303159677992791E+001  0.120035475812453E+002
 -0.183838109433249E+001  0.303094989388282E+001  0.300708236647825E+001
 -0.183837509901696E+001  0.298709747177644E+001  0.297119739628676E+001
 -0.183837170993300E+001  0.297827276223611E+001  0.297725765653112E+001
 -0.183836925635639E+001  0.302682603663495E+001  0.298372905495857E+001
 -0.183836353628629E+001  0.296902300626543E+001  0.300365590112768E+001
 -0.183836350486777E+001  0.301663589315786E+001  0.302638416145517E+001
 -0.183836062630363E+001  0.120113026973129E+002  0.120289718625916E+002
 -0.183835838259427E+001  0.298488805584877E+001  0.302709726026425E+001
 -0.183834868347794E+001  0.300219890110718E+001  0.303063329840409E+001
 -0.183834067160781E+001  0.297976742328255E+001  0.120227563889118E+002
 -0.183833896323228E+001  0.302912570601551E+001  0.299131168054439E+001
 -0.183833539646890E+001  0.297106949076622E+001  0.119910733122279E+002
 -0.183833007031694E+001  0.119773727657016E+002  0.119801501616333E+002
 -0.183831848284336E+001  0.298640613737077E+001  0.120264204422154E+002
 -0.183831018954721E+001  0.119713776959979E+002  0.120068563831094E+002
 -0.183830834933355E+001  0.297483158988828E+001  0.298486338938657E+001
 -0.183829619926936E+001  0.120262657603041E+002  0.120121809505240E+002
 -0.183827849418518E+001  0.120107963661608E+002  0.120261972141533E+002
 -0.183827207828167E+001  0.297334106241196E+001  0.299109355338418E+001
 -0.183826556283792E+001  0.297568546287541E+001  0.119863692941648E+002
 -0.183826516878343E+001  0.119725363631174E+002  0.299531455473257E+001
 -0.183826294905758E+001  0.119892008568375E+002  0.297440422293768E+001
 -0.183825956074108E+001  0.297600021305332E+001  0.119862523132858E+002
 -0.183825780249750E+001  0.301595302349108E+001  0.297748393422885E+001
 -0.183824363094817E+001  0.298719411051140E+001  0.302385661904087E+001
 -0.183823456559600E+001  0.302426624006300E+001  0.298876843882142E+001
 -0.183822856540013E+001  0.119893480112920E+002  0.302428030308969E+001
 -0.183822845689380E+001  0.297493717957834E+001  0.119913607869907E+002
 -0.183822717929233E+001  0.302589533199504E+001  0.299455412570426E+001
 -0.183822654614524E+001  0.120188073246702E+002  0.119814192569968E+002
 -0.183821887605927E+001  0.119745195076258E+002  0.120058620651832E+002
 -0.183821743037462E+001  0.302597523623224E+001  0.120024525564678E+002
 -0.183821709003211E+001  0.297416378152846E+001  0.300354077118925E+001
 -0.183821529305314E+001  0.297450267027930E+001  0.119948678011818E+002
 -0.183821247912268E+001  0.301173258696089E+001  0.119769094861496E+002
 -0.183821135378754E+001  0.119764999145140E+002  0.120107852092488E+002
 -0.183820719913816E+001  0.302227014549599E+001  0.301281819321154E+001
 -0.183820171551387E+001  0.300462226796050E+001  0.302505858830715E+001
 -0.183819774138882E+001  0.302518174393944E+001  0.300268881593177E+001
 -0.183819509955145E+001  0.297488166406811E+001  0.120022661606771E+002
 -0.183819469499141E+001  0.300918153669051E+001  0.120234724636142E+002
 -0.183819294531972E+001  0.302477551843911E+001  0.300423456099550E+001
 -0.183818674994538E+001  0.120136521369753E+002  0.302080832112570E+001
 -0.183818631366032E+001  0.301898637357982E+001  0.298393724431385E+001
 -0.183818382785253E+001  0.299632167628250E+001  0.120244947508865E+002
 -0.183818302869051E+001  0.120231778098563E+002  0.120086437082662E+002
 -0.183818189268283E+001  0.302266482317346E+001  0.300979583265869E+001
 -0.183818142512806E+001  0.297532833531516E+001  0.299983752198650E+001
 -0.183817739944349E+001  0.119800115112114E+002  0.119858180965930E+002
 -0.183817301592232E+001  0.298302834153159E+001  0.120174316331645E+002
 -0.183817099244389E+001  0.119829180418407E+002  0.301720635854949E+001
 -0.183816731193186E+001  0.301744766745423E+001  0.298338464729708E+001
 -0.183815364059291E+001  0.120145228295233E+002  0.119815003840646E+002
 -0.183815252930122E+001  0.299935479570939E+001  0.302346293875821E+001
 -0.183815056918177E+001  0.120225577019762E+002  0.300617702407259E+001
 -0.183814533871935E+001  0.119888409767934E+002  0.119797017039856E+002
 -0.183814336157539E+001  0.119775392298312E+002  0.300530133337144E+001
 -0.183814060257011E+001  0.120208622300692E+002  0.300958330204456E+001
 -0.183812643028088E+001  0.297768533120067E+001  0.119991149579376E+002
 -0.183811830719273E+001  0.119816695166263E+002  0.301210268342366E+001
 -0.183811419524642E+001  0.297822258855383E+001  0.300004499826727E+001
 -0.183811313471185E+001  0.120196284812646E+002  0.119906801647950E+002
 -0.183810706310513E+001  0.297982057566923E+001  0.299273472469567E+001
 -0.183810622651485E+001  0.119804528522882E+002  0.300873093507822E+001
 -0.183810464766895E+001  0.301514102340689E+001  0.298496963309130E+001
 -0.183810168277689E+001  0.301525872502739E+001  0.301471067794559E+001
 -0.183809985699728E+001  0.297901974710338E+001  0.119976740240184E+002
 -0.183809712949532E+001  0.120173217113135E+002  0.120118357293450E+002
 -0.183809632543510E+001  0.119817875456016E+002  0.298966440343812E+001
 -0.183809380874921E+001  0.298078666896097E+001  0.300802075994632E+001
 -0.183808973269655E+001  0.119795051841519E+002  0.119976988920587E+002
 -0.183808730985251E+001  0.300462398777245E+001  0.119800223719275E+002
 -0.183808321688456E+001  0.301876113687634E+001  0.120077666397837E+002
 -0.183808273013519E+001  0.120117327638291E+002  0.301654296541182E+001
 -0.183807856327928E+001  0.299556165313350E+001  0.298042208343646E+001
 -0.183807581966927E+001  0.119946845310262E+002  0.301921593894240E+001
 -0.183807068528673E+001  0.300555216777480E+001  0.301887885557376E+001
 -0.183806861420798E+001  0.298185615882415E+001  0.120073414320573E+002
 -0.183806325757896E+001  0.119881332120066E+002  0.119847828490858E+002
 -0.183805896999634E+001  0.120026342110389E+002  0.120188909530249E+002
 -0.183805749487352E+001  0.120189176489679E+002  0.119982738812685E+002
 -0.183805741824770E+001  0.301825323719649E+001  0.120052462375625E+002
 -0.183805220616788E+001  0.120180332997455E+002  0.120050079554070E+002
 -0.183804891348405E+001  0.300347953204025E+001  0.301820953064147E+001
 -0.183804848062861E+001  0.120003375000106E+002  0.298148744933117E+001
 -0.183804500885984E+001  0.119844870096700E+002  0.299024130992379E+001
 -0.183804292092457E+001  0.119881330916087E+002  0.301381613244302E+001
 -0.183802007333919E+001  0.298517599351436E+001  0.119918598101126E+002
 -0.183801214850362E+001  0.119991230454408E+002  0.301641326107920E+001
 -0.183800681081549E+001  0.300823466409139E+001  0.298615517715588E+001
 -0.183800679160248E+001  0.301563132481093E+001  0.299611257528321E+001
 -0.183800427164803E+001  0.120138954406333E+002  0.119921688310594E+002
 -0.183800349239756E+001  0.120143872600640E+002  0.119932280930102E+002
 -0.183800279612687E+001  0.300038229293564E+001  0.120158528636893E+002
 -0.183799494313298E+001  0.300474884489410E+001  0.120146014355264E+002
 -0.183798763306361E+001  0.120056254380000E+002  0.301376545516300E+001
 -0.183798725136498E+001  0.301474992635235E+001  0.300167618133691E+001
 -0.183798208362921E+001  0.119979240378209E+002  0.298565688943203E+001
 -0.183798080536454E+001  0.301438636753010E+001  0.300071438062324E+001
 -0.183797472870791E+001  0.119860393876883E+002  0.299934738907462E+001
 -0.183796821686225E+001  0.300741849522112E+001  0.301128126032224E+001
 -0.183795849633360E+001  0.119884274619383E+002  0.299462076108430E+001
 -0.183795588087957E+001  0.300084883521119E+001  0.120125263090823E+002
 -0.183795488286570E+001  0.301064894911854E+001  0.119935013235674E+002
 -0.183794670808649E+001  0.299072818462385E+001  0.120073018349696E+002
 -0.183793242226417E+001  0.299141068728229E+001  0.300607745149665E+001
 -0.183792756768743E+001  0.300694865489598E+001  0.299273923204387E+001
 -0.183791467796348E+001  0.300728670347223E+001  0.300470394098274E+001
 -0.183791368795411E+001  0.299160733359583E+001  0.299832481637935E+001
 -0.183790602868341E+001  0.119965559006268E+002  0.300678695275024E+001
 -0.183790542408614E+001  0.119925025056827E+002  0.300070917737827E+001
 -0.183788763458372E+001  0.120043444906918E+002  0.299849608863988E+001
 -0.183788371584655E+001  0.120021396198676E+002  0.299704688279318E+001
 -0.183788156558645E+001  0.299826635661153E+001  0.299755197328366E+001
