  0.100000000000000E+001  0.132043711972312E+002  0.136562694401590E+002  0.560487786360315E+001
  0.100000000000000E+001  0.136756658907504E+002  0.136359581976474E+002  0.570620633513778E+001
  0.100000000000000E+001  0.148755322677584E+002  0.867969985812389E+001  0.124188485162918E+002
  0.100000000000000E+001  0.726475720055497E+001  0.127453825386870E+002  0.125833185171317E+001
  0.100000000000000E+001  0.779969610560745E+001  0.104454030954677E+002  0.430658732475648E+001
  0.100000000000000E+001  0.790190405382192E+001  0.140508914231310E+002  0.285859882768905E+001
  0.100000000000000E+001  0.109095887810619E+002  0.538571152111340E+000  0.130840676524206E+002
  0.100000000000000E+001  0.797379234167069E+001  0.107069547829170E+002  0.137948394780199E+001
  0.100000000000000E+001  0.101656256609140E+002  0.515978190636678E+001  0.133510046803958E+002
  0.100000000000000E+001  0.101298418011022E+002  0.481084846861464E+001  0.102181707455234E+002
  0.100000000000000E+001  0.100612955888495E+002  0.508685349889716E+000  0.115770428270183E+002
  0.100000000000000E+001  0.943558685275051E+001  0.990620691973117E+000  0.133123366627528E+002
  0.100000000000000E+001  0.936153246791818E+001  0.771402526529033E+000  0.111519837051458E+002
  0.100000000000000E+001  0.904251505291577E+001  0.195418927755294E+001  0.993286651289013E+001
  0.100000000000000E+001  0.903317706934756E+001  0.217503220988761E+001  0.141626028488389E+002
  0.100000000000000E+001  0.844321029326836E+001  0.991535941968942E+001  0.235059272247930E+001
  0.100000000000000E+001  0.887425354196708E+001  0.822055718936643E+000  0.113254200434850E+002
  0.100000000000000E+001  0.881604679504947E+001  0.974363415928171E+001  0.322159841712025E+001
  0.100000000000000E+001  0.888322483646054E+001  0.131574022809919E+002  0.496669536630546E+001
  0.100000000000000E+001  0.802408044394949E+001  0.504528003728259E+001  0.124063937508534E+002
  0.100000000000000E+001  0.802310356706985E+001  0.396005244042080E+001  0.138508508167579E+002
  0.100000000000000E+001  0.793029734190624E+001  0.484328798682686E+001  0.110743474697329E+002
  0.100000000000000E+001  0.889291057254668E+001  0.975275375837353E+001  0.259129378233803E+001
  0.100000000000000E+001  0.789963351779889E+001  0.504482457085221E+001  0.117936705064083E+002
  0.100000000000000E+001  0.788528947435763E+001  0.291880059550688E+001  0.140501078016165E+002
  0.100000000000000E+001  0.939216900365924E+001  0.966386137293460E+001  0.249120613904659E+001
  0.100000000000000E+001  0.785931716758090E+001  0.146068814368840E+001  0.106531213700627E+002
  0.100000000000000E+001  0.782988213823594E+001  0.418518469006159E+001  0.103418488440806E+002
  0.100000000000000E+001  0.756137543490639E+001  0.455420250709078E+001  0.132124668527620E+002
  0.100000000000000E+001  0.751856615851182E+001  0.104756450820902E+001  0.118244788443291E+002
  0.100000000000000E+001  0.748894326967281E+001  0.189386045867820E+001  0.103907627732405E+002
  0.100000000000000E+001  0.745231156908523E+001  0.484271447387620E+001  0.126172202233529E+002
  0.100000000000000E+001  0.740311854401884E+001  0.306320064405677E+001  0.100703963904546E+002
  0.100000000000000E+001  0.953581305663812E+001  0.106539428293067E+002  0.501201118720112E+001
  0.100000000000000E+001  0.732717692135117E+001  0.407750428594893E+001  0.104218975627983E+002
  0.100000000000000E+001  0.969321229685525E+001  0.957323098644311E+001  0.264187944120106E+001
  0.100000000000000E+001  0.976448684963269E+001  0.144621628065609E+002  0.316274836651216E+001
  0.100000000000000E+001  0.984108337084157E+001  0.107723851801544E+002  0.515830746037844E+001
  0.100000000000000E+001  0.116605198993994E+002  0.135684803932504E+002  0.649545783775035E+000
  0.100000000000000E+001  0.737667397975910E+001  0.213612712565223E+001  0.471890764845977E+001
  0.100000000000000E+001  0.755584713631344E+001  0.385976132497091E+001  0.477225942446997E+001
  0.100000000000000E+001  0.983601889880874E+001  0.100575013382182E+002  0.135449801665936E+002
  0.100000000000000E+001  0.966177129996228E+001  0.103680308739598E+002  0.101771741885533E+002
  0.100000000000000E+001  0.767043832245895E+001  0.221433427184049E+001  0.116222592432153E+001
  0.100000000000000E+001  0.789891922158049E+001  0.121385235304951E+001  0.198371181643442E+001
  0.100000000000000E+001  0.836161350306385E+001  0.326207280200170E+001  0.514876178716649E+001
  0.100000000000000E+001  0.897752060870339E+001  0.121445473768802E+002  0.142980149111182E+002
  0.100000000000000E+001  0.850546767706482E+001  0.472771423190605E+001  0.164179637861453E+001
  0.100000000000000E+001  0.858254766659639E+001  0.141496335541455E+002  0.125346672953056E+002
  0.100000000000000E+001  0.855230192643344E+001  0.142037945802067E+002  0.121408447438364E+002
  0.100000000000000E+001  0.854255345740251E+001  0.134840391150725E+002  0.103676926669494E+002
  0.100000000000000E+001  0.846443855480370E+001  0.140036518550888E+002  0.111201911198537E+002
  0.100000000000000E+001  0.844662379518224E+001  0.125158399563487E+002  0.141224464190640E+002
  0.100000000000000E+001  0.843651091982136E+001  0.106409474861269E+002  0.137069660370197E+002
  0.100000000000000E+001  0.835858619389086E+001  0.141010077432662E+002  0.125182649166284E+002
  0.100000000000000E+001  0.862016035643962E+001  0.385966365238674E+001  0.949296552793156E+000
  0.100000000000000E+001  0.791018274830831E+001  0.127107083088366E+002  0.139311453376792E+002
  0.100000000000000E+001  0.784946248832060E+001  0.112381276326770E+002  0.101044106848941E+002
  0.100000000000000E+001  0.905715688376807E+001  0.150359398752765E+001  0.477261721666853E+001
  0.100000000000000E+001  0.776051947861306E+001  0.133790530845217E+002  0.105225095818014E+002
  0.100000000000000E+001  0.921461137895624E+001  0.172791007792781E+001  0.498006173554834E+001
  0.100000000000000E+001  0.954634055417026E+001  0.542045476196658E+001  0.310947685377345E+001
  0.100000000000000E+001  0.102366735739934E+002  0.191490726205050E+001  0.532023559089692E+001
  0.100000000000000E+001  0.742752562312497E+001  0.100688630846556E+002  0.118500609967942E+002
  0.100000000000000E+001  0.108708418859021E+002  0.182586797541247E+001  0.588257529933723E+000
  0.100000000000000E+001  0.120059825408506E+002  0.574639380990320E+001  0.211256001401543E+001
  0.100000000000000E+001  0.113769794776564E+002  0.547551894489780E+001  0.174579454524931E+001
  0.100000000000000E+001  0.682226419526413E+001  0.254829316405421E+001  0.137153632259103E+002
  0.100000000000000E+001  0.674927438438014E+001  0.217674098980971E+001  0.135478258473426E+002
  0.100000000000000E+001  0.674786784508066E+001  0.246314171036183E+001  0.103314986097920E+002
  0.100000000000000E+001  0.672646959294600E+001  0.317044941912525E+001  0.137382929717534E+002
  0.100000000000000E+001  0.644394634884179E+001  0.133771276507577E+001  0.119293362566017E+002
  0.100000000000000E+001  0.631219524366539E+001  0.424737767769256E+001  0.109605337715724E+002
  0.100000000000000E+001  0.629480417835540E+001  0.272377566977787E+001  0.104053996848932E+002
  0.100000000000000E+001  0.628219693497059E+001  0.142674122972313E+001  0.116376470727332E+002
  0.100000000000000E+001  0.628023213830965E+001  0.138685776933811E+001  0.119525642629851E+002
  0.100000000000000E+001  0.622017646697057E+001  0.179590798567071E+001  0.130462240463592E+002
  0.100000000000000E+001  0.619582964954895E+001  0.379797632774003E+001  0.106276628340317E+002
  0.100000000000000E+001  0.594454791443950E+001  0.430175611199893E+001  0.112422237754489E+002
  0.100000000000000E+001  0.593844472884707E+001  0.312024500517287E+001  0.105005895375972E+002
  0.100000000000000E+001  0.577004342610466E+001  0.415068486648517E+001  0.128776181580438E+002
  0.100000000000000E+001  0.571874693212293E+001  0.399391925930896E+001  0.130271890309378E+002
  0.100000000000000E+001  0.565332624812245E+001  0.440047045385844E+001  0.118725063798662E+002
  0.100000000000000E+001  0.556087142107557E+001  0.322507254877724E+001  0.133544222517530E+002
  0.100000000000000E+001  0.541113943878203E+001  0.349715201777727E+001  0.107800716507993E+002
  0.100000000000000E+001  0.541010997336492E+001  0.419607609950795E+001  0.125511422726777E+002
  0.100000000000000E+001  0.539922237148708E+001  0.169127249730985E+001  0.118965564773860E+002
  0.100000000000000E+001  0.537053648430398E+001  0.347175933727483E+001  0.132133529903451E+002
  0.100000000000000E+001  0.534947674278765E+001  0.426860640206458E+001  0.117463064710912E+002
  0.100000000000000E+001  0.530744312052864E+001  0.374411054703055E+001  0.130382622412030E+002
  0.100000000000000E+001  0.530644010429389E+001  0.391434502355988E+001  0.128914365649705E+002
  0.100000000000000E+001  0.526650946887233E+001  0.413907650991978E+001  0.125415348932458E+002
  0.100000000000000E+001  0.519999988720066E+001  0.198564145356496E+001  0.127037915129185E+002
  0.100000000000000E+001  0.518917608422030E+001  0.184748272628041E+001  0.124302625770150E+002
  0.100000000000000E+001  0.514936348325637E+001  0.180139216010046E+001  0.118077798226797E+002
  0.100000000000000E+001  0.512994250824113E+001  0.180440654301985E+001  0.118426956419908E+002
  0.100000000000000E+001  0.511335810096422E+001  0.214600220567268E+001  0.111583993016700E+002
  0.100000000000000E+001  0.505080774923910E+001  0.212726141142462E+001  0.127831864225278E+002
  0.100000000000000E+001  0.495263346215076E+001  0.187284765394112E+001  0.119199567735156E+002
  0.100000000000000E+001  0.494000099031300E+001  0.308051675232866E+001  0.131215007401196E+002
  0.100000000000000E+001  0.493246521502642E+001  0.374934520316736E+001  0.128337822549670E+002
  0.100000000000000E+001  0.493110627493515E+001  0.401420737968676E+001  0.124761675473039E+002
  0.100000000000000E+001  0.491239560422766E+001  0.327015772260207E+001  0.109212709903189E+002
  0.100000000000000E+001  0.490146599202488E+001  0.400106172959056E+001  0.124728501588827E+002
  0.100000000000000E+001  0.487182187090031E+001  0.332774989883338E+001  0.130433828357302E+002
  0.100000000000000E+001  0.483897895716057E+001  0.346766091930623E+001  0.129718632048264E+002
  0.100000000000000E+001  0.479969952857022E+001  0.342247722377767E+001  0.129723468471387E+002
  0.100000000000000E+001  0.478428055279113E+001  0.220124530880096E+001  0.113140573178027E+002
  0.100000000000000E+001  0.689061919907398E+001  0.137927850611036E+002  0.119719502060801E+002
  0.100000000000000E+001  0.688451341463248E+001  0.110524039161189E+002  0.135201384619919E+002
  0.100000000000000E+001  0.688208570305209E+001  0.133711527139761E+002  0.108483612523062E+002
  0.100000000000000E+001  0.678243904278582E+001  0.104309415778232E+002  0.111970426052584E+002
  0.100000000000000E+001  0.670290495674566E+001  0.110857238180456E+002  0.134802870961533E+002
  0.100000000000000E+001  0.660320669472202E+001  0.103020678170195E+002  0.117890998721559E+002
  0.100000000000000E+001  0.654306709059735E+001  0.130236644936690E+002  0.133488602456074E+002
  0.100000000000000E+001  0.644105238522650E+001  0.130166077494165E+002  0.106840186413802E+002
  0.100000000000000E+001  0.642286327059255E+001  0.118625604620876E+002  0.136517322758826E+002
  0.100000000000000E+001  0.640288488069305E+001  0.103550728059566E+002  0.118538997803399E+002
  0.100000000000000E+001  0.636066417188127E+001  0.108874002494108E+002  0.132029263626887E+002
  0.100000000000000E+001  0.629015300564541E+001  0.134409797478605E+002  0.127334686353775E+002
  0.100000000000000E+001  0.620044196191129E+001  0.119629099711136E+002  0.135884936760497E+002
  0.100000000000000E+001  0.608821129214244E+001  0.116684642788965E+002  0.104825873254251E+002
  0.100000000000000E+001  0.608577224079587E+001  0.128412219953619E+002  0.106952534106206E+002
  0.100000000000000E+001  0.607101383959470E+001  0.106695600561183E+002  0.112093108939028E+002
  0.100000000000000E+001  0.593962441982883E+001  0.121711337139461E+002  0.105051476531226E+002
  0.100000000000000E+001  0.585443346175698E+001  0.120549918200114E+002  0.134750102469712E+002
  0.100000000000000E+001  0.583660209221338E+001  0.110559768360448E+002  0.131267955561284E+002
  0.100000000000000E+001  0.581708935518913E+001  0.109452952471545E+002  0.109856366002779E+002
  0.100000000000000E+001  0.581426434369685E+001  0.117593473323737E+002  0.105575727039311E+002
  0.100000000000000E+001  0.580693322403881E+001  0.134514401379986E+002  0.121565267294317E+002
  0.100000000000000E+001  0.575907515534935E+001  0.133774781052269E+002  0.124311323371672E+002
  0.100000000000000E+001  0.563594222489845E+001  0.114824334930950E+002  0.106991106876407E+002
  0.100000000000000E+001  0.562335079192578E+001  0.127283946652731E+002  0.131903939980984E+002
  0.100000000000000E+001  0.561069109636325E+001  0.109330044433923E+002  0.111075553542521E+002
  0.100000000000000E+001  0.560140150083194E+001  0.117501603514270E+002  0.133650009223492E+002
  0.100000000000000E+001  0.559407229730965E+001  0.130751908795053E+002  0.111269119533978E+002
  0.100000000000000E+001  0.555967525212793E+001  0.127661463330402E+002  0.108611668622320E+002
  0.100000000000000E+001  0.555728296425740E+001  0.127511105759225E+002  0.131477637972057E+002
  0.100000000000000E+001  0.554593695620754E+001  0.109967257484255E+002  0.110706864901893E+002
  0.100000000000000E+001  0.525377167395878E+001  0.112084184581233E+002  0.110245943389029E+002
  0.100000000000000E+001  0.524275562231142E+001  0.127126623664945E+002  0.130291325672017E+002
  0.100000000000000E+001  0.505103810310084E+001  0.108273976120286E+002  0.119830409314482E+002
  0.100000000000000E+001  0.503097596356872E+001  0.129008558662710E+002  0.127373469596839E+002
  0.100000000000000E+001  0.499383943747389E+001  0.130226866940746E+002  0.125217252441832E+002
  0.100000000000000E+001  0.499143313476207E+001  0.131451035522378E+002  0.120664594357170E+002
  0.100000000000000E+001  0.496793795633109E+001  0.108637630613940E+002  0.119660965656621E+002
  0.100000000000000E+001  0.496085479503977E+001  0.131033376769451E+002  0.117397181664918E+002
  0.100000000000000E+001  0.495945843990495E+001  0.112716917411935E+002  0.111320879150279E+002
  0.100000000000000E+001  0.493770537641933E+001  0.125966830798298E+002  0.129517985847045E+002
  0.100000000000000E+001  0.489111473234695E+001  0.111246005354942E+002  0.113298982337948E+002
  0.100000000000000E+001  0.722586286368294E+001  0.482978325205305E+001  0.344944630540648E+001
  0.100000000000000E+001  0.701127793352795E+001  0.276200291840591E+001  0.118923187849411E+001
  0.100000000000000E+001  0.689282742895680E+001  0.206497229923107E+001  0.453061964411079E+001
  0.100000000000000E+001  0.683001743024267E+001  0.233075065469471E+001  0.135489556221119E+001
  0.100000000000000E+001  0.675854991644127E+001  0.171520945524030E+001  0.419670758321275E+001
  0.100000000000000E+001  0.674596714811121E+001  0.143075650472323E+001  0.377954337135536E+001
  0.100000000000000E+001  0.673631411497299E+001  0.235612749436745E+001  0.462664937176286E+001
  0.100000000000000E+001  0.667904818148234E+001  0.441054564746909E+001  0.199319563714129E+001
  0.100000000000000E+001  0.665852627748462E+001  0.156067619756402E+001  0.204547439195841E+001
  0.100000000000000E+001  0.658475749957074E+001  0.244473245935236E+001  0.461266280575498E+001
  0.100000000000000E+001  0.631282928082886E+001  0.176103633187403E+001  0.404978291902377E+001
  0.100000000000000E+001  0.622509930284663E+001  0.311324056432501E+001  0.459264614545352E+001
  0.100000000000000E+001  0.615309807457967E+001  0.368607761272042E+001  0.441655972379798E+001
  0.100000000000000E+001  0.605948270133296E+001  0.153006734693777E+001  0.252774311653963E+001
  0.100000000000000E+001  0.604315898247902E+001  0.147030043493083E+001  0.316560220495971E+001
  0.100000000000000E+001  0.601340305251903E+001  0.372942192273275E+001  0.165627659902151E+001
  0.100000000000000E+001  0.600041385824111E+001  0.319115454165858E+001  0.451265318782262E+001
  0.100000000000000E+001  0.577991703234757E+001  0.330295994180324E+001  0.158141684304675E+001
  0.100000000000000E+001  0.570576170642459E+001  0.206324605716894E+001  0.192645464735002E+001
  0.100000000000000E+001  0.565364962028490E+001  0.170277588789661E+001  0.354323575954071E+001
  0.100000000000000E+001  0.564118303676475E+001  0.392779305895399E+001  0.194898670621972E+001
  0.100000000000000E+001  0.558765428893256E+001  0.309926795286137E+001  0.437914684847185E+001
  0.100000000000000E+001  0.558758000422680E+001  0.417691318314386E+001  0.227425815144053E+001
  0.100000000000000E+001  0.555085270657571E+001  0.320100581291805E+001  0.164549077635840E+001
  0.100000000000000E+001  0.554208295273142E+001  0.179479234514054E+001  0.364327546866090E+001
  0.100000000000000E+001  0.543486496933992E+001  0.173153236299422E+001  0.261257169645184E+001
  0.100000000000000E+001  0.533626444558169E+001  0.190109592914601E+001  0.367299342925732E+001
  0.100000000000000E+001  0.525614150548168E+001  0.285014102285214E+001  0.424817052506121E+001
  0.100000000000000E+001  0.524186696362545E+001  0.181464693069626E+001  0.259868848521511E+001
  0.100000000000000E+001  0.523613389750563E+001  0.177508018714782E+001  0.275515062432364E+001
  0.100000000000000E+001  0.522191180544217E+001  0.257581617783788E+001  0.416885660268469E+001
  0.100000000000000E+001  0.507153220853607E+001  0.411239712571366E+001  0.260206695233810E+001
  0.100000000000000E+001  0.493423878694969E+001  0.209991654600101E+001  0.366957779978749E+001
  0.100000000000000E+001  0.491524937795130E+001  0.397704703401982E+001  0.353373620679669E+001
  0.100000000000000E+001  0.486546310947345E+001  0.208745054790691E+001  0.359746336635760E+001
  0.100000000000000E+001  0.485407014050322E+001  0.334685049051518E+001  0.197140350724207E+001
  0.100000000000000E+001  0.483870534474142E+001  0.236427563702714E+001  0.387109456791182E+001
  0.100000000000000E+001  0.715643827320131E+001  0.110502729818574E+002  0.139416603243282E+001
  0.100000000000000E+001  0.703786115852321E+001  0.130790567041924E+002  0.151752111150209E+001
  0.100000000000000E+001  0.689187046258451E+001  0.105923135238408E+002  0.411109635703027E+001
  0.100000000000000E+001  0.652854819392230E+001  0.106591309533276E+002  0.402706585026499E+001
  0.100000000000000E+001  0.649783507579131E+001  0.132896480116105E+002  0.407651704543945E+001
  0.100000000000000E+001  0.649010963414458E+001  0.130963986759997E+002  0.426975015045972E+001
  0.100000000000000E+001  0.644052717797672E+001  0.125459063046859E+002  0.457059203858587E+001
  0.100000000000000E+001  0.637135750416174E+001  0.132046711049554E+002  0.188448626174822E+001
  0.100000000000000E+001  0.632254248965286E+001  0.124104136178892E+002  0.457427730057082E+001
  0.100000000000000E+001  0.629772553380733E+001  0.110420040790624E+002  0.430545594198204E+001
  0.100000000000000E+001  0.620016003605378E+001  0.125678967488166E+002  0.151612022524780E+001
  0.100000000000000E+001  0.613312131713374E+001  0.109212588523219E+002  0.186259737971935E+001
  0.100000000000000E+001  0.612636667241802E+001  0.135343697740554E+002  0.268964224503876E+001
  0.100000000000000E+001  0.610764646441691E+001  0.105550969481207E+002  0.241335913689001E+001
  0.100000000000000E+001  0.608845640123002E+001  0.135467090841571E+002  0.285719496718493E+001
  0.100000000000000E+001  0.605776094212818E+001  0.134144580764838E+002  0.238249278613184E+001
  0.100000000000000E+001  0.602416553522199E+001  0.111906380979694E+002  0.430128579257032E+001
  0.100000000000000E+001  0.599340915059989E+001  0.107645835130689E+002  0.211039271495766E+001
  0.100000000000000E+001  0.592754010572397E+001  0.125898191835245E+002  0.162018142364592E+001
  0.100000000000000E+001  0.585376439278353E+001  0.134663598872466E+002  0.283326985563815E+001
  0.100000000000000E+001  0.581913218165220E+001  0.133067365479677E+002  0.366016486050000E+001
  0.100000000000000E+001  0.574369103813937E+001  0.130660280087539E+002  0.396515345405433E+001
  0.100000000000000E+001  0.574151779611457E+001  0.121707578250701E+002  0.442709685322165E+001
  0.100000000000000E+001  0.570386633867357E+001  0.130718037905812E+002  0.393773601847782E+001
  0.100000000000000E+001  0.570262383020336E+001  0.105794093510052E+002  0.309376516077419E+001
  0.100000000000000E+001  0.555275493551559E+001  0.112415140809324E+002  0.185907935715359E+001
  0.100000000000000E+001  0.549331900731054E+001  0.106518298963770E+002  0.299850127057537E+001
  0.100000000000000E+001  0.548872389003019E+001  0.107257486614586E+002  0.256496749151653E+001
  0.100000000000000E+001  0.530253872139204E+001  0.119130975530967E+002  0.172750931111636E+001
  0.100000000000000E+001  0.526099610394285E+001  0.114711101149261E+002  0.414259242978013E+001
  0.100000000000000E+001  0.521721813778658E+001  0.131706529389256E+002  0.341356462802405E+001
  0.100000000000000E+001  0.515352964053261E+001  0.112332933444025E+002  0.394336441101860E+001
  0.100000000000000E+001  0.509762635764405E+001  0.130284057408009E+002  0.360353447052609E+001
  0.100000000000000E+001  0.505177360934052E+001  0.114127999683697E+002  0.401548786274149E+001
  0.100000000000000E+001  0.502552011516947E+001  0.131611064149188E+002  0.296002656400503E+001
  0.100000000000000E+001  0.496749094340011E+001  0.121617818205882E+002  0.187502735450653E+001
  0.100000000000000E+001  0.496485705022295E+001  0.112275848583936E+002  0.216784751011523E+001
  0.100000000000000E+001  0.485319447902771E+001  0.115450008156190E+002  0.398509699442324E+001
  0.100000000000000E+001  0.484485590202025E+001  0.109385272527990E+002  0.320585765992841E+001
  0.100000000000000E+001  0.483853619407195E+001  0.115676972318273E+002  0.398787467721542E+001
  0.100000000000000E+001  0.481887428428243E+001  0.119056408287096E+002  0.406499600856398E+001
  0.100000000000000E+001  0.480411609789624E+001  0.112323490111421E+002  0.373421653780277E+001
  0.100000000000000E+001  0.477444912264436E+001  0.111057727079200E+002  0.245314303522314E+001
  0.100000000000000E+001  0.477162578750619E+001  0.304763051276059E+001  0.109542452539234E+002
  0.100000000000000E+001  0.475852377374714E+001  0.392783853337667E+001  0.124710470219733E+002
  0.100000000000000E+001  0.472349079908865E+001  0.389174863473295E+001  0.114974852850693E+002
  0.100000000000000E+001  0.470406186278636E+001  0.391678961155430E+001  0.115666357904559E+002
  0.100000000000000E+001  0.470063862906903E+001  0.306754637612103E+001  0.130101098867565E+002
  0.100000000000000E+001  0.466492615749819E+001  0.297995194815122E+001  0.129943691971781E+002
  0.100000000000000E+001  0.465877211019878E+001  0.323460537394681E+001  0.110366836989361E+002
  0.100000000000000E+001  0.463515955068134E+001  0.380172902518854E+001  0.125627041745295E+002
  0.100000000000000E+001  0.460162461886525E+001  0.395048342964311E+001  0.121498390337010E+002
  0.100000000000000E+001  0.458746701881448E+001  0.204735644444114E+001  0.120646772142873E+002
  0.100000000000000E+001  0.453869381594880E+001  0.278886126837944E+001  0.110953674120728E+002
  0.100000000000000E+001  0.450310017412326E+001  0.209217089333717E+001  0.120565009238892E+002
  0.100000000000000E+001  0.449807739537285E+001  0.216153483522245E+001  0.116546025043392E+002
  0.100000000000000E+001  0.447932729286124E+001  0.338381715831200E+001  0.111899027533513E+002
  0.100000000000000E+001  0.445549620750415E+001  0.213661455832871E+001  0.121852232539276E+002
  0.100000000000000E+001  0.442204223846023E+001  0.215450111393909E+001  0.121772561404051E+002
  0.100000000000000E+001  0.441173205491358E+001  0.317377486668410E+001  0.111598927343465E+002
  0.100000000000000E+001  0.439827703655177E+001  0.351980541234991E+001  0.113274487104876E+002
  0.100000000000000E+001  0.438796522750103E+001  0.241703673827326E+001  0.126102171172290E+002
  0.100000000000000E+001  0.438425473319891E+001  0.380500476781715E+001  0.117540977345125E+002
  0.100000000000000E+001  0.435968038260450E+001  0.280799629091319E+001  0.111955990890839E+002
  0.100000000000000E+001  0.435519627171017E+001  0.225395733685466E+001  0.123505174512895E+002
  0.100000000000000E+001  0.434567440349163E+001  0.235996378536002E+001  0.125101704760394E+002
  0.100000000000000E+001  0.434272169181863E+001  0.354725910952515E+001  0.126061971841255E+002
  0.100000000000000E+001  0.434139281224106E+001  0.280158921652390E+001  0.127913733887507E+002
  0.100000000000000E+001  0.432209755407810E+001  0.254390440488534E+001  0.126620575725542E+002
  0.100000000000000E+001  0.431695317386699E+001  0.373624349487340E+001  0.123148722872926E+002
  0.100000000000000E+001  0.431537436699498E+001  0.351508617866246E+001  0.126118059028215E+002
  0.100000000000000E+001  0.427931586685677E+001  0.237453918087611E+001  0.124608258866198E+002
  0.100000000000000E+001  0.427676963248595E+001  0.365004742012853E+001  0.124224379850954E+002
  0.100000000000000E+001  0.426532714239821E+001  0.368343093428104E+001  0.116500069034291E+002
  0.100000000000000E+001  0.426128611222249E+001  0.304078804712226E+001  0.127641127630237E+002
  0.100000000000000E+001  0.425673879800774E+001  0.266285148390374E+001  0.113163951848596E+002
  0.100000000000000E+001  0.425018965438676E+001  0.250928963320644E+001  0.125776148002687E+002
  0.100000000000000E+001  0.424370613220176E+001  0.224652763086257E+001  0.120152114538915E+002
  0.100000000000000E+001  0.421539477000120E+001  0.370830705239740E+001  0.118052135612867E+002
  0.100000000000000E+001  0.414453455217032E+001  0.263937146550488E+001  0.114179970107813E+002
  0.100000000000000E+001  0.414404930165632E+001  0.253011134539105E+001  0.124974935387595E+002
  0.100000000000000E+001  0.413104178934426E+001  0.240408268409918E+001  0.123164967758684E+002
  0.100000000000000E+001  0.412761651667787E+001  0.232918131340850E+001  0.119568181336805E+002
  0.100000000000000E+001  0.409322719102647E+001  0.338874488322484E+001  0.114839084635704E+002
  0.100000000000000E+001  0.404764236835178E+001  0.331176777556492E+001  0.114758921011353E+002
  0.100000000000000E+001  0.467648402542730E+001  0.128490687193161E+002  0.114710272195211E+002
  0.100000000000000E+001  0.462512703747501E+001  0.120632822698837E+002  0.129723004982898E+002
  0.100000000000000E+001  0.460073175641968E+001  0.117523375072512E+002  0.110706771748814E+002
  0.100000000000000E+001  0.457961969504991E+001  0.118263581974357E+002  0.110652732556338E+002
  0.100000000000000E+001  0.449691696342592E+001  0.111086204908562E+002  0.118368883778335E+002
  0.100000000000000E+001  0.448885022162503E+001  0.126538453623819E+002  0.126209527606010E+002
  0.100000000000000E+001  0.447610419810090E+001  0.114330880361373E+002  0.126920700040542E+002
  0.100000000000000E+001  0.446765805183652E+001  0.118488097220574E+002  0.128769523469799E+002
  0.100000000000000E+001  0.440937946115220E+001  0.128104142611344E+002  0.117227743632282E+002
  0.100000000000000E+001  0.439430065444626E+001  0.118380506329389E+002  0.111679429562007E+002
  0.100000000000000E+001  0.438440187657265E+001  0.113834556885524E+002  0.114268326110327E+002
  0.100000000000000E+001  0.435024393130532E+001  0.114349478915924E+002  0.114040084620812E+002
  0.100000000000000E+001  0.434417969514117E+001  0.127860614517731E+002  0.122247953655192E+002
  0.100000000000000E+001  0.433489905264396E+001  0.117618465869480E+002  0.112238377285149E+002
  0.100000000000000E+001  0.431549066939474E+001  0.112660872752064E+002  0.116820241377681E+002
  0.100000000000000E+001  0.430875541277348E+001  0.113937465468846E+002  0.125152261935698E+002
  0.100000000000000E+001  0.430539885587593E+001  0.115172415521900E+002  0.126297531295081E+002
  0.100000000000000E+001  0.430430087973667E+001  0.127329670538689E+002  0.116978310987862E+002
  0.100000000000000E+001  0.428882361487705E+001  0.115995392504108E+002  0.126728303427290E+002
  0.100000000000000E+001  0.427805050081115E+001  0.123103288724819E+002  0.127113313987844E+002
  0.100000000000000E+001  0.427134539836242E+001  0.113797646150158E+002  0.124592377736611E+002
  0.100000000000000E+001  0.422143687334990E+001  0.113978207575582E+002  0.115721414947632E+002
  0.100000000000000E+001  0.416775342328616E+001  0.126985179040381E+002  0.120638124455394E+002
  0.100000000000000E+001  0.414903083072678E+001  0.126798400592368E+002  0.118946710307420E+002
  0.100000000000000E+001  0.413383792872758E+001  0.124550737248086E+002  0.125009907193729E+002
  0.100000000000000E+001  0.406859412264776E+001  0.118278253951565E+002  0.113973426385781E+002
  0.100000000000000E+001  0.406209804557547E+001  0.124923458660225E+002  0.116206064563447E+002
  0.100000000000000E+001  0.467924459029835E+001  0.231559807862305E+001  0.226850531957149E+001
  0.100000000000000E+001  0.465478767970575E+001  0.246318691077416E+001  0.383118304489618E+001
  0.100000000000000E+001  0.464739325191506E+001  0.218303441322954E+001  0.355154904508047E+001
  0.100000000000000E+001  0.463839567415507E+001  0.354054064856178E+001  0.381881459964317E+001
  0.100000000000000E+001  0.460441625112787E+001  0.278342623293117E+001  0.393901965992562E+001
  0.100000000000000E+001  0.459045886957763E+001  0.395283442527499E+001  0.291746943130057E+001
  0.100000000000000E+001  0.458138836775854E+001  0.206910079866843E+001  0.280236166389060E+001
  0.100000000000000E+001  0.456956929647304E+001  0.391961402425694E+001  0.278062541158028E+001
  0.100000000000000E+001  0.455889578558668E+001  0.390396685962395E+001  0.274312343534369E+001
  0.100000000000000E+001  0.455554495795509E+001  0.211130277200842E+001  0.330001343652656E+001
  0.100000000000000E+001  0.454425249432516E+001  0.386438450473873E+001  0.334833574245843E+001
  0.100000000000000E+001  0.451650456694477E+001  0.219534475416902E+001  0.256036336653690E+001
  0.100000000000000E+001  0.451530541639672E+001  0.226266736517496E+001  0.354395943709067E+001
  0.100000000000000E+001  0.450895234147635E+001  0.305514848143298E+001  0.391112943847365E+001
  0.100000000000000E+001  0.448301051592399E+001  0.312214821693801E+001  0.389013268460617E+001
  0.100000000000000E+001  0.447721313454472E+001  0.387878918657143E+001  0.317084661919740E+001
  0.100000000000000E+001  0.445500015057558E+001  0.229004253959405E+001  0.247539879701737E+001
  0.100000000000000E+001  0.433590239284457E+001  0.373150054655384E+001  0.264636853870546E+001
  0.100000000000000E+001  0.432390295623089E+001  0.339365264220594E+001  0.229772767340833E+001
  0.100000000000000E+001  0.432357818249520E+001  0.373328410159482E+001  0.266815895970390E+001
  0.100000000000000E+001  0.418878184275842E+001  0.360573887373255E+001  0.261775907232617E+001
  0.100000000000000E+001  0.408863412593328E+001  0.314695581743875E+001  0.237447303748320E+001
  0.100000000000000E+001  0.407529069078384E+001  0.292140170137888E+001  0.362718327896957E+001
  0.100000000000000E+001  0.406280993270970E+001  0.362210350188692E+001  0.300655994139017E+001
  0.100000000000000E+001  0.474950138548911E+001  0.129951616567771E+002  0.328879149840501E+001
  0.100000000000000E+001  0.467366071044074E+001  0.129707208266174E+002  0.276418724717841E+001
  0.100000000000000E+001  0.465345932174614E+001  0.127924141271573E+002  0.240857372394446E+001
  0.100000000000000E+001  0.465196538747463E+001  0.115044733667175E+002  0.214521078015477E+001
  0.100000000000000E+001  0.459730180899733E+001  0.127907528940682E+002  0.245570455017384E+001
  0.100000000000000E+001  0.455731911539581E+001  0.115832943454309E+002  0.384138063920397E+001
  0.100000000000000E+001  0.455587350009813E+001  0.120016549601118E+002  0.206185468695598E+001
  0.100000000000000E+001  0.454888368974456E+001  0.111920521273687E+002  0.346941430744755E+001
  0.100000000000000E+001  0.453404323940376E+001  0.110737527601069E+002  0.298115438577618E+001
  0.100000000000000E+001  0.444982414769428E+001  0.118387446680415E+002  0.213509148877436E+001
  0.100000000000000E+001  0.441951592947909E+001  0.118171769022831E+002  0.215718477018886E+001
  0.100000000000000E+001  0.436486351621698E+001  0.115674903609738E+002  0.370855119472605E+001
  0.100000000000000E+001  0.436182854484435E+001  0.126182089473627E+002  0.244873589865982E+001
  0.100000000000000E+001  0.435579045612636E+001  0.111760107354815E+002  0.296716685720173E+001
  0.100000000000000E+001  0.434806638615529E+001  0.126449192152325E+002  0.249364887759534E+001
  0.100000000000000E+001  0.432809688029995E+001  0.127809869138253E+002  0.279408208452177E+001
  0.100000000000000E+001  0.429158754915926E+001  0.117254210671443E+002  0.226485387440835E+001
  0.100000000000000E+001  0.426564733799344E+001  0.126669771194332E+002  0.338083425177795E+001
  0.100000000000000E+001  0.425558057121922E+001  0.113625947622579E+002  0.258341747360286E+001
  0.100000000000000E+001  0.424298094416073E+001  0.117558167689584E+002  0.228753851962360E+001
  0.100000000000000E+001  0.422158952931751E+001  0.127159041460447E+002  0.281747150859419E+001
  0.100000000000000E+001  0.422132125844940E+001  0.127357328887305E+002  0.293469883560826E+001
  0.100000000000000E+001  0.422112983402111E+001  0.126206295186327E+002  0.340024330325967E+001
  0.100000000000000E+001  0.419709895677155E+001  0.125461999548850E+002  0.347223980479890E+001
  0.100000000000000E+001  0.419274407863232E+001  0.119791796781080E+002  0.228128137633011E+001
  0.100000000000000E+001  0.418379368493149E+001  0.113533039380433E+002  0.270029388467625E+001
  0.100000000000000E+001  0.417637780822875E+001  0.113852634935297E+002  0.335031800271001E+001
  0.100000000000000E+001  0.415405900691489E+001  0.115542304387796E+002  0.352876684123112E+001
  0.100000000000000E+001  0.415299876097766E+001  0.117764816954633E+002  0.365366979102298E+001
  0.100000000000000E+001  0.408547692555325E+001  0.114545739828983E+002  0.266498768290825E+001
  0.100000000000000E+001  0.407837673436961E+001  0.121190571902861E+002  0.362325595624277E+001
  0.100000000000000E+001  0.405873817117446E+001  0.123895602027734E+002  0.251913943105001E+001
  0.100000000000000E+001  0.404592453274627E+001  0.240253805992719E+001  0.121149331548858E+002
  0.100000000000000E+001  0.403083294660388E+001  0.314072195041741E+001  0.114209696497973E+002
  0.100000000000000E+001  0.400696785108360E+001  0.258966775441284E+001  0.124035358304987E+002
  0.100000000000000E+001  0.399150864482978E+001  0.355969788999817E+001  0.119500722127199E+002
  0.100000000000000E+001  0.399121379553737E+001  0.354168983457787E+001  0.121484310810905E+002
  0.100000000000000E+001  0.399041158867200E+001  0.317308203034963E+001  0.125335729253095E+002
  0.100000000000000E+001  0.398702731926974E+001  0.259662720377943E+001  0.123854394553237E+002
  0.100000000000000E+001  0.398118015548173E+001  0.348357602007420E+001  0.122675448662790E+002
  0.100000000000000E+001  0.397181626936139E+001  0.245636622775207E+001  0.119770989473128E+002
  0.100000000000000E+001  0.393455791781234E+001  0.275082139917984E+001  0.115564756941418E+002
  0.100000000000000E+001  0.390467760290336E+001  0.326110190547185E+001  0.124009354873837E+002
  0.100000000000000E+001  0.382811191092745E+001  0.337782782312247E+001  0.119020004378413E+002
  0.100000000000000E+001  0.382464071167344E+001  0.322571716886745E+001  0.116870489838118E+002
  0.100000000000000E+001  0.381825626552457E+001  0.263619192558976E+001  0.118992735501480E+002
  0.100000000000000E+001  0.380125950652680E+001  0.330226610606045E+001  0.118152283170094E+002
  0.100000000000000E+001  0.379726357028029E+001  0.266070626308169E+001  0.119200675438285E+002
  0.100000000000000E+001  0.400769946757695E+001  0.116693313547283E+002  0.124718088403077E+002
  0.100000000000000E+001  0.399530565287884E+001  0.114437683159395E+002  0.118992139210636E+002
  0.100000000000000E+001  0.398059673653530E+001  0.119340463194828E+002  0.114518278411458E+002
  0.100000000000000E+001  0.393607268233039E+001  0.124322594702499E+002  0.122710540534486E+002
  0.100000000000000E+001  0.391165253541994E+001  0.122223830950124E+002  0.124317918035975E+002
  0.100000000000000E+001  0.386951464350816E+001  0.116566589142501E+002  0.117245414558858E+002
  0.100000000000000E+001  0.383850997426214E+001  0.121458718486406E+002  0.116238653894978E+002
  0.100000000000000E+001  0.383767505930064E+001  0.122108619611961E+002  0.116572783056145E+002
  0.100000000000000E+001  0.381033063379876E+001  0.122565575804450E+002  0.117377888085983E+002
  0.100000000000000E+001  0.380179910137515E+001  0.123066670272756E+002  0.121788862849366E+002
  0.100000000000000E+001  0.403627135103173E+001  0.354365678341085E+001  0.325486176658026E+001
  0.100000000000000E+001  0.399854306519760E+001  0.270265818468845E+001  0.251587524619563E+001
  0.100000000000000E+001  0.399442069470842E+001  0.334895366509480E+001  0.344373179005637E+001
  0.100000000000000E+001  0.399146914246217E+001  0.339988369449548E+001  0.339472527220857E+001
  0.100000000000000E+001  0.398835006699248E+001  0.348219657074589E+001  0.328298834134057E+001
  0.100000000000000E+001  0.397852925025577E+001  0.323743090866934E+001  0.349638863911811E+001
  0.100000000000000E+001  0.397110707822679E+001  0.353893703782265E+001  0.306999867620930E+001
  0.100000000000000E+001  0.395675053421535E+001  0.348086879104796E+001  0.322307309831698E+001
  0.100000000000000E+001  0.391399881819181E+001  0.326678062240117E+001  0.340874537903732E+001
  0.100000000000000E+001  0.385905788101708E+001  0.335307023476469E+001  0.275783237722273E+001
  0.100000000000000E+001  0.403651656986252E+001  0.119532653669547E+002  0.240118591272587E+001
  0.100000000000000E+001  0.403499234205525E+001  0.122738307835257E+002  0.353315561633564E+001
  0.100000000000000E+001  0.401931249810237E+001  0.116160565792199E+002  0.255711647702433E+001
  0.100000000000000E+001  0.395947676480016E+001  0.114853781512285E+002  0.313742992668454E+001
  0.100000000000000E+001  0.394643499529369E+001  0.121144115230121E+002  0.249246589683348E+001
  0.100000000000000E+001  0.393281367309429E+001  0.116343893125252E+002  0.264873319900704E+001
  0.100000000000000E+001  0.388178357849418E+001  0.122532398002007E+002  0.337669490210221E+001
  0.100000000000000E+001  0.387102976931224E+001  0.124132275352759E+002  0.284341570773756E+001
  0.100000000000000E+001  0.386503009996834E+001  0.117751372190965E+002  0.337244153489371E+001
  0.100000000000000E+001  0.385553282982552E+001  0.122527655598850E+002  0.334042366066836E+001
  0.100000000000000E+001  0.382106034871812E+001  0.116954671390883E+002  0.277072734021616E+001
  0.100000000000000E+001  0.379568446923210E+001  0.123419357140962E+002  0.305486623587367E+001
  0.100000000000000E+001  0.378820206016544E+001  0.301584093562609E+001  0.116650418054365E+002
  0.100000000000000E+001  0.378042596947988E+001  0.317998204650104E+001  0.122688462378358E+002
  0.100000000000000E+001  0.377645432739000E+001  0.272400612814852E+001  0.121566128260129E+002
  0.100000000000000E+001  0.377321036121214E+001  0.331109649335532E+001  0.120259846149764E+002
  0.100000000000000E+001  0.377082938233233E+001  0.330830698782249E+001  0.119953041748900E+002
  0.100000000000000E+001  0.376590521308670E+001  0.283787692662185E+001  0.117472804136074E+002
  0.100000000000000E+001  0.374082449148498E+001  0.279061550450637E+001  0.121457000058791E+002
  0.100000000000000E+001  0.372509897701949E+001  0.278343516988403E+001  0.120494420727482E+002
  0.100000000000000E+001  0.372113827480165E+001  0.283393681562401E+001  0.121334434740925E+002
  0.100000000000000E+001  0.378511766271118E+001  0.117433512957166E+002  0.117914455167536E+002
  0.100000000000000E+001  0.377159559347050E+001  0.123034065907619E+002  0.119384703215185E+002
  0.100000000000000E+001  0.376836740337859E+001  0.120122803293582E+002  0.116959235884342E+002
  0.100000000000000E+001  0.376810696958663E+001  0.122639319019990E+002  0.118493587444452E+002
  0.100000000000000E+001  0.374349225767817E+001  0.121909234488348E+002  0.121768795113757E+002
  0.100000000000000E+001  0.374272703555878E+001  0.117699090203217E+002  0.121184527070638E+002
  0.100000000000000E+001  0.373292568610264E+001  0.121632112751559E+002  0.121747387562790E+002
  0.100000000000000E+001  0.371893142609986E+001  0.121069915955802E+002  0.118218705758265E+002
  0.100000000000000E+001  0.378598862539064E+001  0.283157440829956E+001  0.271387535472751E+001
  0.100000000000000E+001  0.377088255683209E+001  0.289322006576518E+001  0.328935526547517E+001
  0.100000000000000E+001  0.376825880295742E+001  0.308570468594979E+001  0.270817920405670E+001
  0.100000000000000E+001  0.376151576806893E+001  0.283557737937874E+001  0.275766379329890E+001
  0.100000000000000E+001  0.377512576510693E+001  0.119873134573931E+002  0.331497727525161E+001
  0.100000000000000E+001  0.377402429505501E+001  0.117063681071702E+002  0.289022535015079E+001
  0.100000000000000E+001  0.377312401804990E+001  0.122576487997696E+002  0.282396880614936E+001
  0.100000000000000E+001  0.375963304803051E+001  0.122549792040074E+002  0.313734817339721E+001
  0.100000000000000E+001  0.375250107512325E+001  0.118640074394653E+002  0.324135651179070E+001
  0.100000000000000E+001  0.373700657012326E+001  0.119000212659243E+002  0.277360059620840E+001
  0.100000000000000E+001  0.373166128260802E+001  0.121698220066043E+002  0.283547755210243E+001
  0.100000000000000E+001  0.371844962364682E+001  0.117949855722722E+002  0.302577935708196E+001
  0.100000000000000E+001  0.371139252568953E+001  0.316204955980142E+001  0.119031582061349E+002
  0.100000000000000E+001  0.370959274421225E+001  0.284094072782723E+001  0.119075945925315E+002
  0.100000000000000E+001  0.370943843058392E+001  0.291433298912174E+001  0.118376871508093E+002
  0.100000000000000E+001  0.371382534988324E+001  0.121183395043539E+002  0.121551353562984E+002
  0.100000000000000E+001  0.369938573278333E+001  0.121528597470980E+002  0.119837059004002E+002
  0.100000000000000E+001  0.369791323952870E+001  0.118549944089982E+002  0.120336524187576E+002
  0.100000000000000E+001  0.371208656095239E+001  0.313749339007460E+001  0.313201513481222E+001
  0.100000000000000E+001  0.370049353241623E+001  0.315575844594540E+001  0.297812064639415E+001
  0.100000000000000E+001  0.369983328212417E+001  0.296973022892220E+001  0.284780640531095E+001
  0.100000000000000E+001  0.369506581233724E+001  0.287409997431820E+001  0.294117089961703E+001
  0.100000000000000E+001  0.369304576833417E+001  0.300615498446412E+001  0.286864646300259E+001
  0.100000000000000E+001  0.371338459781469E+001  0.118169256971636E+002  0.293585746624162E+001
  0.100000000000000E+001  0.371324818015615E+001  0.121898579135920E+002  0.303805285776333E+001
  0.100000000000000E+001  0.371038235645094E+001  0.120525311210428E+002  0.317851808018863E+001
  0.100000000000000E+001  0.369325557772964E+001  0.120100722406704E+002  0.313190904017099E+001
  0.100000000000000E+001  0.369303568610050E+001  0.118697602569051E+002  0.298213487754360E+001
  0.100000000000000E+001  0.368242924602026E+001  0.296301572034195E+001  0.120728510553097E+002
  0.100000000000000E+001  0.368499689074143E+001  0.120208856444807E+002  0.309384320847757E+001
  0.100000000000000E+001  0.367932369283863E+001  0.120595768947847E+002  0.300448927920261E+001
  0.100000000000000E+001  0.367614998745345E+001  0.120030035171612E+002  0.298033191622389E+001
