  0.100000000000000E+001  0.454066130489327E+004  0.359028239471525E+002  0.503328466694119E+002  0.346200779128052E+002  0.114314731215893E+002 -0.169260822195920E+002
  0.100000000000000E+001  0.715734409902104E+004  0.580283278711355E+002  0.534958287978040E+002 -0.202724585717038E+002 -0.339295930581394E+002 -0.204313698805381E+002
  0.100000000000000E+001  0.257195045977886E+004 -0.753181392645733E+001  0.403873254006792E+002 -0.145480402709680E+002 -0.330305065090627E+001 -0.368793667121483E+002
  0.100000000000000E+001  0.534820174059090E+004 -0.447013465780572E+002  0.545848452885207E+002 -0.596916875403409E+001  0.332946114491629E+002 -0.144510004083134E+002
  0.100000000000000E+001  0.511756565111617E+004  0.457106913149027E+002 -0.182872167050034E+002 -0.397564934760968E+002  0.147893332544240E+002  0.412237473448832E+002
  0.100000000000000E+001  0.200159309850726E+004 -0.457399391645150E+001  0.253253225964108E+002  0.158243520232167E+002 -0.419811732266026E+002  0.754352505865513E+001
  0.100000000000000E+001  0.456538654806559E+004 -0.434301208964303E+002  0.708537370004852E+001  0.215276566370090E+002 -0.153237066440331E+001 -0.564115403865414E+002
  0.100000000000000E+001  0.890465957423382E+004  0.562571653324662E+002 -0.890719598249979E+001 -0.495637500565320E+002  0.496078965816868E+002  0.419392176978814E+002
  0.100000000000000E+001  0.247474498220568E+004 -0.265638293279312E+002 -0.321635171609808E+002  0.172146760467188E+002  0.141093718372467E+001 -0.311506234295451E+002
  0.100000000000000E+001  0.101555563821189E+004 -0.951965505382394E+001  0.202996596209586E+001  0.125252053376299E+002  0.374089921292780E+002  0.186762963034902E+001
  0.100000000000000E+001  0.416106577079951E+004  0.318608152243671E+002 -0.382423242158781E+001 -0.441878879347888E+002  0.155190810068489E+002  0.413822006224060E+002
  0.100000000000000E+001  0.508299725717181E+004  0.354462137858958E+002 -0.338375211064412E+002 -0.114019139972091E+002  0.433162756872475E+002 -0.378472997317781E+002
  0.100000000000000E+001  0.649494417569113E+004  0.315373343014226E+002 -0.580053456260318E+002  0.254871542356162E+002 -0.119817992779690E+002 -0.489232008547784E+002
  0.100000000000000E+001  0.588023114847263E+004  0.494383449007355E+002  0.529164924056962E+002 -0.315597161779755E+002 -0.405372948076198E+001 -0.239294397817993E+002
  0.100000000000000E+001  0.303018693841433E+004 -0.140158789297819E+002 -0.314910844375401E+002 -0.452641709325150E+002  0.926578856543161E+001 -0.224376403072779E+002
  0.100000000000000E+001  0.211637909194374E+004 -0.130694305238155E+002 -0.157556342012349E+002  0.235195731502779E+002 -0.891960459040708E+001  0.424870746003892E+002
  0.100000000000000E+001  0.441729292432353E+004  0.621855832548351E+001  0.445003941436666E+002 -0.437712597815089E+002 -0.352625776737161E+002 -0.444799624326986E+001
  0.100000000000000E+001  0.376510091254294E+004 -0.449773854687073E+002  0.105164821748851E+002 -0.434290464984576E+002  0.230458215602218E+002  0.216925445169606E+001
  0.100000000000000E+001  0.660753400180514E+004  0.402349263291426E+002 -0.580260711269987E+002  0.346545577376982E+002 -0.379719940008688E+002  0.549373383670518E+001
  0.100000000000000E+001  0.421195137336025E+004 -0.354980794597212E+002 -0.270286037408955E+002 -0.413450887397213E+002  0.513918437148362E+001 -0.346868435925217E+002
  0.100000000000000E+001  0.410503146711093E+004  0.345226030650502E+002  0.526010702028109E+002 -0.193106155702773E+001 -0.163559567790879E+002  0.285995534243216E+002
  0.100000000000000E+001  0.379681917060408E+004  0.526970142491739E+002  0.621522408234206E+001 -0.210253029014627E+002  0.383361533076927E+002  0.377382253888166E+001
  0.100000000000000E+001  0.568040696611784E+004 -0.508746477527559E+002 -0.475146008039387E+002  0.358645695942067E+002 -0.532043735419005E+001 -0.206946625123173E+002
  0.100000000000000E+001  0.155482146763745E+004  0.349764086364729E+002  0.146950007067711E+001 -0.169651700502860E+002 -0.238958103518982E+002 -0.779903303381862E+001
  0.100000000000000E+001  0.482685334102540E+004  0.217012451358230E+002 -0.279516309714862E+002  0.406317567484302E+002  0.640444741628126E+001  0.532835954850172E+002
  0.100000000000000E+001  0.478547283111159E+004 -0.208453688496775E+000  0.279303911364542E+002  0.281930474057057E+002 -0.552410306749064E+002  0.339784411834295E+002
  0.100000000000000E+001  0.548170003924748E+004 -0.453525085099578E+002  0.327825668674095E+002  0.249080904310127E+001 -0.390995276326113E+001  0.581608977808070E+002
  0.100000000000000E+001  0.825395114154702E+004  0.226414912349493E+002  0.440053264455005E+002  0.476030817145946E+002 -0.485702990222156E+002 -0.451877709776627E+002
  0.100000000000000E+001  0.969523798130939E+004  0.503343388220153E+002 -0.518440698344610E+002 -0.417551873050102E+002 -0.553511602597608E+002 -0.257773534433704E+002
  0.100000000000000E+001  0.478861313123033E+004 -0.447453691037132E+002 -0.155564205473773E+002 -0.327669438011826E+002 -0.400075009663772E+002  0.256107030722240E+002
  0.100000000000000E+001  0.314777331928853E+004  0.372536004849573E+002 -0.440263330222130E+002 -0.165576519446943E+002 -0.536477658674514E+000 -0.178470781845441E+002
  0.100000000000000E+001  0.101816276204185E+005 -0.568704434264973E+002 -0.249055674765558E+002 -0.527242119043229E+002  0.575246091288325E+002  0.357697567306061E+002
  0.100000000000000E+001  0.544308423296534E+004  0.391088136589400E+002  0.255732813948904E+001  0.576717387155641E+002 -0.138049997481020E+002  0.378772085085539E+002
  0.100000000000000E+001  0.419613055138162E+004  0.448901122496696E+002  0.956166934672771E+001  0.205782666491091E+002  0.452541162150548E+002 -0.203501234512701E+002
  0.100000000000000E+001  0.693750798239891E+004  0.591935441412704E+002 -0.469504526816721E+002 -0.142210636043764E+002 -0.154942504969559E+001  0.458184399216022E+002
  0.100000000000000E+001  0.691020898664123E+004 -0.592602878918889E+002 -0.232927205887581E+002  0.444090067706619E+002  0.430851677636379E+002  0.101686401310076E+002
  0.100000000000000E+001  0.385856871471263E+004  0.222379652020437E+002 -0.361463079275310E+002  0.112296815245072E+002 -0.453707650746503E+002 -0.259055956726231E+002
  0.100000000000000E+001  0.320625466772039E+004  0.590683781452691E+002  0.216714388078151E+002 -0.138553387416989E+002  0.110231368958846E+002  0.249566221827334E+001
  0.100000000000000E+001  0.584952868221889E+004  0.407689450630250E+002 -0.513408125421005E+002 -0.213480964330391E+002  0.829691731026668E+001  0.440975007854874E+002
  0.100000000000000E+001  0.167755272009518E+004 -0.721095545378842E+001  0.103521126273921E+002  0.480087325178364E+002 -0.609666789669023E+001 -0.523126306941512E+001
  0.100000000000000E+001  0.201019410758317E+004  0.170610646105659E+002  0.165853589609186E+002  0.136486150458116E+001  0.296409231553310E+002 -0.335457744046734E+002
  0.100000000000000E+001  0.566975674254168E+004 -0.338692913278618E+002  0.489422331849834E+002 -0.242918575919226E+002  0.237960278071390E+002  0.429021637223585E+002
  0.100000000000000E+001  0.349270516090643E+004  0.173806275791082E+002 -0.110207269447565E+002 -0.314815342629909E+002  0.348368176900694E+002  0.392452093823388E+002
  0.100000000000000E+001  0.810230325553592E+004 -0.124404197853223E+002  0.497822078914238E+002  0.416703546698787E+002  0.423590863643231E+002 -0.539246052604942E+002
  0.100000000000000E+001  0.547306732969414E+004  0.588626223392197E+001  0.260100843794802E+000  0.357979818240060E+002 -0.441825060387428E+002  0.568569404281932E+002
  0.100000000000000E+001  0.327590909357884E+004  0.563378050937850E+002 -0.715160761143241E+001 -0.322673168021211E+002 -0.486550949577785E+001 -0.187859512597225E+001
  0.100000000000000E+001  0.309069460653056E+004 -0.164334411895199E+002 -0.142377839967318E+002  0.607654879218747E+001 -0.154649421380609E+002 -0.582974518807577E+002
  0.100000000000000E+001  0.503088462095899E+004 -0.414269595185240E+002  0.123347920475526E+002  0.161167405229869E+002  0.573241565098727E+002 -0.255740112490188E+002
  0.100000000000000E+001  0.647223966429515E+004 -0.144529714331062E+001 -0.512113607594469E+002 -0.582081446333356E+002  0.288721302716191E+002  0.260908568062928E+002
  0.100000000000000E+001  0.399696718859011E+004 -0.487840727115434E+002  0.367160861786219E+002 -0.275214177560144E+002 -0.194402551856159E+002 -0.388028226888288E+000
  0.100000000000000E+001  0.401555084278807E+004  0.484045923841963E+002 -0.298252640715595E+002  0.508686814880119E+001  0.207042038515552E+002  0.344581206630811E+002
  0.100000000000000E+001  0.780586280936389E+004 -0.192919461728737E+002 -0.535493105570467E+002  0.503214136842732E+002  0.548851342744754E+002 -0.316948338027335E+001
  0.100000000000000E+001  0.757680167932551E+004  0.363092521323659E+002 -0.385191858854613E+002  0.500798117798222E+002 -0.409622734870708E+002 -0.384866686109290E+002
  0.100000000000000E+001  0.676317675443583E+004  0.160040945185990E+002  0.557629662538355E+002 -0.381867070126616E+002  0.508302667722882E+002  0.190175349291385E+002
  0.100000000000000E+001  0.637478387605691E+004  0.391740551480240E+002  0.454316621770893E+002 -0.363378300074613E+002  0.456593810377281E+002  0.132332124498842E+002
  0.100000000000000E+001  0.103509107957300E+005  0.489892987225186E+002  0.213516482120635E+002 -0.551323224950432E+002 -0.597084107443827E+002 -0.444452253596756E+002
  0.100000000000000E+001  0.808997885254235E+004  0.586043056568323E+002 -0.423192454883212E+002 -0.544743213764215E+001 -0.547249687895268E+002  0.300498864260388E+002
  0.100000000000000E+001  0.659677425676127E+004  0.514117770048348E+002 -0.475688825972693E+002  0.352237692580574E+002  0.203236821689258E+002  0.309206246303318E+002
  0.100000000000000E+001  0.457962619306475E+004 -0.345189057164331E+002  0.311159677892276E+002  0.285471554265103E+002  0.255735638601645E+002  0.406876400682295E+002
  0.100000000000000E+001  0.583674287076295E+004  0.523036594576519E+002 -0.599249722544085E+002 -0.226645359525513E+002  0.839547981960777E+001 -0.390032906554018E+001
  0.100000000000000E+001  0.836061204121470E+004 -0.510114821372066E+002  0.356672450371620E+002 -0.479485882065187E+002 -0.531500021753477E+002 -0.177794594624627E+002
  0.100000000000000E+001  0.565962189390776E+004  0.190831207172533E+002  0.131295720427423E+002 -0.555747012890824E+002 -0.755963782616946E+001 -0.545864445691457E+002
  0.100000000000000E+001  0.962763866047811E+004  0.477132937272180E+002 -0.471175233158878E+002  0.538721847521922E+002 -0.229852127125031E+002  0.516598613534148E+002
  0.100000000000000E+001  0.292867317109931E+004  0.348039217131568E+002 -0.441931209642826E+002 -0.102494396053387E+002 -0.198796982343809E+002 -0.622477981619640E+001
  0.100000000000000E+001  0.297632813554896E+004  0.268747856381580E+002 -0.101903550322006E+002 -0.460911028532112E+002 -0.249640778812134E+002  0.146720285515437E+002
  0.100000000000000E+001  0.841530765936968E+004 -0.420257882930581E+002  0.457037993794449E+001 -0.499991756838034E+002  0.426337570206994E+002 -0.579740368621159E+002
  0.100000000000000E+001  0.468412900255219E+004 -0.243466532494613E+002 -0.261887230841795E+002  0.375737082687944E+002  0.130332893570542E+002 -0.525990691383934E+002
  0.100000000000000E+001  0.808797370141392E+004 -0.454245369299404E+002 -0.564380314303844E+002  0.138562860044573E+002 -0.305766538837320E+002 -0.522683132795590E+002
  0.100000000000000E+001  0.465552763939639E+004  0.290384459335330E+002 -0.316314190849943E+001  0.445303750370956E+002 -0.518887870729489E+002 -0.744826568464654E+001
  0.100000000000000E+001  0.427109142523662E+004  0.464232779873225E+002  0.698947594804356E+001  0.121668209758293E+002 -0.996601450050780E+001  0.525508583827149E+002
  0.100000000000000E+001  0.381664947516115E+004  0.275041820408742E+001  0.178149463992823E+002 -0.544665575998647E+002 -0.258034748102427E+002 -0.289728997039907E+002
  0.100000000000000E+001  0.453674364755244E+004 -0.492382413622375E+002  0.480646808376509E+002 -0.104129562769857E+002 -0.208665191213098E+002 -0.115697826399156E+002
  0.100000000000000E+001  0.405394998466095E+004 -0.339344416359178E+002  0.189557415606784E+001 -0.118224477034319E+002 -0.222467437755746E+002  0.574861368242331E+002
  0.100000000000000E+001  0.566906788167219E+004  0.498877881850907E+002 -0.568133572578447E+002  0.169609975851453E+002 -0.534252158612440E+001  0.257561389305066E+002
  0.100000000000000E+001  0.363624969672043E+004  0.222120398316450E+002 -0.203928620529285E+002  0.113395660906792E+001  0.175423715138036E+002 -0.590794877650171E+002
  0.100000000000000E+001  0.558181021477585E+004  0.246127187201940E+002  0.257450787629207E+002  0.459403031107931E+002 -0.566184456479030E+002 -0.449832208688942E+001
  0.100000000000000E+001  0.663449056554422E+004 -0.202851222849683E+002  0.354823212777072E+002  0.101554585051332E+002 -0.560126156726726E+002 -0.522926929154645E+002
  0.100000000000000E+001  0.510003411102892E+003  0.892483526833782E+001 -0.272556333968999E+002  0.701843256550841E+001 -0.766569703060006E+001  0.392213597853662E+001
  0.100000000000000E+001  0.100166975891503E+005 -0.541107831221135E+002 -0.350791020196440E+002  0.466101511230211E+002  0.433091666483274E+002 -0.527542748670969E+002
  0.100000000000000E+001  0.414150163836378E+004 -0.521240114341513E+002 -0.115431048918216E+002  0.107946876575531E+002  0.449645662613700E+002  0.928973317627390E+001
  0.100000000000000E+001  0.605775111579455E+004 -0.298030359358408E+002  0.351641196036564E+002  0.313669916096992E+002 -0.322190869950824E+002  0.536104086489637E+002
  0.100000000000000E+001  0.216121377453921E+004  0.111712230666222E+002  0.318858536517859E+001  0.190160348743006E+002  0.346572337721976E+002 -0.323646771671633E+002
  0.100000000000000E+001  0.561111853241912E+004  0.303742400098839E+002 -0.456483857904736E+002  0.521995705829006E+001 -0.563663619304973E+002 -0.204565905094877E+002
  0.100000000000000E+001  0.412406169230987E+004 -0.446625613977735E+002 -0.171058511723523E+002  0.115704336182182E+002 -0.354391324322735E+002 -0.350850674550716E+002
  0.100000000000000E+001  0.634086134556489E+004  0.424165498722777E+002 -0.540669021391671E+002 -0.545970907537047E+000  0.308073047995186E+002 -0.405120757278638E+002
  0.100000000000000E+001  0.483889252541526E+004 -0.998324941330886E+001  0.304385235724948E+002  0.333529335646840E+002  0.590892040347009E+002 -0.167739686368740E+002
  0.100000000000000E+001  0.822582481452464E+003  0.253136297420073E+002 -0.205642919413863E+002  0.189849461507951E+001 -0.121524574579641E+002  0.217007675519745E+001
  0.100000000000000E+001  0.433210042269661E+004  0.881104126399151E+001  0.393646480155237E+002 -0.392330327961140E+002  0.171859620407367E+002 -0.393713619280765E+002
  0.100000000000000E+001  0.403365037311288E+004  0.172193738512340E+002 -0.592666907846214E+002 -0.135269840013787E+002 -0.244106959361797E+002 -0.228448234578996E+002
  0.100000000000000E+001  0.428488848557973E+004  0.516603611107779E+002  0.239088167088550E+002 -0.390723684827052E+002  0.147520522318555E+002 -0.149736058466207E+002
  0.100000000000000E+001  0.330913414227048E+004 -0.154189136807403E+002  0.565389917707072E+002  0.219192129429655E+002  0.180085536049729E+002  0.956891863420891E+001
  0.100000000000000E+001  0.267709386347185E+004  0.219131349395299E+002  0.303268992883130E+002  0.231980503301380E+002  0.319312042295612E+002  0.157756431550515E+002
  0.100000000000000E+001  0.699443393523988E+004 -0.239693231481798E+002  0.408318213165821E+002  0.442784391136500E+002  0.445028620133572E+002 -0.399080483707468E+002
  0.100000000000000E+001  0.456296066229212E+004 -0.229895749934581E+002  0.110489787391144E+002 -0.532180311368642E+002  0.232638492102747E+002  0.386544420730331E+002
  0.100000000000000E+001  0.791336983797527E+004 -0.208719550888632E+002 -0.528509352516149E+002 -0.309940478181668E+002  0.482576827529617E+002  0.484035571692133E+002
  0.100000000000000E+001  0.579207954426003E+004 -0.446155393696833E+002  0.103324913448680E+002  0.325678604091348E+001 -0.490994150044605E+002 -0.463272330199110E+002
  0.100000000000000E+001  0.767493960263719E+004  0.562359950815887E+002 -0.253220880642657E+002 -0.412635259424641E+002 -0.454486423538162E+002 -0.334442396710782E+002
  0.100000000000000E+001  0.344193343662805E+004 -0.189791192217677E+002 -0.315314253009164E+002 -0.782502071978534E+001 -0.481415864113153E+002 -0.237127547981621E+002
  0.100000000000000E+001  0.175737511973034E+004  0.515747066649129E+001 -0.143142449799551E+002  0.351577382330118E+002 -0.155768131577667E+002  0.253207369605168E+002
  0.100000000000000E+001  0.398766545986854E+004 -0.826176711871737E+001  0.191625060732755E+002  0.552705991322951E+002  0.349882273174621E+002  0.164138491216684E+002
  0.100000000000000E+001  0.185697509851106E+004 -0.100272176041263E+002  0.182877160074105E+002  0.150367199020343E+002  0.157218341994190E+002  0.406516075846694E+002
  0.100000000000000E+001  0.516416266876179E+004  0.543378126824532E+002  0.441992205618360E+002  0.199216830392497E+002  0.270084634346668E+002 -0.104513156814608E+002
  0.100000000000000E+001  0.512630614135657E+004 -0.115600328629356E+002 -0.443525940184218E+002  0.464488323797848E+002  0.343518365759219E+002 -0.225336136046244E+002
  0.100000000000000E+001  0.138323088874475E+004 -0.158223969328923E+002  0.189806629830879E+002 -0.363873520025681E+002 -0.766118353078420E+001 -0.290544534165566E+001
  0.100000000000000E+001  0.330538927892065E+004  0.400823563094189E+002 -0.361875048047012E+002  0.143265564145764E+002 -0.266690131610789E+002 -0.128541723493059E+002
  0.100000000000000E+001  0.827679802356331E+004 -0.557129685129349E+002 -0.501001501560618E+002  0.668193254033361E+001  0.493411233855393E+002  0.344777235745947E+002
  0.100000000000000E+001  0.659968559180113E+004  0.592538097492739E+002  0.536732702367895E+002  0.750213677891949E+001  0.283040263398169E+002 -0.206479667387692E+002
  0.100000000000000E+001  0.659830300314290E+004  0.519826373705683E+002  0.399021125772198E+002 -0.125360742207574E+002 -0.148259910220205E+002  0.537924339933279E+002
  0.100000000000000E+001  0.490811751999642E+004  0.462159757824935E+002 -0.520790661586233E+002 -0.102315988953476E+001  0.312497098540045E+002 -0.384352523544801E+001
  0.100000000000000E+001  0.405493734084318E+004 -0.375561894415279E+001  0.399080510559343E+002  0.486603079050413E+002  0.619210053875416E+001  0.301003193733847E+002
  0.100000000000000E+001  0.631445476009805E+004 -0.312470086462034E+002  0.533843596452676E+002  0.350330275687952E+002  0.400904569847524E+002 -0.247412489926827E+002
  0.100000000000000E+001  0.493695593879496E+004  0.285617663467213E+002  0.476150887373683E+002  0.171596232950662E+002 -0.468636173253563E+002 -0.143682617308697E+002
  0.100000000000000E+001  0.282299110402451E+004  0.901352219956945E+001 -0.683924234568377E+001  0.496516948103547E+002  0.278123352842738E+002  0.184390890525798E+002
  0.100000000000000E+001  0.460328916414609E+004 -0.498872353937850E+002  0.378253418048232E+002  0.181246004842494E+002 -0.337837574407530E+002  0.101246402046611E+002
  0.100000000000000E+001  0.220621051705377E+004  0.315365553076304E+002 -0.883771208346162E+001 -0.947903089302209E+001  0.389754892295634E+002  0.139617568169955E+002
  0.100000000000000E+001  0.393168548507937E+004  0.114945668526929E+002 -0.522231964195811E+002 -0.433128840162597E+002 -0.565578281280686E+000  0.114563046455458E+002
  0.100000000000000E+001  0.771286744639839E+004 -0.110029017008722E+001  0.406496752308073E+002 -0.527984687009433E+002  0.454635127414672E+002 -0.463835252250049E+002
  0.100000000000000E+001  0.401005993920197E+004 -0.356819694070944E+002  0.148304249636617E+002 -0.355286281874313E+002 -0.260146939412475E+002  0.343905303879062E+002
  0.100000000000000E+001  0.134090667754448E+004 -0.915507186638621E+000 -0.377022951577119E+002 -0.143379961621032E+002 -0.166003789933638E+002 -0.907255560086871E+001
  0.100000000000000E+001  0.258205904520239E+004  0.171016031991315E+002  0.715010626282792E+001  0.540464567028603E+001  0.372317860611653E+002  0.385283144415280E+002
  0.100000000000000E+001  0.564198991546433E+004 -0.154055896940220E+002 -0.251015791739926E+002  0.387350055034669E+002 -0.579996528731334E+002 -0.310001892250450E+002
  0.100000000000000E+001  0.820523488236472E+003  0.390079998485433E+000 -0.134762231745943E+002  0.155452374512272E+002  0.548452484829630E+001 -0.289166310219637E+002
  0.100000000000000E+001  0.541580785730095E+004 -0.211685238256812E+002  0.463204677271302E+002 -0.591263435398866E+001 -0.189385841771773E+002 -0.591863510021871E+002
  0.100000000000000E+001  0.431719140946415E+004 -0.356938522453380E+002 -0.274192304242557E+002  0.180573206362005E+002  0.366635228571584E+002  0.352863512467057E+002
  0.100000000000000E+001  0.621431645500870E+003  0.154557393346335E+002  0.841491326769058E+001 -0.178703037492528E+002 -0.140428980392874E+002  0.658839510341261E+001
